==============================================
BLEU GOLD:                               32.40
BLEU IN:                                 61.59
SIM GOLD:                               0.8863
SIM IN:                                 0.9732
==============================================
       BLEU GOLD | BLEU IN | SIM GOLD | SIM IN
0001 -      0.00 |    0.00 |     0.84 |   0.91
0002 -     83.78 |  100.00 |     0.96 |   1.00
0003 -     96.91 |  100.00 |     0.84 |   1.00
0004 -     42.70 |  100.00 |     0.91 |   1.00
0005 -     65.78 |   46.32 |     0.94 |   0.98
0006 -      0.00 |    0.00 |     0.86 |   0.99
0007 -     46.72 |   88.20 |     0.88 |   0.93
0008 -      0.00 |    0.00 |     0.57 |   0.79
0009 -      0.00 |    0.00 |     0.65 |   0.84
0010 -     11.38 |  100.00 |     0.99 |   1.00
0011 -     98.94 |  100.00 |     0.87 |   1.00
0012 -     68.21 |  100.00 |     0.95 |   1.00
0013 -      0.00 |    0.00 |     0.96 |   1.00
0014 -      0.00 |   97.76 |     0.79 |   1.00
0015 -     52.66 |   52.42 |     0.93 |   0.98
0016 -     56.92 |  100.00 |     0.81 |   1.00
0017 -      0.00 |  100.00 |     0.62 |   1.00
0018 -      0.00 |    0.00 |     0.92 |   1.00
0019 -      0.00 |   95.88 |     0.95 |   0.98
0020 -     48.15 |   43.98 |     0.85 |   1.00
0021 -     80.85 |  100.00 |     0.96 |   1.00
0022 -      0.00 |    0.00 |     0.95 |   1.00
0023 -      0.00 |  100.00 |     0.92 |   1.00
0024 -     74.34 |  100.00 |     0.99 |   1.00
0025 -     12.49 |   12.63 |     0.83 |   0.91
0026 -     96.49 |   99.28 |     0.99 |   1.00
0027 -     40.32 |   98.13 |     0.93 |   1.00
0028 -     75.07 |   63.63 |     0.92 |   1.00
0029 -     61.76 |   60.91 |     0.93 |   0.98
0030 -     29.79 |   98.72 |     0.96 |   0.96
0031 -     58.83 |  100.00 |     0.93 |   1.00
0032 -     17.64 |   98.45 |     0.90 |   0.97
0033 -     56.71 |  100.00 |     0.87 |   1.00
0034 -     88.56 |   95.65 |     0.98 |   1.00
0035 -     50.47 |  100.00 |     0.87 |   1.00
0036 -     16.12 |   98.91 |     0.97 |   0.99
0037 -      7.47 |   21.38 |     0.87 |   1.00
0038 -     14.29 |   73.41 |     0.81 |   0.93
0039 -     26.93 |   20.87 |     0.94 |   1.00
0040 -     56.08 |   43.23 |     0.87 |   0.98
0041 -     47.76 |  100.00 |     0.93 |   1.00
0042 -     76.41 |   95.05 |     0.90 |   0.96
0043 -      5.95 |    8.49 |     0.95 |   0.97
0044 -     98.29 |  100.00 |     0.92 |   1.00
0045 -     38.31 |   32.37 |     0.91 |   0.98
0046 -      0.00 |    0.00 |     0.98 |   1.00
0047 -     19.15 |    0.00 |     0.91 |   0.99
0048 -     26.21 |   19.47 |     0.92 |   0.98
0049 -     58.51 |   55.70 |     0.98 |   1.00
0050 -     44.89 |   99.32 |     0.90 |   0.96
0051 -      0.00 |    0.00 |     0.90 |   0.96
0052 -     28.91 |    0.00 |     0.94 |   0.99
0053 -      0.00 |    0.00 |     0.75 |   0.83
0054 -     52.43 |   31.02 |     0.91 |   0.98
0055 -     99.08 |    4.86 |     0.92 |   1.00
0056 -     76.08 |  100.00 |     0.98 |   1.00
0057 -      0.00 |    0.00 |     0.98 |   0.95
0058 -      6.86 |    6.99 |     0.90 |   0.86
0059 -      0.00 |    0.00 |     0.81 |   0.97
0060 -      0.00 |    0.00 |     0.94 |   0.99
0061 -     17.76 |  100.00 |     0.99 |   0.99
0062 -     69.31 |  100.00 |     0.97 |   1.00
0063 -     26.21 |   92.77 |     0.90 |   0.95
0064 -     95.01 |   61.15 |     0.90 |   0.91
0065 -      5.90 |    7.20 |     0.85 |   0.88
0066 -     43.71 |  100.00 |     0.93 |   1.00
0067 -     63.12 |   95.15 |     0.98 |   0.99
0068 -     72.48 |   95.24 |     0.71 |   0.98
0069 -      0.00 |    0.00 |     0.88 |   0.94
0070 -     24.70 |   97.60 |     0.96 |   1.00
0071 -      4.33 |    9.19 |     0.92 |   0.97
0072 -     66.70 |   98.90 |     0.84 |   1.00
0073 -      0.00 |    0.00 |     0.80 |   0.91
0074 -      0.00 |    0.00 |     0.77 |   0.93
0075 -     63.74 |   96.28 |     0.96 |   0.99
0076 -     35.81 |   29.14 |     0.84 |   0.98
0077 -     63.55 |   56.51 |     0.93 |   0.98
0078 -      0.00 |    0.00 |     0.76 |   0.87
0079 -     22.99 |   82.17 |     0.93 |   0.97
0080 -     66.36 |  100.00 |     0.94 |   1.00
0081 -     82.45 |  100.00 |     0.94 |   1.00
0082 -      0.00 |  100.00 |     0.90 |   1.00
0083 -     19.97 |   98.51 |     0.95 |   0.96
0084 -     54.96 |   63.42 |     0.85 |   1.00
0085 -     57.91 |  100.00 |     0.73 |   1.00
0086 -      0.00 |  100.00 |     0.89 |   1.00
0087 -     81.95 |  100.00 |     0.90 |   1.00
0088 -     15.77 |    0.00 |     0.96 |   0.98
0089 -     31.31 |   31.57 |     0.89 |   0.94
0090 -     75.46 |   91.35 |     0.84 |   0.99
0091 -      0.00 |   70.07 |     0.83 |   0.92
0092 -     53.78 |   83.33 |     0.95 |   0.99
0093 -      0.00 |    9.53 |     0.84 |   0.97
0094 -      0.00 |    0.00 |     0.83 |   0.93
0095 -     98.06 |  100.00 |     0.94 |   1.00
0096 -      0.00 |    0.00 |     0.89 |   0.95
0097 -      0.00 |    0.00 |     0.82 |   0.89
0098 -     53.02 |   81.21 |     0.79 |   0.86
0099 -     76.50 |  100.00 |     0.87 |   1.00
0100 -     34.02 |   51.10 |     0.64 |   0.96
0101 -     39.95 |   99.18 |     0.78 |   0.97
0102 -      0.00 |    0.00 |     0.95 |   0.99
0103 -      0.00 |    0.00 |     0.95 |   0.98
0104 -     49.64 |   98.84 |     0.93 |   0.98
0105 -     48.80 |  100.00 |     0.93 |   1.00
0106 -     91.92 |   98.36 |     0.96 |   0.99
0107 -     52.50 |    0.00 |     0.79 |   0.91
0108 -     45.17 |   97.76 |     0.75 |   0.92
0109 -      0.00 |    6.80 |     0.83 |   0.95
0110 -     11.76 |   78.94 |     0.87 |   0.96
0111 -     56.54 |  100.00 |     0.95 |   1.00
0112 -     49.91 |  100.00 |     0.95 |   1.00
0113 -     15.24 |  100.00 |     0.94 |   1.00
0114 -      0.00 |    0.00 |     0.93 |   0.92
0115 -     66.04 |  100.00 |     0.99 |   1.00
0116 -     55.21 |  100.00 |     0.91 |   1.00
0117 -     19.16 |   98.85 |     0.97 |   0.98
0118 -     13.46 |   12.84 |     0.92 |   0.98
0119 -      0.00 |    0.00 |     0.87 |   0.93
0120 -      0.00 |    0.00 |     0.94 |   0.96
0121 -      0.00 |  100.00 |     0.82 |   1.00
0122 -     68.72 |   95.08 |     0.93 |   0.96
0123 -     25.41 |   61.58 |     0.92 |   0.98
0124 -     43.07 |  100.00 |     0.58 |   1.00
0125 -      0.00 |  100.00 |     0.95 |   1.00
0126 -      0.00 |   93.97 |     0.93 |   0.97
0127 -     71.34 |  100.00 |     0.94 |   1.00
0128 -      6.58 |    0.00 |     0.89 |   1.00
0129 -     16.39 |   17.37 |     0.76 |   0.94
0130 -     56.78 |   81.31 |     0.95 |   0.99
0131 -     64.20 |   98.89 |     0.91 |   0.97
0132 -     59.76 |  100.00 |     0.81 |   1.00
0133 -     16.62 |   55.66 |     0.96 |   1.00
0134 -      0.00 |    0.00 |     0.92 |   0.96
0135 -     41.14 |   95.54 |     0.97 |   1.00
0136 -     31.60 |   98.98 |     0.93 |   0.97
0137 -     13.35 |  100.00 |     0.97 |   1.00
0138 -      0.00 |  100.00 |     0.80 |   1.00
0139 -     60.84 |   99.54 |     0.95 |   1.00
0140 -     21.00 |   94.69 |     0.91 |   0.99
0141 -     32.43 |   25.47 |     0.87 |   0.99
0142 -     67.86 |  100.00 |     0.75 |   1.00
0143 -     42.52 |   39.47 |     0.85 |   0.91
0144 -     13.40 |   13.26 |     0.87 |   0.96
0145 -     31.46 |   99.49 |     0.96 |   0.99
0146 -     56.94 |   72.69 |     0.96 |   0.99
0147 -     15.87 |    0.00 |     0.77 |   0.91
0148 -     34.33 |   38.00 |     0.87 |   0.99
0149 -      0.00 |  100.00 |     0.96 |   1.00
0150 -     31.80 |   93.34 |     0.81 |   0.99
0151 -      0.00 |   28.28 |     0.73 |   0.91
0152 -     98.08 |   74.47 |     0.96 |   1.00
0153 -      0.00 |    0.00 |     0.90 |   0.91
0154 -     14.04 |  100.00 |     0.80 |   1.00
0155 -      6.93 |    6.81 |     0.88 |   0.98
0156 -      0.00 |    0.00 |     0.92 |   0.93
0157 -      0.00 |  100.00 |     0.82 |   1.00
0158 -     59.36 |  100.00 |     0.88 |   1.00
0159 -     26.48 |   63.22 |     0.97 |   1.00
0160 -      0.00 |    0.00 |     0.86 |   0.99
0161 -      0.00 |    0.00 |     0.88 |   1.00
0162 -     32.00 |   38.86 |     1.00 |   0.98
0163 -     77.71 |   86.53 |     0.99 |   1.00
0164 -      0.00 |    0.00 |     0.72 |   0.96
0165 -      0.00 |   70.70 |     0.84 |   0.86
0166 -     21.23 |  100.00 |     0.88 |   1.00
0167 -      0.00 |    0.00 |     0.87 |   0.94
0168 -     30.89 |   95.87 |     0.77 |   0.96
0169 -      0.00 |   30.54 |     0.75 |   1.00
0170 -     42.81 |  100.00 |     0.95 |   1.00
0171 -      0.00 |    0.00 |     0.93 |   0.94
0172 -     48.07 |   49.39 |     0.94 |   1.00
0173 -     96.11 |   98.41 |     0.85 |   1.00
0174 -      0.00 |    0.00 |     0.60 |   0.83
0175 -     25.84 |   99.05 |     0.91 |   0.97
0176 -     15.19 |  100.00 |     0.85 |   1.00
0177 -      0.00 |   42.65 |     0.90 |   1.00
0178 -      0.00 |    0.00 |     0.73 |   0.75
0179 -     21.19 |  100.00 |     0.88 |   1.00
0180 -      0.00 |    0.00 |     0.85 |   0.99
0181 -      0.00 |    0.00 |     0.85 |   0.94
0182 -     11.04 |   97.76 |     0.85 |   0.96
0183 -      0.00 |    0.00 |     0.94 |   0.96
0184 -      0.00 |   22.82 |     0.97 |   1.00
0185 -     33.83 |  100.00 |     0.59 |   1.00
0186 -      0.00 |   45.37 |     0.76 |   0.99
0187 -     31.32 |   23.92 |     0.87 |   0.97
0188 -      0.00 |    0.00 |     0.95 |   1.00
0189 -      0.00 |   34.77 |     0.88 |   0.97
0190 -     20.41 |   21.94 |     0.95 |   1.00
0191 -      8.39 |  100.00 |     0.98 |   1.00
0192 -      0.00 |   42.08 |     0.63 |   0.86
0193 -     44.07 |   64.94 |     0.85 |   0.95
0194 -     68.09 |   90.52 |     0.93 |   0.95
0195 -     94.18 |   95.58 |     0.95 |   0.99
0196 -     30.62 |   29.43 |     0.91 |   0.99
0197 -     97.88 |  100.00 |     0.89 |   1.00
0198 -      0.00 |    0.00 |     0.52 |   0.84
0199 -     20.45 |  100.00 |     0.96 |   1.00
0200 -      0.00 |    0.00 |     0.90 |   1.00
0201 -     58.05 |  100.00 |     0.86 |   1.00
0202 -      0.00 |    0.00 |     0.93 |   0.96
0203 -      0.00 |  100.00 |     0.97 |   1.00
0204 -      0.00 |   13.37 |     0.85 |   1.00
0205 -     94.03 |   99.04 |     0.96 |   0.99
0206 -     12.72 |  100.00 |     0.98 |   1.00
0207 -     40.20 |   40.69 |     0.98 |   0.99
0208 -      0.00 |  100.00 |     0.98 |   1.00
0209 -     63.01 |  100.00 |     0.93 |   1.00
0210 -     39.31 |  100.00 |     0.94 |   1.00
0211 -      0.00 |    0.00 |     0.84 |   0.98
0212 -     37.00 |   38.15 |     0.91 |   1.00
0213 -      5.05 |    5.65 |     0.81 |   0.95
0214 -     18.23 |   78.14 |     0.88 |   0.98
0215 -     86.43 |   81.73 |     0.96 |   1.00
0216 -      6.30 |  100.00 |     0.96 |   1.00
0217 -     31.08 |    0.00 |     0.88 |   0.91
0218 -      0.00 |   98.35 |     0.80 |   0.96
0219 -      0.00 |    0.00 |     0.92 |   0.99
0220 -     77.63 |   37.66 |     0.94 |   0.98
0221 -     71.44 |   63.25 |     0.99 |   1.00
0222 -      0.00 |    0.00 |     0.82 |   0.89
0223 -     79.78 |   98.99 |     0.94 |   0.99
0224 -      0.00 |    0.00 |     0.82 |   0.89
0225 -     57.86 |  100.00 |     0.86 |   1.00
0226 -     82.31 |  100.00 |     0.94 |   1.00
0227 -      7.73 |  100.00 |     0.96 |   1.00
0228 -     27.70 |   94.83 |     0.91 |   0.96
0229 -     51.48 |  100.00 |     0.51 |   1.00
0230 -      0.00 |    0.00 |     0.89 |   0.97
0231 -     55.75 |   73.57 |     0.91 |   1.00
0232 -      0.00 |   97.64 |     0.95 |   1.00
0233 -     18.09 |   98.92 |     0.93 |   1.00
0234 -     88.79 |  100.00 |     0.98 |   1.00
0235 -      0.00 |    0.00 |     0.89 |   0.94
0236 -     29.81 |   71.23 |     0.95 |   0.98
0237 -      8.81 |   50.04 |     0.84 |   0.90
0238 -      0.00 |    0.00 |     0.75 |   0.84
0239 -     97.93 |   98.51 |     0.92 |   1.00
0240 -     43.61 |  100.00 |     0.88 |   1.00
0241 -     17.82 |  100.00 |     0.98 |   1.00
0242 -      7.42 |    0.00 |     0.88 |   0.93
0243 -      0.00 |    0.00 |     0.97 |   0.99
0244 -     70.70 |   91.02 |     0.91 |   0.98
0245 -     57.50 |   97.49 |     0.83 |   1.00
0246 -      0.00 |   27.24 |     0.85 |   1.00
0247 -      0.00 |    0.00 |     0.91 |   0.95
0248 -     95.24 |  100.00 |     0.97 |   1.00
0249 -     16.25 |  100.00 |     0.98 |   1.00
0250 -      0.00 |    0.00 |     0.88 |   0.82
0251 -      0.00 |   98.35 |     0.95 |   0.98
0252 -     42.06 |   91.44 |     0.83 |   0.98
0253 -      0.00 |    0.00 |     0.80 |   0.99
0254 -      0.00 |    0.00 |     0.93 |   0.94
0255 -      0.00 |   22.03 |     0.88 |   0.99
0256 -      0.00 |    0.00 |     0.79 |   0.82
0257 -      0.00 |   91.80 |     0.86 |   0.98
0258 -     44.83 |   93.47 |     0.84 |   0.99
0259 -     67.29 |  100.00 |     0.88 |   1.00
0260 -     42.15 |   99.11 |     0.95 |   1.00
0261 -      7.27 |    7.54 |     0.97 |   0.98
0262 -     13.45 |   14.25 |     0.89 |   0.93
0263 -     69.37 |   20.07 |     0.81 |   0.93
0264 -     18.76 |   98.53 |     0.96 |   0.97
0265 -     43.33 |  100.00 |     0.74 |   1.00
0266 -     20.06 |   97.43 |     0.96 |   0.97
0267 -      0.00 |    0.00 |     0.86 |   0.97
0268 -     56.53 |   82.69 |     0.77 |   0.97
0269 -     48.19 |  100.00 |     0.92 |   1.00
0270 -     99.40 |  100.00 |     0.97 |   1.00
0271 -     20.22 |   23.66 |     0.96 |   1.00
0272 -     33.73 |  100.00 |     0.86 |   1.00
0273 -      0.00 |    0.00 |     0.98 |   1.00
0274 -     92.68 |  100.00 |     0.98 |   1.00
0275 -     98.40 |  100.00 |     0.88 |   1.00
0276 -      0.00 |    0.00 |     0.96 |   1.00
0277 -     46.62 |  100.00 |     0.91 |   1.00
0278 -     69.02 |  100.00 |     0.86 |   1.00
0279 -     97.70 |  100.00 |     0.87 |   1.00
0280 -     90.52 |   97.77 |     0.86 |   1.00
0281 -     92.97 |   98.89 |     0.90 |   0.97
0282 -     41.68 |   41.49 |     0.98 |   0.98
0283 -     41.87 |  100.00 |     0.88 |   1.00
0284 -     25.39 |   93.82 |     0.88 |   0.99
0285 -     58.87 |  100.00 |     0.95 |   1.00
0286 -     63.43 |   97.47 |     0.92 |   0.99
0287 -     86.32 |   91.86 |     0.86 |   0.98
0288 -     16.09 |   15.91 |     0.94 |   0.99
0289 -     68.77 |   90.78 |     0.88 |   0.97
0290 -     98.62 |  100.00 |     0.93 |   1.00
0291 -      0.00 |    0.00 |     0.74 |   0.86
0292 -     55.74 |  100.00 |     0.93 |   1.00
0293 -     39.55 |  100.00 |     0.99 |   1.00
0294 -      0.00 |    0.00 |     0.91 |   0.99
0295 -      0.00 |    0.00 |     0.85 |   0.90
0296 -      0.00 |  100.00 |     0.98 |   1.00
0297 -     56.87 |  100.00 |     0.95 |   1.00
0298 -     11.55 |   52.18 |     0.93 |   1.00
0299 -     21.33 |   95.30 |     0.99 |   0.99
0300 -      0.00 |    0.00 |     0.92 |   0.98
0301 -     52.10 |   90.53 |     0.93 |   0.98
0302 -     66.78 |  100.00 |     0.95 |   1.00
0303 -     44.99 |   99.27 |     0.93 |   0.97
0304 -      0.00 |  100.00 |     0.72 |   1.00
0305 -     99.00 |  100.00 |     0.94 |   1.00
0306 -     24.91 |   13.56 |     0.81 |   0.80
0307 -     27.10 |  100.00 |     0.87 |   1.00
0308 -      0.00 |    0.00 |     0.70 |   0.91
0309 -     14.09 |  100.00 |     0.89 |   1.00
0310 -     51.99 |  100.00 |     0.95 |   1.00
0311 -     35.86 |  100.00 |     0.77 |   1.00
0312 -     64.20 |   61.46 |     0.81 |   0.99
0313 -     63.25 |  100.00 |     0.93 |   1.00
0314 -      0.00 |   97.35 |     0.96 |   1.00
0315 -     84.35 |  100.00 |     0.90 |   1.00
0316 -      0.00 |   66.26 |     0.96 |   1.00
0317 -      0.00 |    0.00 |     0.94 |   0.99
0318 -     43.98 |   41.96 |     0.97 |   1.00
0319 -     71.74 |   39.21 |     0.97 |   0.99
0320 -     78.79 |  100.00 |     0.99 |   1.00
0321 -      0.00 |    0.00 |     0.93 |   0.99
0322 -      0.00 |   15.32 |     0.63 |   0.83
0323 -     29.68 |   20.67 |     0.97 |   1.00
0324 -      0.00 |   98.69 |     0.96 |   0.97
0325 -     72.94 |    0.00 |     0.91 |   0.98
0326 -      0.00 |    0.00 |     0.93 |   0.97
0327 -     43.23 |  100.00 |     0.80 |   1.00
0328 -      0.00 |    0.00 |     0.96 |   0.99
0329 -     46.25 |  100.00 |     0.95 |   1.00
0330 -     85.91 |  100.00 |     0.92 |   1.00
0331 -     33.37 |  100.00 |     0.86 |   1.00
0332 -     41.20 |   98.62 |     0.76 |   0.94
0333 -      0.00 |    0.00 |     0.89 |   0.92
0334 -     45.68 |    0.00 |     0.95 |   0.98
0335 -      0.00 |   36.68 |     0.92 |   0.96
0336 -      7.02 |  100.00 |     0.95 |   1.00
0337 -     77.57 |   93.08 |     0.97 |   0.99
0338 -     11.15 |   97.74 |     0.90 |   0.99
0339 -      0.00 |    0.00 |     0.93 |   0.97
0340 -     86.87 |   97.84 |     0.90 |   1.00
0341 -     58.37 |   64.44 |     0.78 |   0.92
0342 -     47.53 |  100.00 |     0.96 |   1.00
0343 -     24.03 |  100.00 |     0.92 |   1.00
0344 -      0.00 |  100.00 |     0.93 |   1.00
0345 -      0.00 |    8.17 |     0.94 |   0.96
0346 -     16.57 |  100.00 |     0.92 |   1.00
0347 -     76.74 |   97.45 |     0.96 |   0.98
0348 -     66.99 |  100.00 |     0.97 |   1.00
0349 -     35.35 |   88.34 |     0.78 |   0.98
0350 -     61.46 |  100.00 |     0.83 |   1.00
0351 -     27.98 |   20.84 |     0.94 |   0.99
0352 -      0.00 |    0.00 |     0.82 |   0.94
0353 -     39.78 |  100.00 |     0.97 |   1.00
0354 -     47.19 |   57.39 |     0.96 |   0.99
0355 -     14.36 |   14.64 |     0.88 |   0.99
0356 -     97.84 |  100.00 |     0.94 |   1.00
0357 -     79.78 |   79.53 |     0.95 |   1.00
0358 -      0.00 |    0.00 |     0.86 |   0.96
0359 -     34.42 |   31.39 |     0.91 |   0.95
0360 -      0.00 |    0.00 |     0.94 |   0.94
0361 -     76.50 |  100.00 |     0.98 |   1.00
0362 -     15.60 |   85.87 |     0.93 |   0.95
0363 -     53.08 |   87.56 |     0.93 |   0.96
0364 -     56.43 |  100.00 |     0.96 |   1.00
0365 -     13.34 |   12.96 |     0.89 |   1.00
0366 -     73.26 |  100.00 |     0.97 |   1.00
0367 -      0.00 |   80.35 |     0.91 |   0.95
0368 -     47.48 |  100.00 |     0.76 |   1.00
0369 -     52.11 |  100.00 |     0.93 |   1.00
0370 -      0.00 |    0.00 |     0.93 |   0.98
0371 -      0.00 |   97.89 |     0.94 |   0.97
0372 -     70.62 |  100.00 |     0.95 |   1.00
0373 -     17.23 |  100.00 |     0.88 |   1.00
0374 -     30.74 |   73.63 |     0.97 |   0.98
0375 -     50.74 |  100.00 |     0.95 |   1.00
0376 -      0.00 |    0.00 |     0.88 |   0.97
0377 -     45.65 |  100.00 |     0.81 |   1.00
0378 -      0.00 |    0.00 |     0.90 |   0.97
0379 -     32.16 |  100.00 |     0.93 |   1.00
0380 -      0.00 |    5.97 |     0.96 |   0.98
0381 -      0.00 |    0.00 |     0.94 |   0.98
0382 -     35.09 |   49.28 |     0.86 |   0.98
0383 -      0.00 |    0.00 |     0.84 |   0.93
0384 -     26.00 |   98.04 |     0.98 |   1.00
0385 -      0.00 |  100.00 |     0.97 |   1.00
0386 -      0.00 |   98.38 |     0.89 |   0.94
0387 -     30.40 |   34.57 |     0.87 |   0.90
0388 -     56.28 |  100.00 |     0.94 |   1.00
0389 -     85.58 |   98.05 |     0.88 |   0.95
0390 -     42.18 |    0.00 |     0.91 |   0.99
0391 -     24.04 |   35.54 |     0.74 |   0.92
0392 -     97.97 |   99.25 |     0.86 |   0.94
0393 -      0.00 |  100.00 |     0.79 |   1.00
0394 -      0.00 |    0.00 |     0.90 |   0.99
0395 -     57.62 |   98.54 |     0.96 |   0.97
0396 -     48.43 |  100.00 |     0.98 |   1.00
0397 -     78.29 |   82.33 |     0.93 |   0.95
0398 -      0.00 |    0.00 |     0.92 |   1.00
0399 -     70.76 |  100.00 |     0.87 |   1.00
0400 -      0.00 |    0.00 |     0.82 |   0.91
0401 -     21.26 |   97.85 |     0.94 |   0.95
0402 -     40.34 |   37.29 |     0.93 |   0.97
0403 -     76.10 |   98.52 |     0.91 |   1.00
0404 -     11.04 |    9.58 |     0.93 |   0.99
0405 -     79.98 |  100.00 |     0.95 |   1.00
0406 -      0.00 |    0.00 |     0.92 |   0.98
0407 -     61.97 |  100.00 |     0.86 |   1.00
0408 -      7.87 |   99.48 |     0.98 |   0.99
0409 -     21.30 |    0.00 |     0.90 |   0.97
0410 -      0.00 |    0.00 |     0.96 |   1.00
0411 -     68.48 |   15.00 |     0.89 |   0.94
0412 -     57.40 |   98.67 |     0.97 |   1.00
0413 -      0.00 |    0.00 |     0.81 |   0.85
0414 -     15.21 |   74.39 |     0.80 |   0.99
0415 -      0.00 |   35.82 |     0.91 |   1.00
0416 -      0.00 |    0.00 |     0.80 |   0.86
0417 -      0.00 |  100.00 |     0.80 |   1.00
0418 -     95.28 |   96.54 |     0.94 |   0.96
0419 -     13.40 |  100.00 |     0.76 |   1.00
0420 -     22.95 |   50.22 |     0.95 |   0.98
0421 -     29.37 |   58.12 |     0.81 |   1.00
0422 -     47.25 |   99.09 |     0.72 |   0.96
0423 -     48.27 |   96.76 |     0.90 |   1.00
0424 -     26.90 |  100.00 |     0.95 |   1.00
0425 -     30.19 |   57.27 |     0.84 |   0.99
0426 -      0.00 |    0.00 |     0.89 |   1.00
0427 -     25.41 |   98.26 |     0.94 |   0.96
0428 -      6.77 |  100.00 |     0.94 |   1.00
0429 -      0.00 |    0.00 |     0.74 |   0.90
0430 -     72.81 |   53.24 |     0.93 |   0.99
0431 -      0.00 |  100.00 |     0.96 |   1.00
0432 -     22.05 |   21.53 |     0.90 |   0.93
0433 -      0.00 |   31.90 |     0.72 |   0.94
0434 -      0.00 |    0.00 |     0.93 |   0.99
0435 -     99.27 |   98.79 |     0.88 |   0.97
0436 -     92.08 |   99.35 |     0.97 |   0.98
0437 -      0.00 |  100.00 |     0.89 |   1.00
0438 -     63.48 |   63.69 |     0.97 |   0.97
0439 -      8.01 |  100.00 |     0.91 |   1.00
0440 -     19.65 |   16.40 |     0.93 |   0.97
0441 -     25.33 |   17.72 |     0.75 |   0.99
0442 -      0.00 |   90.77 |     0.94 |   0.96
0443 -     39.42 |  100.00 |     0.90 |   1.00
0444 -      0.00 |    0.00 |     0.89 |   0.91
0445 -     75.72 |   99.17 |     0.99 |   1.00
0446 -     94.43 |  100.00 |     0.98 |   1.00
0447 -      0.00 |    0.00 |     0.78 |   0.93
0448 -      0.00 |    0.00 |     0.64 |   0.92
0449 -     34.56 |   83.83 |     0.90 |   0.98
0450 -      0.00 |    0.00 |     0.86 |   0.88
0451 -      0.00 |   98.77 |     0.81 |   0.98
0452 -      0.00 |  100.00 |     0.79 |   1.00
0453 -     46.93 |  100.00 |     0.60 |   1.00
0454 -      0.00 |    0.00 |     0.86 |   0.93
0455 -     97.52 |   99.31 |     0.89 |   1.00
0456 -     63.28 |   56.33 |     0.94 |   0.97
0457 -     38.88 |   19.52 |     0.96 |   1.00
0458 -     51.47 |  100.00 |     0.69 |   1.00
0459 -      0.00 |  100.00 |     0.94 |   1.00
0460 -     34.90 |    3.85 |     0.98 |   1.00
0461 -      8.47 |   83.86 |     0.76 |   0.96
0462 -     53.53 |  100.00 |     0.91 |   1.00
0463 -     98.96 |  100.00 |     0.92 |   1.00
0464 -      0.00 |    0.00 |     0.83 |   0.97
0465 -     44.15 |   61.25 |     0.97 |   0.97
0466 -      0.00 |    0.00 |     0.78 |   0.89
0467 -     21.39 |   32.81 |     0.98 |   1.00
0468 -     95.06 |  100.00 |     0.98 |   1.00
0469 -      6.81 |   24.29 |     0.93 |   0.98
0470 -      0.00 |   96.21 |     0.95 |   1.00
0471 -     48.98 |   40.17 |     0.93 |   0.98
0472 -     37.33 |   49.20 |     0.67 |   0.91
0473 -      5.93 |   98.83 |     0.88 |   0.97
0474 -      0.00 |   42.44 |     0.94 |   1.00
0475 -     39.52 |  100.00 |     0.96 |   1.00
0476 -      0.00 |   55.44 |     0.92 |   0.98
0477 -     35.04 |   35.21 |     0.97 |   1.00
0478 -     68.00 |   49.82 |     0.78 |   0.86
0479 -     84.69 |  100.00 |     0.94 |   1.00
0480 -      0.00 |  100.00 |     0.85 |   1.00
0481 -     81.78 |  100.00 |     0.98 |   1.00
0482 -     21.44 |  100.00 |     0.94 |   1.00
0483 -     18.91 |   99.26 |     0.96 |   1.00
0484 -     17.14 |   49.94 |     0.89 |   0.96
0485 -     64.95 |  100.00 |     0.91 |   1.00
0486 -     75.30 |   99.30 |     0.94 |   0.97
0487 -     97.19 |   98.55 |     0.95 |   0.99
0488 -      0.00 |    0.00 |     0.93 |   0.95
0489 -     37.35 |   37.18 |     0.92 |   0.99
0490 -     40.73 |   98.76 |     0.94 |   0.97
0491 -      0.00 |    0.00 |     0.77 |   0.80
0492 -     21.08 |    0.00 |     0.78 |   0.91
0493 -     98.79 |  100.00 |     0.92 |   1.00
0494 -      0.00 |    5.70 |     0.78 |   0.69
0495 -     21.83 |   52.43 |     0.98 |   0.99
0496 -     28.78 |  100.00 |     0.93 |   1.00
0497 -      0.00 |   72.17 |     0.87 |   1.00
0498 -     29.83 |   99.13 |     0.96 |   0.99
0499 -      0.00 |    0.00 |     0.96 |   1.00
0500 -     11.85 |  100.00 |     0.90 |   1.00
0501 -     62.81 |  100.00 |     0.91 |   1.00
0502 -     20.82 |   99.06 |     0.86 |   0.98
0503 -      0.00 |    0.00 |     0.86 |   0.91
0504 -     25.11 |   31.66 |     0.78 |   0.99
0505 -      9.91 |   80.87 |     0.70 |   0.91
0506 -     70.69 |  100.00 |     0.98 |   1.00
0507 -      0.00 |  100.00 |     0.65 |   1.00
0508 -      0.00 |    0.00 |     0.91 |   0.96
0509 -     99.26 |  100.00 |     0.94 |   1.00
0510 -     92.79 |  100.00 |     0.95 |   1.00
0511 -     52.92 |   93.88 |     0.91 |   0.94
0512 -     86.60 |  100.00 |     0.92 |   1.00
0513 -     16.98 |  100.00 |     0.97 |   1.00
0514 -     56.81 |  100.00 |     0.91 |   1.00
0515 -     28.29 |   94.42 |     0.96 |   0.98
0516 -     68.02 |   66.53 |     0.84 |   1.00
0517 -     26.29 |   98.77 |     0.89 |   0.98
0518 -     10.72 |   10.83 |     0.93 |   0.98
0519 -     59.15 |   93.87 |     0.97 |   0.99
0520 -     13.08 |   13.03 |     0.94 |   0.97
0521 -     46.78 |   96.54 |     0.85 |   0.97
0522 -     99.12 |   23.18 |     0.98 |   0.92
0523 -      0.00 |    0.00 |     0.77 |   0.78
0524 -      0.00 |  100.00 |     0.87 |   1.00
0525 -     68.01 |   97.03 |     0.94 |   0.97
0526 -     18.82 |   16.35 |     0.89 |   0.91
0527 -     71.74 |  100.00 |     0.97 |   1.00
0528 -     16.63 |  100.00 |     0.96 |   1.00
0529 -      6.77 |   97.45 |     0.83 |   0.99
0530 -      0.00 |    0.00 |     0.88 |   0.93
0531 -     74.96 |  100.00 |     0.82 |   1.00
0532 -     75.64 |   64.37 |     0.83 |   1.00
0533 -     55.33 |    0.00 |     0.88 |   0.95
0534 -     93.35 |  100.00 |     0.96 |   1.00
0535 -      0.00 |   98.15 |     0.78 |   0.96
0536 -      0.00 |    0.00 |     0.96 |   1.00
0537 -      0.00 |    0.00 |     0.77 |   0.94
0538 -      0.00 |    0.00 |     0.86 |   0.92
0539 -      0.00 |    0.00 |     0.61 |   0.77
0540 -     40.52 |   37.13 |     0.85 |   0.94
0541 -     19.64 |   17.96 |     0.91 |   1.00
0542 -      7.60 |    0.00 |     0.88 |   0.96
0543 -     16.76 |    0.00 |     0.89 |   0.93
0544 -      7.60 |    0.00 |     0.85 |   0.97
0545 -     10.61 |    8.01 |     0.88 |   1.00
0546 -     57.80 |   76.77 |     0.83 |   0.94
0547 -     36.54 |   32.91 |     0.95 |   0.97
0548 -     46.35 |  100.00 |     0.86 |   1.00
0549 -     67.13 |   96.15 |     0.92 |   0.99
0550 -     54.48 |   98.71 |     0.85 |   0.95
0551 -     40.25 |   29.20 |     0.88 |   0.98
0552 -     88.68 |  100.00 |     0.96 |   1.00
0553 -      0.00 |  100.00 |     0.93 |   1.00
0554 -     48.47 |  100.00 |     0.94 |   1.00
0555 -     38.68 |   99.29 |     0.96 |   0.97
0556 -      0.00 |    0.00 |     0.85 |   0.92
0557 -     70.72 |  100.00 |     0.76 |   1.00
0558 -     76.79 |  100.00 |     0.98 |   1.00
0559 -      0.00 |   96.47 |     0.61 |   1.00
0560 -      0.00 |    0.00 |     0.92 |   1.00
0561 -     12.21 |   12.12 |     0.89 |   1.00
0562 -     17.13 |   97.55 |     0.98 |   1.00
0563 -     15.80 |   14.00 |     0.97 |   0.99
0564 -     33.82 |  100.00 |     0.87 |   0.93
0565 -     14.00 |  100.00 |     0.90 |   1.00
0566 -     12.57 |   76.30 |     0.90 |   1.00
0567 -      5.60 |    9.92 |     0.92 |   0.98
0568 -     12.12 |  100.00 |     0.88 |   1.00
0569 -      8.91 |  100.00 |     0.97 |   1.00
0570 -     14.60 |   99.29 |     0.94 |   1.00
0571 -      0.00 |    0.00 |     0.90 |   0.96
0572 -      0.00 |    0.00 |     0.98 |   0.99
0573 -     59.47 |   75.39 |     0.94 |   0.99
0574 -      0.00 |   18.66 |     0.95 |   0.98
0575 -     41.65 |   70.13 |     0.79 |   1.00
0576 -     37.15 |  100.00 |     0.96 |   1.00
0577 -     79.07 |   68.07 |     0.91 |   0.94
0578 -     35.13 |   35.32 |     0.94 |   0.96
0579 -     59.03 |   94.56 |     0.94 |   1.00
0580 -     27.70 |   66.92 |     0.85 |   0.86
0581 -     56.64 |  100.00 |     0.92 |   1.00
0582 -     35.25 |  100.00 |     0.89 |   1.00
0583 -    100.00 |   74.26 |     1.00 |   0.97
0584 -     21.67 |   69.58 |     0.94 |   0.99
0585 -     58.29 |  100.00 |     0.85 |   1.00
0586 -     13.06 |   12.16 |     0.96 |   0.99
0587 -      4.78 |    4.24 |     0.86 |   1.00
0588 -      0.00 |    0.00 |     0.68 |   0.93
0589 -     59.93 |  100.00 |     0.93 |   1.00
0590 -      8.24 |   98.11 |     0.95 |   1.00
0591 -     10.91 |  100.00 |     0.87 |   1.00
0592 -     34.82 |  100.00 |     0.81 |   1.00
0593 -     92.97 |  100.00 |     0.98 |   1.00
0594 -     21.19 |   41.63 |     0.90 |   0.99
0595 -     28.18 |  100.00 |     0.96 |   1.00
0596 -     99.02 |   75.11 |     0.85 |   0.81
0597 -      0.00 |    0.00 |     0.70 |   0.76
0598 -     21.90 |   50.24 |     0.95 |   0.97
0599 -      0.00 |  100.00 |     0.82 |   1.00
0600 -     20.08 |   64.67 |     0.75 |   1.00
0601 -     55.00 |   81.62 |     0.90 |   1.00
0602 -      0.00 |    0.00 |     0.91 |   1.00
0603 -     38.62 |  100.00 |     0.88 |   1.00
0604 -     11.86 |   24.27 |     0.87 |   0.98
0605 -     37.62 |   97.42 |     0.91 |   0.97
0606 -     25.48 |   96.95 |     0.94 |   1.00
0607 -     11.49 |   10.53 |     0.95 |   1.00
0608 -     27.50 |  100.00 |     0.89 |   1.00
0609 -      0.00 |   81.00 |     0.93 |   1.00
0610 -      0.00 |    0.00 |     0.87 |   0.99
0611 -     78.87 |   85.73 |     0.82 |   0.97
0612 -     76.71 |   90.71 |     0.93 |   0.98
0613 -     15.78 |   15.37 |     0.95 |   0.97
0614 -     23.71 |   23.96 |     0.89 |   0.98
0615 -     71.85 |   96.17 |     0.90 |   1.00
0616 -     10.91 |    8.82 |     0.69 |   0.86
0617 -     45.53 |    0.00 |     0.78 |   0.88
0618 -     31.53 |    0.00 |     0.87 |   0.98
0619 -      8.21 |   51.43 |     0.92 |   1.00
0620 -     58.38 |   97.67 |     0.95 |   0.99
0621 -     35.18 |  100.00 |     0.96 |   1.00
0622 -     62.07 |   54.76 |     0.91 |   0.97
0623 -     10.82 |   36.95 |     0.95 |   0.99
0624 -     78.89 |  100.00 |     0.94 |   1.00
0625 -     20.34 |   29.44 |     0.95 |   0.98
0626 -     75.30 |  100.00 |     0.95 |   1.00
0627 -      0.00 |    0.00 |     0.95 |   1.00
0628 -      0.00 |    0.00 |     0.93 |   0.97
0629 -     13.43 |  100.00 |     0.95 |   1.00
0630 -      6.10 |  100.00 |     0.96 |   1.00
0631 -     78.13 |   99.32 |     0.88 |   1.00
0632 -     52.01 |   97.89 |     0.74 |   0.95
0633 -     59.11 |   61.55 |     0.98 |   1.00
0634 -     21.82 |   96.64 |     0.59 |   0.99
0635 -    100.00 |  100.00 |     0.93 |   1.00
0636 -     53.59 |   93.29 |     0.87 |   0.94
0637 -     23.77 |  100.00 |     0.82 |   1.00
0638 -      0.00 |   65.83 |     0.87 |   0.97
0639 -      0.00 |    0.00 |     0.92 |   0.99
0640 -      0.00 |    0.00 |     0.92 |   0.96
0641 -     31.15 |   97.48 |     0.90 |   0.98
0642 -     20.34 |   21.03 |     0.96 |   0.99
0643 -      0.00 |    0.00 |     0.96 |   0.97
0644 -     23.07 |  100.00 |     0.90 |   1.00
0645 -     67.31 |   60.13 |     0.90 |   0.99
0646 -     21.47 |  100.00 |     0.77 |   1.00
0647 -     67.16 |   51.22 |     0.84 |   0.98
0648 -     21.74 |   91.35 |     0.87 |   0.96
0649 -      0.00 |    0.00 |     0.86 |   1.00
0650 -     79.68 |  100.00 |     0.92 |   1.00
0651 -      6.86 |    0.00 |     0.86 |   0.90
0652 -      8.71 |  100.00 |     0.96 |   1.00
0653 -     14.15 |  100.00 |     0.98 |   1.00
0654 -     13.66 |   11.44 |     0.74 |   0.99
0655 -      0.00 |   40.25 |     0.80 |   0.99
0656 -     54.17 |   99.78 |     0.98 |   1.00
0657 -     36.62 |  100.00 |     0.98 |   1.00
0658 -      7.23 |    0.00 |     0.92 |   0.93
0659 -     64.04 |  100.00 |     0.90 |   1.00
0660 -     24.91 |  100.00 |     0.84 |   1.00
0661 -      0.00 |   57.15 |     0.60 |   0.97
0662 -     35.32 |   29.69 |     0.89 |   0.93
0663 -     15.82 |   76.54 |     0.84 |   0.99
0664 -     32.25 |   87.16 |     0.72 |   0.81
0665 -      0.00 |    0.00 |     0.93 |   0.95
0666 -      0.00 |    0.00 |     0.78 |   0.77
0667 -     24.86 |   24.78 |     0.99 |   0.96
0668 -      0.00 |    0.00 |     0.80 |   0.93
0669 -     98.63 |    0.00 |     0.94 |   0.91
0670 -     55.75 |  100.00 |     0.89 |   1.00
0671 -     57.95 |   67.92 |     0.92 |   1.00
0672 -     74.32 |  100.00 |     0.96 |   1.00
0673 -     38.24 |   62.21 |     0.90 |   0.96
0674 -     15.02 |   98.18 |     0.99 |   1.00
0675 -      0.00 |    0.00 |     0.86 |   0.99
0676 -      9.80 |   33.26 |     0.85 |   0.97
0677 -      6.83 |  100.00 |     0.80 |   1.00
0678 -     16.11 |   14.39 |     0.89 |   0.99
0679 -      0.00 |    0.00 |     0.97 |   1.00
0680 -     98.37 |   93.08 |     0.93 |   1.00
0681 -     76.10 |  100.00 |     0.96 |   1.00
0682 -      0.00 |  100.00 |     1.00 |   1.00
0683 -      0.00 |    0.00 |     0.93 |   1.00
0684 -     29.90 |  100.00 |     0.66 |   1.00
0685 -     45.67 |   95.68 |     0.95 |   0.98
0686 -     44.71 |  100.00 |     0.86 |   1.00
0687 -      0.00 |  100.00 |     0.95 |   1.00
0688 -     58.08 |  100.00 |     0.95 |   1.00
0689 -     82.88 |   97.09 |     0.94 |   0.96
0690 -     36.74 |   99.18 |     0.97 |   0.99
0691 -     98.69 |   89.31 |     0.97 |   1.00
0692 -     96.07 |   96.74 |     0.95 |   1.00
0693 -      4.47 |    0.00 |     0.96 |   0.97
0694 -     13.31 |    0.00 |     0.90 |   0.87
0695 -     75.86 |  100.00 |     0.97 |   1.00
0696 -      0.00 |    0.00 |     0.90 |   0.96
0697 -     61.69 |  100.00 |     0.89 |   1.00
0698 -      0.00 |    0.00 |     0.69 |   1.00
0699 -      0.00 |    0.00 |     0.83 |   0.92
0700 -      0.00 |  100.00 |     0.91 |   1.00
0701 -     63.90 |  100.00 |     0.77 |   1.00
0702 -      0.00 |  100.00 |     0.91 |   1.00
0703 -      5.69 |   36.30 |     0.83 |   0.87
0704 -     37.92 |   94.78 |     0.86 |   1.00
0705 -     98.91 |    0.00 |     0.95 |   0.99
0706 -     75.11 |   98.61 |     0.89 |   1.00
0707 -     55.79 |   84.20 |     0.98 |   0.99
0708 -      0.00 |    0.00 |     0.79 |   0.92
0709 -     10.50 |   98.66 |     0.86 |   0.92
0710 -      0.00 |  100.00 |     0.95 |   1.00
0711 -     31.91 |  100.00 |     0.71 |   1.00
0712 -      0.00 |  100.00 |     0.69 |   1.00
0713 -      0.00 |   40.94 |     0.92 |   1.00
0714 -     10.42 |   98.02 |     0.82 |   0.94
0715 -     46.91 |   49.07 |     0.89 |   0.94
0716 -      0.00 |   47.62 |     0.90 |   1.00
0717 -     28.76 |    5.74 |     0.83 |   0.93
0718 -     76.22 |   91.38 |     0.91 |   0.99
0719 -     99.10 |   99.26 |     0.84 |   0.97
0720 -      0.00 |    0.00 |     0.89 |   0.91
0721 -     59.19 |  100.00 |     0.87 |   1.00
0722 -      0.00 |   26.96 |     0.92 |   1.00
0723 -     69.11 |   98.90 |     0.90 |   0.97
0724 -      3.95 |   98.38 |     0.89 |   0.97
0725 -      0.00 |    0.00 |     0.89 |   0.95
0726 -      0.00 |   98.76 |     0.92 |   0.95
0727 -     79.39 |   16.23 |     0.86 |   0.98
0728 -    100.00 |  100.00 |     0.76 |   1.00
0729 -     90.47 |  100.00 |     0.96 |   1.00
0730 -     62.59 |   59.26 |     0.85 |   1.00
0731 -      5.55 |    0.00 |     0.80 |   0.96
0732 -     61.14 |  100.00 |     0.95 |   1.00
0733 -      0.00 |    0.00 |     0.94 |   0.97
0734 -      0.00 |  100.00 |     0.92 |   1.00
0735 -      0.00 |   94.45 |     0.83 |   0.99
0736 -     99.18 |  100.00 |     0.94 |   1.00
0737 -     62.32 |  100.00 |     0.87 |   1.00
0738 -     85.71 |  100.00 |     0.87 |   1.00
0739 -     22.57 |   58.59 |     0.89 |   0.95
0740 -     16.25 |  100.00 |     0.92 |   1.00
0741 -      0.00 |  100.00 |     0.92 |   1.00
0742 -      0.00 |    0.00 |     0.81 |   0.91
0743 -     40.14 |  100.00 |     0.96 |   1.00
0744 -      0.00 |    0.00 |     0.87 |   0.93
0745 -     18.96 |   24.22 |     0.81 |   0.91
0746 -     27.54 |   35.89 |     0.93 |   0.98
0747 -     71.73 |  100.00 |     0.91 |   1.00
0748 -      0.00 |    0.00 |     0.83 |   0.95
0749 -     19.50 |    0.00 |     0.82 |   0.93
0750 -     16.21 |  100.00 |     0.96 |   1.00
0751 -      0.00 |    0.00 |     0.81 |   0.93
0752 -     29.58 |   29.04 |     0.84 |   1.00
0753 -      4.35 |    0.00 |     0.88 |   0.92
0754 -     10.02 |  100.00 |     0.90 |   1.00
0755 -     82.74 |  100.00 |     0.75 |   1.00
0756 -      4.66 |    0.00 |     0.93 |   0.98
0757 -     64.48 |    7.73 |     0.97 |   0.99
0758 -      0.00 |  100.00 |     0.93 |   1.00
0759 -     28.38 |  100.00 |     0.96 |   1.00
0760 -     14.30 |   99.09 |     0.69 |   0.96
0761 -     32.25 |  100.00 |     0.97 |   1.00
0762 -     31.21 |   25.32 |     0.80 |   1.00
0763 -     21.22 |   19.48 |     0.91 |   0.95
0764 -     65.52 |   92.58 |     0.84 |   0.97
0765 -      0.00 |    0.00 |     0.87 |   0.99
0766 -     82.46 |   75.11 |     0.82 |   0.80
0767 -     43.89 |   42.45 |     0.98 |   0.99
0768 -     84.58 |  100.00 |     0.95 |   1.00
0769 -     19.05 |   31.87 |     0.93 |   1.00
0770 -     22.35 |  100.00 |     0.91 |   1.00
0771 -      0.00 |    0.00 |     0.62 |   0.90
0772 -      0.00 |    5.92 |     0.88 |   0.98
0773 -      0.00 |   85.09 |     0.88 |   0.97
0774 -     23.45 |   17.95 |     0.86 |   0.98
0775 -     18.79 |   95.69 |     0.88 |   1.00
0776 -      0.00 |    0.00 |     0.72 |   0.90
0777 -     73.73 |  100.00 |     0.81 |   1.00
0778 -     38.10 |   28.71 |     0.81 |   1.00
0779 -     58.31 |   60.92 |     0.97 |   1.00
0780 -      0.00 |    0.00 |     0.62 |   0.83
0781 -     97.59 |  100.00 |     0.82 |   1.00
0782 -     17.32 |  100.00 |     0.86 |   1.00
0783 -     72.89 |  100.00 |     0.95 |   1.00
0784 -     55.93 |  100.00 |     0.87 |   1.00
0785 -     35.35 |  100.00 |     0.98 |   1.00
0786 -     61.06 |   89.73 |     0.81 |   0.97
0787 -      0.00 |   34.07 |     0.79 |   0.87
0788 -     53.76 |  100.00 |     0.81 |   1.00
0789 -      0.00 |   64.16 |     0.61 |   0.85
0790 -     22.43 |   79.48 |     0.89 |   1.00
0791 -     14.27 |    0.00 |     0.85 |   0.92
0792 -     48.40 |  100.00 |     0.89 |   1.00
0793 -      0.00 |    0.00 |     0.90 |   0.92
0794 -     70.49 |   74.94 |     0.97 |   0.99
0795 -     45.27 |  100.00 |     0.92 |   1.00
0796 -     41.01 |   93.73 |     0.95 |   0.98
0797 -      0.00 |   26.59 |     0.74 |   0.94
0798 -      0.00 |  100.00 |     0.93 |   1.00
0799 -      0.00 |    0.00 |     0.82 |   0.98
0800 -      0.00 |    0.00 |     0.82 |   0.96
0801 -     17.92 |  100.00 |     0.83 |   1.00
0802 -      0.00 |    0.00 |     0.70 |   0.72
0803 -     38.60 |  100.00 |     0.52 |   1.00
0804 -      0.00 |   75.08 |     0.78 |   0.96
0805 -     14.66 |  100.00 |     0.88 |   1.00
0806 -     98.86 |  100.00 |     0.98 |   1.00
0807 -      0.00 |  100.00 |     0.91 |   1.00
0808 -      0.00 |    0.00 |     0.96 |   1.00
0809 -     28.78 |   27.24 |     0.93 |   0.96
0810 -     98.93 |   96.73 |     0.89 |   0.99
0811 -     17.38 |  100.00 |     0.95 |   1.00
0812 -     20.38 |   99.25 |     0.79 |   0.97
0813 -     98.68 |   99.40 |     0.91 |   0.99
0814 -     10.74 |   18.49 |     0.95 |   1.00
0815 -     60.45 |   95.06 |     0.94 |   0.97
0816 -      0.00 |  100.00 |     0.82 |   1.00
0817 -      0.00 |    0.00 |     0.69 |   0.91
0818 -     62.07 |   65.81 |     0.83 |   0.96
0819 -     32.14 |  100.00 |     0.95 |   1.00
0820 -     25.74 |  100.00 |     0.95 |   1.00
0821 -      0.00 |    0.00 |     0.86 |   0.84
0822 -      0.00 |    0.00 |     0.84 |   0.95
0823 -     19.43 |   90.49 |     0.88 |   0.99
0824 -      0.00 |    0.00 |     0.88 |   0.97
0825 -     45.06 |   90.23 |     0.94 |   0.97
0826 -     52.80 |  100.00 |     0.99 |   1.00
0827 -      0.00 |    0.00 |     0.96 |   0.99
0828 -      0.00 |   76.29 |     0.82 |   0.99
0829 -      0.00 |    0.00 |     0.78 |   0.99
0830 -     75.30 |  100.00 |     0.95 |   1.00
0831 -     18.26 |   17.58 |     0.71 |   0.65
0832 -     49.45 |   35.09 |     0.89 |   1.00
0833 -     48.01 |  100.00 |     0.95 |   1.00
0834 -     68.29 |  100.00 |     0.98 |   1.00
0835 -      0.00 |    0.00 |     0.95 |   1.00
0836 -      0.00 |  100.00 |     0.85 |   1.00
0837 -     41.82 |   98.93 |     0.91 |   0.97
0838 -      0.00 |    0.00 |     0.89 |   0.90
0839 -      5.41 |    4.25 |     0.92 |   1.00
0840 -     15.75 |   53.62 |     0.80 |   0.96
0841 -      5.70 |    6.41 |     0.91 |   0.93
0842 -      0.00 |  100.00 |     0.94 |   1.00
0843 -      0.00 |   97.57 |     0.89 |   0.98
0844 -      0.00 |  100.00 |     0.95 |   1.00
0845 -     62.73 |   27.53 |     0.94 |   0.98
0846 -     13.72 |   92.32 |     0.93 |   0.97
0847 -      0.00 |    0.00 |     0.85 |   0.98
0848 -     55.81 |   89.92 |     0.96 |   0.98
0849 -      0.00 |    0.00 |     0.91 |   1.00
0850 -      6.86 |   12.55 |     0.78 |   0.94
0851 -     99.16 |   99.38 |     0.92 |   1.00
0852 -     94.14 |   98.95 |     0.94 |   1.00
0853 -     83.92 |  100.00 |     0.93 |   1.00
0854 -      0.00 |    0.00 |     0.87 |   0.96
0855 -     34.30 |   34.44 |     0.95 |   0.98
0856 -     50.61 |  100.00 |     0.92 |   1.00
0857 -     10.11 |   96.44 |     0.97 |   1.00
0858 -     58.95 |  100.00 |     0.98 |   1.00
0859 -     14.17 |  100.00 |     0.83 |   1.00
0860 -      0.00 |    0.00 |     0.77 |   0.93
0861 -     72.35 |  100.00 |     0.85 |   1.00
0862 -     33.96 |   99.38 |     0.86 |   1.00
0863 -     78.58 |   98.80 |     0.91 |   1.00
0864 -     16.94 |   16.42 |     0.92 |   0.95
0865 -     28.64 |  100.00 |     0.92 |   1.00
0866 -     10.97 |  100.00 |     0.94 |   1.00
0867 -      0.00 |   15.81 |     0.95 |   0.98
0868 -     19.58 |   96.08 |     0.91 |   0.98
0869 -     89.76 |   84.34 |     0.94 |   0.96
0870 -    100.00 |   41.20 |     1.00 |   0.99
0871 -     72.42 |   82.40 |     0.88 |   0.94
0872 -     56.25 |   74.42 |     0.92 |   0.97
0873 -      0.00 |    0.00 |     0.86 |   1.00
0874 -     53.59 |  100.00 |     0.86 |   1.00
0875 -     99.27 |  100.00 |     0.97 |   1.00
0876 -     37.89 |  100.00 |     0.90 |   1.00
0877 -     60.05 |  100.00 |     0.94 |   0.97
0878 -      0.00 |    0.00 |     0.82 |   0.96
0879 -     19.21 |  100.00 |     0.90 |   1.00
0880 -      0.00 |   93.22 |     0.71 |   0.94
0881 -     46.09 |   33.87 |     0.88 |   0.97
0882 -     88.94 |   87.18 |     0.88 |   0.97
0883 -     39.05 |   58.93 |     0.78 |   0.91
0884 -     30.91 |  100.00 |     0.93 |   1.00
0885 -      0.00 |    0.00 |     0.97 |   0.98
0886 -     68.88 |  100.00 |     0.82 |   1.00
0887 -      0.00 |   12.22 |     0.91 |   0.96
0888 -     43.04 |  100.00 |     0.85 |   1.00
0889 -     64.05 |  100.00 |     0.94 |   1.00
0890 -      0.00 |    0.00 |     0.91 |   0.97
0891 -     26.97 |   43.46 |     0.91 |   0.98
0892 -     58.03 |   54.43 |     0.94 |   1.00
0893 -     64.20 |    7.09 |     0.96 |   0.96
0894 -     71.51 |   64.35 |     0.97 |   0.99
0895 -     46.28 |  100.00 |     0.75 |   1.00
0896 -     10.93 |  100.00 |     0.91 |   1.00
0897 -     99.36 |  100.00 |     0.97 |   1.00
0898 -     18.27 |  100.00 |     0.96 |   1.00
0899 -     99.28 |  100.00 |     0.86 |   1.00
0900 -     58.08 |   98.83 |     0.94 |   0.98
0901 -     12.09 |  100.00 |     0.96 |   1.00
0902 -     30.61 |  100.00 |     0.90 |   1.00
0903 -      0.00 |  100.00 |     0.85 |   1.00
0904 -      8.74 |    8.83 |     0.93 |   0.99
0905 -      0.00 |   91.49 |     0.92 |   0.99
0906 -     30.30 |  100.00 |     0.88 |   1.00
0907 -      0.00 |    3.40 |     0.67 |   0.73
0908 -      0.00 |    0.00 |     0.92 |   0.97
0909 -      0.00 |    0.00 |     0.94 |   1.00
0910 -     96.59 |  100.00 |     0.98 |   1.00
0911 -      0.00 |   80.29 |     0.87 |   0.97
0912 -      0.00 |   64.56 |     0.91 |   0.99
0913 -     19.91 |   94.00 |     0.95 |   0.99
0914 -      0.00 |  100.00 |     0.81 |   1.00
0915 -      9.53 |    0.00 |     0.88 |   0.93
0916 -      0.00 |  100.00 |     0.88 |   1.00
0917 -     87.24 |  100.00 |     0.95 |   1.00
0918 -     81.98 |   99.14 |     0.92 |   0.99
0919 -     95.34 |  100.00 |     0.97 |   1.00
0920 -     75.22 |   64.62 |     0.71 |   0.97
0921 -     15.33 |  100.00 |     0.88 |   1.00
0922 -      9.34 |   99.37 |     0.90 |   1.00
0923 -     70.48 |   65.98 |     0.81 |   0.99
0924 -      0.00 |    0.00 |     0.70 |   0.75
0925 -      0.00 |    0.00 |     0.84 |   0.93
0926 -     12.07 |  100.00 |     0.98 |   1.00
0927 -     96.31 |  100.00 |     0.78 |   1.00
0928 -     26.96 |  100.00 |     0.93 |   1.00
0929 -     28.46 |   97.84 |     0.94 |   0.97
0930 -      0.00 |    0.00 |     0.98 |   1.00
0931 -      0.00 |    0.00 |     0.73 |   0.83
0932 -      0.00 |   35.76 |     0.96 |   0.94
0933 -     12.49 |  100.00 |     0.99 |   1.00
0934 -      0.00 |    0.00 |     0.92 |   0.91
0935 -     35.00 |   99.05 |     0.94 |   0.96
0936 -      0.00 |    0.00 |     0.91 |   0.96
0937 -      9.81 |    8.11 |     0.92 |   1.00
0938 -     58.00 |   54.87 |     0.96 |   0.97
0939 -     97.94 |   98.89 |     0.96 |   1.00
0940 -     61.71 |  100.00 |     0.88 |   1.00
0941 -     36.93 |   75.11 |     0.72 |   0.86
0942 -      0.00 |    8.85 |     0.92 |   0.98
0943 -      8.59 |    9.58 |     0.86 |   0.97
0944 -     83.95 |  100.00 |     0.89 |   1.00
0945 -     21.35 |   96.88 |     0.91 |   0.93
0946 -      0.00 |    0.00 |     0.91 |   0.93
0947 -     68.10 |   63.69 |     0.88 |   1.00
0948 -     13.58 |  100.00 |     0.93 |   1.00
0949 -     25.66 |   98.36 |     0.82 |   0.97
0950 -     50.23 |   39.24 |     0.64 |   0.94
0951 -     21.43 |   32.62 |     0.94 |   0.97
0952 -     98.73 |  100.00 |     0.90 |   1.00
0953 -      0.00 |    0.00 |     0.95 |   0.97
0954 -     18.26 |   55.73 |     0.89 |   0.96
0955 -     27.92 |   24.50 |     0.92 |   0.89
0956 -      0.00 |    0.00 |     0.70 |   0.99
0957 -      0.00 |    0.00 |     0.91 |   0.98
0958 -     84.69 |   98.59 |     0.92 |   0.98
0959 -     43.24 |   43.24 |     0.95 |   1.00
0960 -      9.41 |  100.00 |     0.64 |   1.00
0961 -     19.72 |  100.00 |     0.84 |   1.00
0962 -     71.62 |   97.96 |     0.85 |   0.96
0963 -     71.17 |   98.58 |     0.78 |   1.00
0964 -      0.00 |    0.00 |     0.94 |   1.00
0965 -     98.77 |   94.43 |     0.94 |   0.99
0966 -     79.65 |   79.23 |     0.70 |   1.00
0967 -     10.28 |    9.42 |     0.80 |   0.98
0968 -      0.00 |    0.00 |     0.92 |   0.92
0969 -     30.49 |   95.92 |     0.76 |   0.97
0970 -     22.55 |  100.00 |     0.91 |   1.00
0971 -      0.00 |    0.00 |     0.94 |   0.92
0972 -      0.00 |    0.00 |     0.96 |   0.97
0973 -     28.62 |   98.99 |     0.92 |   0.98
0974 -      0.00 |    0.00 |     0.97 |   0.98
0975 -      0.00 |    0.00 |     0.91 |   0.99
0976 -     54.22 |   62.67 |     0.44 |   0.98
0977 -      5.48 |    0.00 |     0.95 |   1.00
0978 -      0.00 |    0.00 |     0.93 |   0.96
0979 -     23.89 |   23.49 |     0.88 |   1.00
0980 -      0.00 |   58.68 |     0.87 |   1.00
0981 -     98.96 |   99.06 |     0.96 |   0.99
0982 -      0.00 |   89.25 |     0.74 |   0.96
0983 -     84.80 |  100.00 |     0.83 |   1.00
0984 -     33.44 |   62.97 |     0.91 |   1.00
0985 -      0.00 |  100.00 |     0.75 |   1.00
0986 -      0.00 |   57.73 |     0.91 |   1.00
0987 -     78.66 |   98.78 |     0.97 |   1.00
0988 -      5.92 |   92.55 |     0.94 |   0.96
0989 -      0.00 |    0.00 |     0.59 |   0.96
0990 -     13.56 |   86.27 |     0.97 |   0.96
0991 -     87.67 |   80.99 |     0.88 |   0.92
0992 -     26.02 |   23.04 |     0.89 |   0.99
0993 -     85.08 |  100.00 |     0.91 |   1.00
0994 -     22.05 |   96.90 |     0.74 |   1.00
0995 -      0.00 |    0.00 |     0.93 |   0.97
0996 -     71.41 |  100.00 |     0.89 |   1.00
0997 -     95.63 |   99.45 |     0.94 |   0.98
0998 -     35.05 |   35.05 |     0.94 |   0.99
0999 -     32.39 |   65.61 |     0.93 |   1.00
1000 -     45.47 |    0.00 |     0.84 |   0.79
==============================================
