==============================================
BLEU GOLD:                               43.96
BLEU IN:                                 64.34
SIM GOLD:                               0.9329
SIM IN:                                 0.9699
==============================================
       BLEU GOLD | BLEU IN | SIM GOLD | SIM IN
0001 -     75.10 |  100.00 |     0.96 |   1.00
0002 -     92.53 |   98.39 |     0.92 |   0.95
0003 -     46.14 |   79.97 |     0.93 |   0.95
0004 -      0.00 |    0.00 |     0.94 |   1.00
0005 -     28.03 |  100.00 |     0.97 |   1.00
0006 -     93.92 |   99.28 |     0.98 |   0.98
0007 -     83.36 |   97.80 |     0.75 |   0.78
0008 -     36.80 |   78.95 |     0.92 |   0.97
0009 -     93.78 |  100.00 |     0.98 |   1.00
0010 -      0.00 |    0.00 |     0.97 |   0.99
0011 -     89.23 |  100.00 |     0.95 |   1.00
0012 -     46.82 |   52.35 |     0.94 |   0.96
0013 -     41.67 |   41.05 |     0.94 |   0.96
0014 -     58.49 |   86.09 |     0.96 |   0.98
0015 -     63.05 |   61.28 |     0.66 |   0.71
0016 -     76.62 |   76.62 |     0.94 |   0.99
0017 -      0.00 |    0.00 |     0.93 |   0.99
0018 -      0.00 |    0.00 |     0.86 |   0.89
0019 -     32.85 |  100.00 |     0.99 |   1.00
0020 -     60.53 |  100.00 |     1.00 |   1.00
0021 -     84.39 |  100.00 |     0.99 |   1.00
0022 -      0.00 |    0.00 |     0.94 |   0.99
0023 -     15.99 |   18.65 |     0.94 |   0.95
0024 -     42.83 |  100.00 |     0.97 |   1.00
0025 -     82.45 |   54.58 |     0.82 |   0.93
0026 -     74.57 |   96.05 |     0.97 |   0.98
0027 -      0.00 |    8.62 |     0.89 |   0.99
0028 -     60.64 |  100.00 |     0.97 |   1.00
0029 -      9.27 |  100.00 |     0.96 |   1.00
0030 -      0.00 |    0.00 |     0.90 |   0.93
0031 -      0.00 |    3.87 |     0.96 |   0.97
0032 -     90.53 |  100.00 |     0.99 |   1.00
0033 -      0.00 |    0.00 |     0.95 |   0.97
0034 -     71.60 |   46.62 |     0.92 |   0.95
0035 -      0.00 |    0.00 |     0.55 |   0.57
0036 -     94.44 |  100.00 |     0.95 |   1.00
0037 -     13.29 |  100.00 |     0.92 |   1.00
0038 -     39.43 |  100.00 |     0.96 |   1.00
0039 -     59.12 |   92.53 |     0.98 |   0.99
0040 -     49.91 |   73.45 |     0.98 |   0.99
0041 -     21.38 |   22.05 |     0.97 |   0.98
0042 -     29.01 |   49.42 |     0.92 |   0.99
0043 -      0.00 |  100.00 |     1.00 |   1.00
0044 -      0.00 |    0.00 |     0.94 |   0.97
0045 -     94.07 |  100.00 |     0.97 |   1.00
0046 -      0.00 |    0.00 |     0.86 |   0.89
0047 -     65.48 |  100.00 |     0.58 |   1.00
0048 -     91.51 |   98.31 |     0.91 |   0.92
0049 -     63.72 |  100.00 |     0.98 |   1.00
0050 -      0.00 |    0.00 |     0.04 |   0.06
0051 -      0.00 |  100.00 |     0.90 |   1.00
0052 -     16.36 |  100.00 |     0.97 |   1.00
0053 -     42.31 |   98.47 |     0.95 |   0.96
0054 -      0.00 |   25.51 |     0.98 |   1.00
0055 -     89.68 |  100.00 |     0.96 |   1.00
0056 -     84.08 |  100.00 |     0.96 |   1.00
0057 -     29.63 |   89.20 |     0.90 |   0.95
0058 -     60.95 |   77.31 |     0.91 |   0.96
0059 -     73.64 |  100.00 |     0.98 |   1.00
0060 -     49.66 |    0.00 |     0.95 |   0.98
0061 -     93.10 |   97.66 |     0.99 |   1.00
0062 -     80.89 |   82.31 |     0.92 |   0.93
0063 -     88.63 |  100.00 |     0.91 |   1.00
0064 -      5.12 |    8.56 |     0.96 |   0.97
0065 -     60.49 |   91.21 |     0.95 |   0.99
0066 -     63.72 |   92.99 |     0.95 |   0.97
0067 -      0.00 |    0.00 |     0.99 |   1.00
0068 -      0.00 |    0.00 |     0.90 |   0.95
0069 -      0.00 |   94.47 |     0.88 |   0.90
0070 -      8.13 |    0.00 |     0.97 |   0.98
0071 -      0.00 |    0.00 |     0.82 |   0.82
0072 -     26.36 |  100.00 |     0.99 |   1.00
0073 -      0.00 |  100.00 |     0.92 |   1.00
0074 -     30.94 |   31.59 |     0.97 |   0.99
0075 -     89.33 |   99.62 |     0.96 |   1.00
0076 -     28.03 |  100.00 |     0.99 |   1.00
0077 -     79.33 |  100.00 |     0.97 |   1.00
0078 -      0.00 |    0.00 |     0.88 |   0.91
0079 -     34.83 |   96.68 |     0.92 |   0.95
0080 -     91.05 |  100.00 |     0.94 |   1.00
0081 -     36.72 |  100.00 |     0.98 |   1.00
0082 -     68.17 |   99.49 |     0.98 |   1.00
0083 -     56.68 |  100.00 |     0.91 |   1.00
0084 -     81.19 |  100.00 |     0.93 |   1.00
0085 -      0.00 |    0.00 |     0.89 |   0.91
0086 -     39.82 |   39.82 |     0.87 |   1.00
0087 -     51.17 |   28.84 |     0.96 |   0.99
0088 -     92.04 |   97.16 |     0.98 |   0.99
0089 -      0.00 |    0.00 |     0.88 |   0.94
0090 -     85.92 |   99.13 |     0.91 |   0.96
0091 -     91.56 |  100.00 |     0.92 |   1.00
0092 -     66.25 |  100.00 |     0.94 |   1.00
0093 -     92.91 |  100.00 |     0.93 |   1.00
0094 -     72.61 |  100.00 |     0.54 |   1.00
0095 -     26.41 |   26.70 |     0.96 |   0.98
0096 -      0.00 |    0.00 |     0.96 |   1.00
0097 -     90.43 |  100.00 |     0.98 |   1.00
0098 -     82.32 |   80.45 |     0.95 |   0.99
0099 -     96.25 |  100.00 |     0.98 |   1.00
0100 -      0.00 |    0.00 |     0.90 |   0.88
0101 -     46.03 |   44.93 |     0.82 |   0.85
0102 -     76.70 |   83.03 |     0.90 |   0.97
0103 -     85.78 |   41.14 |     0.95 |   1.00
0104 -     38.12 |  100.00 |     0.99 |   1.00
0105 -      0.00 |    0.00 |     0.96 |   0.98
0106 -     50.58 |  100.00 |     0.97 |   1.00
0107 -     49.23 |    0.00 |     0.95 |   0.96
0108 -      0.00 |    0.00 |     0.73 |   0.95
0109 -      0.00 |    0.00 |     0.92 |   0.94
0110 -     80.99 |  100.00 |     0.93 |   1.00
0111 -     73.15 |   90.65 |     0.93 |   0.97
0112 -     56.88 |   92.94 |     0.96 |   0.99
0113 -      0.00 |    3.85 |     0.95 |   0.96
0114 -     22.67 |  100.00 |     0.99 |   1.00
0115 -      0.00 |    0.00 |     0.95 |   0.99
0116 -     75.31 |  100.00 |     0.95 |   1.00
0117 -      0.00 |    0.00 |     0.94 |   0.93
0118 -     30.00 |   28.54 |     0.93 |   0.95
0119 -     23.81 |   23.67 |     0.91 |   0.95
0120 -     77.94 |  100.00 |     0.87 |   1.00
0121 -     57.39 |   81.35 |     0.94 |   0.96
0122 -     96.56 |  100.00 |     0.94 |   0.98
0123 -     58.05 |  100.00 |     0.96 |   1.00
0124 -     94.77 |  100.00 |     0.99 |   1.00
0125 -     87.60 |   93.92 |     0.95 |   0.97
0126 -     95.88 |  100.00 |     0.95 |   1.00
0127 -     79.69 |  100.00 |     0.95 |   1.00
0128 -     37.35 |  100.00 |     0.96 |   1.00
0129 -     89.88 |   94.10 |     0.95 |   0.96
0130 -     11.98 |   12.26 |     0.98 |   0.99
0131 -      0.00 |    0.00 |     0.25 |   0.31
0132 -     30.63 |   71.35 |     0.87 |   0.93
0133 -     48.25 |   48.25 |     0.96 |   1.00
0134 -     12.30 |   98.88 |     0.91 |   0.96
0135 -     56.86 |   98.47 |     0.93 |   0.95
0136 -      0.00 |    0.00 |     0.83 |   0.99
0137 -     29.48 |   89.40 |     0.97 |   0.97
0138 -     48.95 |   60.97 |     0.93 |   1.00
0139 -      0.00 |  100.00 |     0.97 |   1.00
0140 -     78.99 |  100.00 |     0.90 |   1.00
0141 -      4.19 |    0.00 |     0.85 |   0.85
0142 -      0.00 |   40.72 |     0.99 |   1.00
0143 -     37.39 |   89.00 |     0.97 |   0.99
0144 -     41.14 |   29.66 |     0.92 |   0.94
0145 -      0.00 |    0.00 |     0.91 |   0.96
0146 -     91.66 |  100.00 |     0.93 |   1.00
0147 -     75.81 |   98.59 |     0.95 |   0.96
0148 -     10.34 |  100.00 |     0.98 |   1.00
0149 -     93.68 |  100.00 |     0.97 |   1.00
0150 -      7.31 |  100.00 |     0.99 |   1.00
0151 -     74.87 |    0.00 |     0.97 |   0.99
0152 -      0.00 |    0.00 |     0.95 |   1.00
0153 -     10.65 |   10.97 |     0.78 |   0.88
0154 -     25.91 |   98.69 |     0.93 |   0.96
0155 -      0.00 |    0.00 |     0.97 |   1.00
0156 -     98.39 |  100.00 |     0.99 |   1.00
0157 -      0.00 |    0.00 |     0.94 |   1.00
0158 -     84.51 |  100.00 |     0.97 |   1.00
0159 -      0.00 |    5.57 |     0.87 |   0.93
0160 -     49.06 |  100.00 |     0.96 |   1.00
0161 -      0.00 |    0.00 |     0.93 |   0.98
0162 -     28.07 |   98.89 |     0.97 |   0.98
0163 -     60.07 |   60.37 |     0.97 |   0.98
0164 -     33.34 |   33.45 |     0.98 |   0.99
0165 -      0.00 |    0.00 |     0.97 |   0.98
0166 -     38.22 |   98.84 |     0.98 |   0.99
0167 -     84.49 |  100.00 |     0.90 |   1.00
0168 -      5.53 |    0.00 |     0.93 |   0.95
0169 -     91.88 |   99.01 |     0.90 |   0.92
0170 -     30.64 |   76.07 |     0.96 |   1.00
0171 -      0.00 |    0.00 |     0.94 |   0.98
0172 -     86.94 |  100.00 |     0.98 |   1.00
0173 -     92.81 |  100.00 |     0.98 |   1.00
0174 -     69.82 |  100.00 |     0.98 |   1.00
0175 -      0.00 |    0.00 |     0.91 |   0.94
0176 -     79.51 |  100.00 |     0.99 |   1.00
0177 -     81.63 |   81.63 |     0.97 |   0.99
0178 -     79.16 |  100.00 |     0.91 |   1.00
0179 -     84.22 |  100.00 |     0.91 |   1.00
0180 -     78.37 |   70.11 |     0.82 |   0.84
0181 -      9.33 |    9.27 |     0.91 |   0.95
0182 -      4.83 |    4.32 |     0.92 |   0.94
0183 -     45.30 |   25.93 |     0.97 |   1.00
0184 -     92.89 |  100.00 |     0.96 |   1.00
0185 -      0.00 |    0.00 |     0.97 |   1.00
0186 -      0.00 |    0.00 |     0.84 |   0.85
0187 -     22.60 |  100.00 |     0.94 |   1.00
0188 -     89.39 |  100.00 |     0.95 |   1.00
0189 -     36.47 |  100.00 |     0.84 |   1.00
0190 -      0.00 |    0.00 |     0.95 |   0.99
0191 -     32.18 |  100.00 |     0.94 |   1.00
0192 -     15.21 |  100.00 |     0.96 |   1.00
0193 -      0.00 |    0.00 |     0.94 |   1.00
0194 -     28.11 |   41.62 |     0.98 |   1.00
0195 -     70.45 |  100.00 |     0.99 |   1.00
0196 -      0.00 |   98.06 |     0.96 |   0.97
0197 -     25.28 |   24.53 |     0.93 |   1.00
0198 -     91.66 |   97.15 |     0.95 |   0.99
0199 -     92.39 |  100.00 |     0.93 |   1.00
0200 -      0.00 |    0.00 |     0.89 |   0.92
0201 -     14.80 |   71.10 |     0.90 |   0.92
0202 -     61.91 |  100.00 |     0.97 |   1.00
0203 -     93.89 |  100.00 |     0.96 |   1.00
0204 -    100.00 |   20.04 |     1.00 |   1.00
0205 -      0.00 |    0.00 |     0.94 |   0.99
0206 -     94.90 |  100.00 |     0.99 |   1.00
0207 -     91.41 |  100.00 |     0.98 |   1.00
0208 -     33.45 |   27.97 |     0.96 |   0.95
0209 -     87.17 |   98.40 |     0.84 |   0.88
0210 -     68.15 |   28.52 |     0.98 |   0.99
0211 -     26.07 |  100.00 |     0.97 |   1.00
0212 -     29.92 |   97.62 |     0.98 |   1.00
0213 -     95.64 |   99.10 |     0.97 |   0.99
0214 -      8.12 |   98.52 |     0.94 |   0.98
0215 -      7.83 |    0.00 |     0.83 |   0.90
0216 -     75.22 |   80.24 |     0.98 |   1.00
0217 -      0.00 |    0.00 |     0.66 |   0.81
0218 -     86.21 |   98.98 |     0.87 |   0.88
0219 -     37.49 |  100.00 |     0.97 |   1.00
0220 -     46.37 |   49.43 |     0.88 |   0.96
0221 -     82.03 |  100.00 |     0.89 |   1.00
0222 -     91.87 |   10.03 |     0.97 |   0.98
0223 -      0.00 |    0.00 |     0.93 |   1.00
0224 -     91.61 |   96.08 |     0.99 |   1.00
0225 -     42.61 |  100.00 |     0.98 |   1.00
0226 -     91.53 |  100.00 |     0.96 |   1.00
0227 -      5.58 |    0.00 |     0.94 |   1.00
0228 -     92.90 |  100.00 |     0.97 |   1.00
0229 -      0.00 |    0.00 |     0.83 |   0.85
0230 -     68.36 |   61.62 |     0.94 |   0.97
0231 -     89.79 |  100.00 |     0.99 |   1.00
0232 -      0.00 |    0.00 |     0.85 |   0.91
0233 -     64.07 |  100.00 |     0.95 |   1.00
0234 -     75.47 |   78.37 |     0.94 |   0.95
0235 -     37.44 |    0.00 |     0.89 |   0.95
0236 -      0.00 |  100.00 |     0.94 |   1.00
0237 -      0.00 |    0.00 |     0.95 |   0.99
0238 -     65.56 |  100.00 |     0.98 |   1.00
0239 -     56.81 |   92.25 |     0.96 |   0.97
0240 -     11.79 |  100.00 |     0.98 |   1.00
0241 -     43.29 |  100.00 |     0.98 |   1.00
0242 -     16.88 |   48.84 |     0.98 |   0.98
0243 -     78.68 |  100.00 |     0.89 |   1.00
0244 -     11.57 |   12.29 |     0.89 |   0.90
0245 -      4.38 |   10.33 |     0.95 |   0.97
0246 -     76.96 |  100.00 |     0.86 |   1.00
0247 -      8.36 |    8.36 |     0.99 |   1.00
0248 -     19.36 |   19.93 |     0.90 |   0.85
0249 -     78.50 |   98.83 |     0.89 |   1.00
0250 -      0.00 |   15.68 |     0.93 |   0.94
0251 -     69.04 |  100.00 |     0.94 |   1.00
0252 -      0.00 |   40.11 |     0.98 |   1.00
0253 -      0.00 |    0.00 |     0.96 |   0.99
0254 -     38.73 |  100.00 |     0.96 |   1.00
0255 -     95.91 |  100.00 |     0.95 |   1.00
0256 -     14.91 |  100.00 |     0.98 |   1.00
0257 -      0.00 |    0.00 |     0.87 |   0.87
0258 -      0.00 |    0.00 |     0.93 |   0.97
0259 -     91.04 |  100.00 |     0.94 |   1.00
0260 -     82.17 |  100.00 |     0.85 |   1.00
0261 -     90.36 |   98.22 |     0.80 |   0.94
0262 -      0.00 |    0.00 |     0.96 |   0.96
0263 -     79.93 |  100.00 |     0.84 |   1.00
0264 -     86.48 |  100.00 |     0.90 |   1.00
0265 -     87.61 |  100.00 |     0.94 |   1.00
0266 -     73.16 |  100.00 |     0.95 |   1.00
0267 -      0.00 |    0.00 |     0.97 |   0.99
0268 -     92.28 |  100.00 |     0.93 |   1.00
0269 -      0.00 |    0.00 |     0.98 |   0.99
0270 -     46.35 |  100.00 |     0.96 |   1.00
0271 -     17.86 |   97.65 |     0.93 |   0.96
0272 -      0.00 |    0.00 |     0.20 |   0.20
0273 -      9.15 |  100.00 |     0.94 |   1.00
0274 -     65.22 |   69.85 |     0.98 |   0.99
0275 -     92.53 |  100.00 |     1.00 |   1.00
0276 -     91.28 |  100.00 |     0.98 |   1.00
0277 -     64.49 |   66.90 |     0.97 |   0.99
0278 -     91.50 |  100.00 |     0.91 |   1.00
0279 -     24.60 |   25.80 |     0.87 |   0.88
0280 -     50.72 |   99.24 |     0.97 |   0.97
0281 -      0.00 |    0.00 |     0.98 |   1.00
0282 -     23.65 |   62.82 |     0.95 |   0.97
0283 -     53.32 |  100.00 |     0.98 |   1.00
0284 -     91.53 |  100.00 |     0.96 |   0.97
0285 -     79.46 |  100.00 |     0.97 |   1.00
0286 -     10.56 |   10.23 |     0.97 |   1.00
0287 -     42.29 |  100.00 |     0.98 |   1.00
0288 -      0.00 |    0.00 |     0.85 |   0.86
0289 -      0.00 |  100.00 |     0.97 |   1.00
0290 -     73.35 |  100.00 |     0.98 |   1.00
0291 -     62.20 |  100.00 |     0.87 |   1.00
0292 -      0.00 |    0.00 |     0.86 |   0.87
0293 -     36.97 |  100.00 |     0.96 |   1.00
0294 -     57.43 |   67.44 |     0.98 |   0.99
0295 -     10.04 |   24.83 |     0.72 |   0.85
0296 -     93.99 |   98.49 |     0.98 |   1.00
0297 -      0.00 |    0.00 |     0.95 |   0.99
0298 -      0.00 |   72.07 |     0.96 |   0.98
0299 -     22.61 |   98.88 |     0.97 |   0.98
0300 -     78.75 |  100.00 |     0.98 |   1.00
0301 -     84.53 |   97.43 |     0.91 |   0.99
0302 -      0.00 |    0.00 |     0.91 |   0.89
0303 -     55.43 |   49.72 |     0.95 |   1.00
0304 -      8.00 |    0.00 |     0.62 |   0.66
0305 -      9.74 |    8.98 |     0.93 |   0.94
0306 -      0.00 |   64.33 |     0.96 |   0.98
0307 -     27.39 |  100.00 |     0.93 |   1.00
0308 -     21.00 |   42.22 |     0.95 |   0.98
0309 -     81.59 |   31.75 |     0.97 |   0.99
0310 -     97.72 |  100.00 |     0.95 |   1.00
0311 -     70.57 |  100.00 |     0.99 |   1.00
0312 -      0.00 |    0.00 |     0.94 |   0.95
0313 -     87.52 |   99.15 |     0.81 |   0.94
0314 -      0.00 |    0.00 |     0.95 |   0.97
0315 -     85.16 |  100.00 |     0.97 |   1.00
0316 -     96.98 |   98.97 |     0.98 |   0.99
0317 -     61.18 |   95.64 |     0.99 |   1.00
0318 -     80.58 |  100.00 |     0.87 |   1.00
0319 -     61.99 |  100.00 |     0.98 |   1.00
0320 -      0.00 |   25.26 |     0.98 |   1.00
0321 -     51.14 |   98.17 |     0.90 |   0.92
0322 -     92.60 |  100.00 |     0.99 |   1.00
0323 -      0.00 |    0.00 |     0.95 |   0.96
0324 -      0.00 |   98.13 |     0.82 |   0.87
0325 -     83.90 |  100.00 |     0.86 |   1.00
0326 -     45.81 |   45.68 |     0.97 |   0.98
0327 -     92.88 |   98.94 |     0.97 |   0.99
0328 -     14.00 |  100.00 |     1.00 |   1.00
0329 -     19.71 |   17.48 |     0.95 |   0.99
0330 -     94.00 |  100.00 |     0.91 |   1.00
0331 -     25.53 |   43.08 |     0.95 |   0.99
0332 -     90.91 |  100.00 |     0.96 |   1.00
0333 -      6.04 |    6.22 |     0.95 |   1.00
0334 -     84.45 |   98.21 |     0.96 |   1.00
0335 -      0.00 |    0.00 |     0.90 |   0.92
0336 -     63.31 |  100.00 |     0.91 |   1.00
0337 -      0.00 |    0.00 |     0.99 |   0.99
0338 -      0.00 |  100.00 |     0.94 |   1.00
0339 -     22.51 |  100.00 |     0.97 |   1.00
0340 -     12.74 |   19.76 |     0.98 |   0.98
0341 -     90.19 |   91.08 |     0.96 |   0.97
0342 -      0.00 |    0.00 |     0.88 |   0.89
0343 -     10.10 |    0.00 |     0.94 |   0.94
0344 -     62.68 |  100.00 |     0.98 |   1.00
0345 -     92.90 |  100.00 |     0.98 |   1.00
0346 -     83.94 |   89.57 |     0.91 |   0.92
0347 -      0.00 |    0.00 |     0.88 |   0.90
0348 -     15.87 |   15.72 |     0.98 |   1.00
0349 -     76.40 |  100.00 |     0.98 |   1.00
0350 -     45.52 |  100.00 |     0.95 |   1.00
0351 -      0.00 |    0.00 |     0.97 |   0.99
0352 -     84.54 |  100.00 |     0.87 |   1.00
0353 -     64.02 |   63.49 |     0.94 |   0.95
0354 -     41.66 |   48.77 |     0.98 |   1.00
0355 -     82.68 |   94.63 |     0.96 |   0.97
0356 -     59.68 |   99.22 |     0.99 |   1.00
0357 -     81.18 |  100.00 |     0.98 |   1.00
0358 -     73.84 |  100.00 |     0.92 |   1.00
0359 -     93.07 |   98.63 |     0.98 |   1.00
0360 -     85.49 |   98.36 |     0.90 |   0.97
0361 -      0.00 |    0.00 |     0.88 |   0.88
0362 -     83.40 |  100.00 |     0.98 |   1.00
0363 -      6.41 |   88.15 |     0.94 |   0.97
0364 -     93.64 |  100.00 |     0.96 |   1.00
0365 -      0.00 |    0.00 |     0.98 |   0.99
0366 -     88.45 |  100.00 |     0.94 |   1.00
0367 -     26.93 |   11.84 |     0.93 |   0.96
0368 -      0.00 |    0.00 |     0.72 |   0.84
0369 -     70.08 |   98.41 |     0.94 |   0.95
0370 -     94.01 |  100.00 |     0.98 |   1.00
0371 -     12.95 |   96.16 |     0.98 |   0.99
0372 -     84.42 |   31.33 |     0.99 |   0.99
0373 -     95.98 |  100.00 |     0.96 |   1.00
0374 -      5.82 |   52.37 |     0.97 |   1.00
0375 -     91.28 |  100.00 |     0.91 |   1.00
0376 -      0.00 |    0.00 |     0.97 |   0.99
0377 -     80.84 |   80.84 |     0.96 |   1.00
0378 -     50.42 |   77.06 |     0.87 |   0.96
0379 -     37.55 |   26.57 |     0.96 |   0.99
0380 -      0.00 |    0.00 |     0.97 |   0.99
0381 -      0.00 |    0.00 |     0.89 |   0.89
0382 -     88.68 |  100.00 |     0.93 |   1.00
0383 -     90.80 |  100.00 |     0.95 |   1.00
0384 -     14.42 |   89.57 |     0.92 |   0.95
0385 -     10.73 |  100.00 |     0.99 |   1.00
0386 -     72.70 |   96.86 |     0.99 |   1.00
0387 -     94.68 |   39.74 |     0.94 |   0.95
0388 -     23.70 |  100.00 |     0.98 |   1.00
0389 -     91.37 |  100.00 |     0.95 |   1.00
0390 -     15.55 |  100.00 |     0.98 |   1.00
0391 -     84.24 |   94.07 |     0.81 |   0.99
0392 -     68.38 |  100.00 |     0.98 |   1.00
0393 -     39.62 |  100.00 |     0.96 |   1.00
0394 -     32.56 |  100.00 |     0.97 |   1.00
0395 -      0.00 |    0.00 |     0.94 |   0.94
0396 -     89.38 |  100.00 |     0.99 |   1.00
0397 -     91.36 |  100.00 |     0.97 |   1.00
0398 -     23.71 |  100.00 |     0.97 |   1.00
0399 -     42.86 |  100.00 |     0.96 |   1.00
0400 -     30.55 |   30.38 |     0.92 |   0.94
0401 -      7.96 |    7.96 |     0.94 |   0.96
0402 -     35.33 |  100.00 |     0.99 |   1.00
0403 -     27.03 |  100.00 |     0.97 |   1.00
0404 -     49.23 |   98.59 |     0.97 |   0.98
0405 -     68.77 |  100.00 |     0.97 |   1.00
0406 -     84.93 |   88.71 |     0.92 |   0.95
0407 -     74.49 |   97.73 |     0.96 |   1.00
0408 -      0.00 |    0.00 |     0.98 |   0.99
0409 -     94.70 |  100.00 |     0.99 |   1.00
0410 -     91.88 |  100.00 |     0.97 |   1.00
0411 -      0.00 |    0.00 |     0.91 |   0.95
0412 -      8.68 |   93.88 |     0.97 |   0.94
0413 -     63.30 |  100.00 |     0.98 |   1.00
0414 -      0.00 |    0.00 |     0.79 |   0.82
0415 -     26.91 |  100.00 |     0.97 |   1.00
0416 -     89.53 |  100.00 |     0.97 |   1.00
0417 -      0.00 |    0.00 |     0.95 |   1.00
0418 -     92.67 |  100.00 |     0.98 |   1.00
0419 -      0.00 |    0.00 |     0.98 |   0.98
0420 -     55.51 |   53.11 |     0.91 |   0.99
0421 -     17.42 |   47.86 |     0.94 |   0.97
0422 -     27.95 |  100.00 |     0.99 |   1.00
0423 -     72.05 |   73.48 |     0.95 |   0.98
0424 -     81.34 |  100.00 |     0.97 |   1.00
0425 -     42.15 |    7.34 |     0.78 |   0.79
0426 -     33.82 |   39.89 |     0.86 |   0.93
0427 -     90.01 |  100.00 |     0.98 |   1.00
0428 -     76.98 |  100.00 |     0.99 |   1.00
0429 -     80.77 |   86.99 |     0.95 |   0.99
0430 -     87.69 |  100.00 |     0.94 |   1.00
0431 -     55.02 |   89.99 |     0.97 |   1.00
0432 -      0.00 |    0.00 |     0.89 |   0.91
0433 -     92.29 |   98.11 |     0.96 |   0.98
0434 -     69.08 |  100.00 |     0.95 |   1.00
0435 -     37.62 |   98.79 |     0.96 |   0.98
0436 -      7.83 |  100.00 |     0.98 |   1.00
0437 -      4.96 |   84.30 |     0.94 |   0.95
0438 -     94.15 |  100.00 |     0.97 |   1.00
0439 -     24.51 |   37.36 |     0.91 |   0.93
0440 -     43.30 |  100.00 |     0.99 |   1.00
0441 -     92.99 |  100.00 |     1.00 |   1.00
0442 -     21.43 |   48.09 |     0.97 |   0.98
0443 -     47.40 |  100.00 |     0.92 |   1.00
0444 -      0.00 |    0.00 |     0.84 |   0.86
0445 -     86.13 |  100.00 |     0.91 |   1.00
0446 -     44.30 |   75.22 |     0.99 |   1.00
0447 -     46.61 |  100.00 |     0.90 |   1.00
0448 -     91.73 |   97.99 |     0.97 |   0.98
0449 -     67.93 |  100.00 |     0.96 |   1.00
0450 -     92.89 |  100.00 |     1.00 |   1.00
0451 -      9.25 |   16.05 |     0.95 |   0.96
0452 -     94.94 |   94.94 |     0.98 |   0.99
0453 -      6.52 |    6.52 |     0.88 |   0.90
0454 -     95.73 |   98.63 |     0.97 |   1.00
0455 -      0.00 |    0.00 |     0.99 |   1.00
0456 -      8.26 |   98.23 |     0.91 |   0.92
0457 -     88.23 |  100.00 |     0.94 |   1.00
0458 -     46.47 |   44.64 |     0.99 |   1.00
0459 -     86.40 |  100.00 |     0.92 |   1.00
0460 -     70.26 |    0.00 |     0.97 |   0.98
0461 -     68.98 |  100.00 |     0.93 |   1.00
0462 -     65.60 |  100.00 |     0.97 |   1.00
0463 -     22.27 |  100.00 |     0.95 |   1.00
0464 -     47.66 |   59.31 |     0.92 |   0.97
0465 -     88.61 |  100.00 |     0.97 |   1.00
0466 -     85.42 |  100.00 |     0.91 |   1.00
0467 -     91.21 |  100.00 |     0.99 |   1.00
0468 -     72.03 |   87.24 |     0.80 |   0.94
0469 -     79.93 |  100.00 |     0.89 |   1.00
0470 -      0.00 |    0.00 |     0.95 |   1.00
0471 -     18.53 |   98.49 |     0.98 |   0.99
0472 -     50.90 |   58.67 |     0.93 |   0.95
0473 -     19.06 |  100.00 |     0.94 |   1.00
0474 -     51.05 |   57.44 |     0.93 |   0.99
0475 -     39.66 |  100.00 |     0.98 |   1.00
0476 -     64.44 |   81.58 |     0.92 |   0.97
0477 -      0.00 |    0.00 |     0.99 |   0.99
0478 -      0.00 |    0.00 |     0.93 |   0.94
0479 -     82.03 |   96.49 |     0.83 |   0.86
0480 -     68.81 |  100.00 |     0.92 |   1.00
0481 -     45.63 |   83.55 |     0.96 |   0.99
0482 -      0.00 |    0.00 |     0.91 |   0.99
0483 -     13.31 |  100.00 |     0.99 |   1.00
0484 -      0.00 |    0.00 |     0.82 |   0.84
0485 -      0.00 |    0.00 |     0.81 |   0.89
0486 -      0.00 |    0.00 |     0.95 |   0.96
0487 -     27.01 |   69.08 |     0.99 |   1.00
0488 -      0.00 |  100.00 |     0.97 |   1.00
0489 -      0.00 |    0.00 |     0.92 |   0.95
0490 -      5.98 |    7.00 |     0.97 |   1.00
0491 -      0.00 |   44.32 |     0.97 |   0.98
0492 -      0.00 |  100.00 |     0.99 |   1.00
0493 -      0.00 |    0.00 |     0.93 |   0.94
0494 -     56.42 |  100.00 |     0.97 |   1.00
0495 -     91.64 |  100.00 |     0.99 |   1.00
0496 -     39.32 |   97.67 |     0.89 |   0.96
0497 -      0.00 |    0.00 |     0.88 |   0.87
0498 -      0.00 |    0.00 |     0.90 |   0.99
0499 -     24.73 |   24.31 |     0.97 |   1.00
0500 -     56.68 |   55.58 |     0.98 |   0.99
0501 -      0.00 |   98.59 |     0.96 |   0.97
0502 -     20.52 |   21.01 |     0.92 |   0.96
0503 -     82.16 |   92.05 |     0.84 |   0.93
0504 -    100.00 |   93.35 |     1.00 |   0.96
0505 -     43.12 |   37.33 |     0.82 |   0.80
0506 -     89.86 |  100.00 |     0.98 |   1.00
0507 -     14.45 |  100.00 |     0.99 |   1.00
0508 -      0.00 |    0.00 |     0.96 |   1.00
0509 -      0.00 |    0.00 |     0.90 |   0.91
0510 -     11.52 |  100.00 |     0.98 |   1.00
0511 -      0.00 |   99.41 |     0.96 |   0.98
0512 -     91.58 |  100.00 |     0.95 |   1.00
0513 -     76.23 |  100.00 |     0.88 |   1.00
0514 -     73.39 |  100.00 |     0.70 |   1.00
0515 -      0.00 |    0.00 |     0.98 |   1.00
0516 -     82.87 |  100.00 |     0.99 |   1.00
0517 -      4.67 |    4.64 |     0.94 |   0.96
0518 -     50.11 |  100.00 |     0.98 |   1.00
0519 -     55.93 |  100.00 |     0.92 |   1.00
0520 -      0.00 |    0.00 |     0.98 |   1.00
0521 -     32.64 |   98.90 |     0.96 |   1.00
0522 -     70.54 |   63.76 |     0.97 |   0.98
0523 -      0.00 |    0.00 |     0.93 |   1.00
0524 -      0.00 |    0.00 |     0.96 |   0.97
0525 -      0.00 |    0.00 |     0.97 |   0.99
0526 -     69.89 |  100.00 |     0.95 |   1.00
0527 -     96.33 |  100.00 |     0.96 |   1.00
0528 -     96.37 |  100.00 |     0.95 |   0.98
0529 -      0.00 |   25.72 |     0.89 |   0.89
0530 -      0.00 |    0.00 |     0.97 |   1.00
0531 -     87.48 |  100.00 |     0.93 |   1.00
0532 -      0.00 |  100.00 |     0.97 |   1.00
0533 -     80.82 |   80.82 |     0.93 |   0.99
0534 -     11.82 |   11.82 |     0.98 |   0.99
0535 -      0.00 |    0.00 |     0.99 |   1.00
0536 -     78.89 |  100.00 |     0.95 |   1.00
0537 -     45.70 |  100.00 |     0.79 |   1.00
0538 -      0.00 |    4.33 |     0.98 |   1.00
0539 -     90.42 |   94.05 |     0.96 |   0.99
0540 -     13.74 |   13.92 |     0.82 |   0.82
0541 -      0.00 |    0.00 |     0.93 |   0.95
0542 -     43.03 |  100.00 |     0.99 |   1.00
0543 -      0.00 |    0.00 |     0.95 |   1.00
0544 -      0.00 |    0.00 |     0.42 |   0.39
0545 -     83.39 |   72.74 |     0.92 |   0.95
0546 -     93.01 |  100.00 |     0.97 |   1.00
0547 -     59.27 |   24.90 |     0.93 |   0.99
0548 -     93.86 |  100.00 |     0.97 |   1.00
0549 -     85.82 |  100.00 |     0.96 |   1.00
0550 -      0.00 |    0.00 |     0.90 |   0.91
0551 -     22.76 |  100.00 |     0.90 |   1.00
0552 -     31.03 |  100.00 |     0.98 |   1.00
0553 -     54.79 |  100.00 |     0.95 |   1.00
0554 -     63.13 |  100.00 |     0.99 |   1.00
0555 -      0.00 |    0.00 |     0.93 |   0.97
0556 -      0.00 |    0.00 |     1.00 |   0.96
0557 -     61.12 |   96.55 |     0.93 |   0.99
0558 -     98.13 |  100.00 |     0.99 |   1.00
0559 -     73.06 |   99.05 |     0.96 |   0.97
0560 -     20.26 |   20.28 |     0.82 |   0.83
0561 -     95.76 |  100.00 |     0.98 |   1.00
0562 -      0.00 |    0.00 |     0.81 |   0.89
0563 -     39.54 |  100.00 |     0.96 |   1.00
0564 -     47.87 |   37.32 |     0.93 |   0.96
0565 -     84.70 |  100.00 |     0.99 |   1.00
0566 -     45.05 |   33.50 |     0.93 |   0.92
0567 -     43.25 |  100.00 |     0.95 |   1.00
0568 -      0.00 |    0.00 |     0.99 |   1.00
0569 -     21.88 |   98.40 |     0.99 |   1.00
0570 -     97.40 |  100.00 |     0.98 |   1.00
0571 -     41.54 |   96.22 |     0.96 |   0.97
0572 -     72.29 |  100.00 |     0.97 |   1.00
0573 -      5.71 |  100.00 |     0.99 |   1.00
0574 -      0.00 |    0.00 |     0.59 |   0.61
0575 -     77.40 |   78.64 |     0.96 |   0.97
0576 -     71.36 |   80.95 |     0.97 |   1.00
0577 -     15.41 |   88.81 |     0.93 |   0.96
0578 -     15.79 |   98.61 |     0.97 |   0.98
0579 -     93.82 |   48.54 |     0.96 |   0.97
0580 -      0.00 |    0.00 |     0.75 |   0.80
0581 -      0.00 |    0.00 |     0.98 |   0.99
0582 -     90.68 |  100.00 |     0.98 |   1.00
0583 -     33.86 |  100.00 |     0.96 |   1.00
0584 -     11.48 |   97.75 |     0.95 |   0.97
0585 -     47.46 |   77.39 |     0.97 |   1.00
0586 -     58.35 |  100.00 |     0.98 |   1.00
0587 -     63.25 |  100.00 |     0.97 |   1.00
0588 -     24.34 |   98.69 |     0.96 |   0.97
0589 -      0.00 |  100.00 |     0.88 |   1.00
0590 -      0.00 |    0.00 |     0.96 |   0.99
0591 -     81.89 |   51.90 |     0.99 |   1.00
0592 -     90.88 |   96.65 |     0.98 |   0.99
0593 -     30.10 |   71.69 |     0.90 |   0.93
0594 -     61.15 |   65.12 |     0.97 |   0.98
0595 -      0.00 |    0.00 |     0.91 |   0.96
0596 -     21.25 |  100.00 |     0.95 |   1.00
0597 -      0.00 |    0.00 |     0.98 |   1.00
0598 -      0.00 |    0.00 |     0.93 |   0.97
0599 -      7.01 |  100.00 |     0.98 |   1.00
0600 -      0.00 |    7.78 |     0.93 |   0.95
0601 -      0.00 |    7.70 |     0.93 |   0.99
0602 -     85.19 |  100.00 |     0.99 |   1.00
0603 -     87.69 |   95.31 |     0.94 |   0.99
0604 -      0.00 |    0.00 |     0.85 |   0.87
0605 -     92.00 |  100.00 |     0.96 |   1.00
0606 -     78.27 |   99.16 |     0.97 |   0.99
0607 -      0.00 |    0.00 |     0.91 |   0.96
0608 -     62.38 |   91.57 |     0.95 |   0.98
0609 -     17.66 |   17.66 |     0.96 |   0.99
0610 -      0.00 |    0.00 |     0.87 |   0.94
0611 -     28.11 |   27.22 |     0.94 |   0.97
0612 -      0.00 |    0.00 |     0.97 |   0.98
0613 -     35.24 |  100.00 |     0.99 |   1.00
0614 -     85.33 |  100.00 |     0.97 |   1.00
0615 -     93.23 |   97.93 |     0.99 |   1.00
0616 -      0.00 |    0.00 |     0.76 |   0.77
0617 -      0.00 |    0.00 |     0.66 |   0.83
0618 -     50.46 |   50.46 |     0.87 |   0.88
0619 -     20.87 |   98.93 |     0.96 |   0.98
0620 -     89.88 |  100.00 |     0.94 |   1.00
0621 -      0.00 |    0.00 |     0.97 |   1.00
0622 -      0.00 |    0.00 |     0.94 |   0.95
0623 -     91.47 |   99.35 |     0.95 |   0.96
0624 -     98.70 |  100.00 |     0.99 |   1.00
0625 -     72.33 |   72.78 |     0.98 |   0.99
0626 -      0.00 |    0.00 |     0.94 |   0.99
0627 -     51.93 |   61.91 |     0.95 |   0.99
0628 -     36.02 |  100.00 |     0.96 |   1.00
0629 -      0.00 |    0.00 |     0.97 |   0.97
0630 -     28.12 |   98.50 |     0.91 |   0.96
0631 -     64.99 |   65.39 |     0.99 |   0.99
0632 -     91.90 |   96.79 |     0.95 |   0.95
0633 -     95.99 |   21.87 |     0.99 |   1.00
0634 -      0.00 |    0.00 |     0.89 |   0.90
0635 -     81.57 |   88.47 |     0.89 |   0.94
0636 -     18.38 |  100.00 |     0.99 |   1.00
0637 -     44.28 |   66.71 |     0.97 |   0.98
0638 -     59.96 |   95.99 |     0.93 |   0.95
0639 -     93.60 |  100.00 |     0.98 |   1.00
0640 -     12.06 |   12.43 |     0.89 |   0.98
0641 -     49.67 |  100.00 |     0.97 |   1.00
0642 -     35.46 |   34.20 |     0.90 |   0.91
0643 -     21.00 |   21.10 |     0.91 |   0.94
0644 -      0.00 |    0.00 |     0.93 |   0.93
0645 -     15.42 |  100.00 |     0.97 |   1.00
0646 -      0.00 |    0.00 |     0.98 |   0.99
0647 -      0.00 |    0.00 |     0.98 |   1.00
0648 -     92.64 |  100.00 |     0.98 |   1.00
0649 -     95.18 |  100.00 |     0.98 |   1.00
0650 -     12.86 |   13.72 |     0.57 |   0.65
0651 -     91.40 |   98.90 |     0.96 |   0.98
0652 -     86.95 |  100.00 |     0.97 |   1.00
0653 -      0.00 |  100.00 |     0.94 |   1.00
0654 -      8.95 |   46.65 |     0.94 |   0.95
0655 -     82.05 |  100.00 |     0.97 |   1.00
0656 -     79.41 |  100.00 |     0.97 |   1.00
0657 -     93.08 |   86.06 |     0.79 |   0.88
0658 -      0.00 |    0.00 |     0.85 |   0.92
0659 -      0.00 |    0.00 |     0.79 |   0.87
0660 -      0.00 |  100.00 |     0.90 |   1.00
0661 -     92.59 |  100.00 |     0.97 |   1.00
0662 -     26.46 |  100.00 |     0.97 |   1.00
0663 -      0.00 |    0.00 |     0.97 |   1.00
0664 -      0.00 |    0.00 |     0.88 |   0.89
0665 -      0.00 |   22.49 |     0.77 |   1.00
0666 -     91.01 |  100.00 |     0.97 |   1.00
0667 -      0.00 |    0.00 |     0.82 |   0.87
0668 -      0.00 |    0.00 |     0.94 |   0.99
0669 -     77.17 |  100.00 |     0.90 |   1.00
0670 -     91.95 |  100.00 |     0.96 |   1.00
0671 -     80.65 |  100.00 |     0.88 |   1.00
0672 -     94.35 |  100.00 |     0.94 |   1.00
0673 -     19.16 |  100.00 |     0.98 |   1.00
0674 -      0.00 |   26.82 |     0.89 |   0.95
0675 -     91.64 |   93.09 |     0.98 |   0.99
0676 -     93.97 |  100.00 |     0.96 |   1.00
0677 -     31.58 |   31.71 |     0.97 |   0.97
0678 -     67.78 |   98.77 |     0.95 |   0.96
0679 -     13.82 |   13.82 |     0.98 |   1.00
0680 -     42.90 |  100.00 |     0.93 |   1.00
0681 -      0.00 |    0.00 |     0.64 |   0.87
0682 -      0.00 |    0.00 |     0.91 |   0.91
0683 -      0.00 |    0.00 |     0.91 |   0.96
0684 -     30.50 |  100.00 |     0.96 |   1.00
0685 -      0.00 |    0.00 |     0.94 |   1.00
0686 -     72.44 |   96.36 |     0.94 |   0.99
0687 -      0.00 |  100.00 |     0.97 |   1.00
0688 -     78.92 |   81.35 |     0.94 |   0.99
0689 -     94.25 |  100.00 |     0.99 |   1.00
0690 -     26.27 |  100.00 |     0.99 |   1.00
0691 -     94.40 |  100.00 |     0.98 |   1.00
0692 -     99.52 |   20.55 |     0.97 |   0.97
0693 -      0.00 |    0.00 |     0.93 |   0.95
0694 -     95.39 |   99.38 |     0.94 |   0.96
0695 -     24.62 |  100.00 |     0.99 |   1.00
0696 -     49.73 |   95.40 |     0.99 |   1.00
0697 -     26.62 |    6.02 |     0.93 |   0.94
0698 -     38.61 |   98.35 |     0.94 |   0.96
0699 -     48.06 |   73.60 |     0.89 |   0.98
0700 -     91.34 |   96.00 |     0.97 |   0.99
0701 -     87.91 |   98.49 |     0.93 |   0.98
0702 -     79.15 |  100.00 |     0.97 |   1.00
0703 -      0.00 |    0.00 |     0.91 |   0.97
0704 -     60.42 |  100.00 |     0.97 |   1.00
0705 -      0.00 |    0.00 |     0.90 |   0.95
0706 -     76.35 |   76.50 |     0.96 |   0.99
0707 -     81.25 |   93.27 |     0.98 |   1.00
0708 -     14.07 |   14.07 |     0.89 |   1.00
0709 -     67.16 |   67.16 |     0.74 |   0.98
0710 -     28.69 |  100.00 |     0.93 |   0.94
0711 -     71.35 |  100.00 |     0.94 |   1.00
0712 -     78.68 |  100.00 |     0.99 |   1.00
0713 -      0.00 |    0.00 |     0.89 |   0.91
0714 -     54.26 |   58.66 |     0.96 |   0.98
0715 -     26.21 |  100.00 |     0.98 |   1.00
0716 -     92.35 |  100.00 |     0.93 |   1.00
0717 -     65.41 |  100.00 |     0.83 |   1.00
0718 -     43.03 |  100.00 |     0.99 |   1.00
0719 -      0.00 |    0.00 |     0.86 |   0.88
0720 -     94.55 |  100.00 |     0.98 |   1.00
0721 -      0.00 |    0.00 |     0.95 |   0.99
0722 -     95.83 |  100.00 |     0.97 |   1.00
0723 -     41.68 |   38.74 |     0.73 |   0.81
0724 -      0.00 |    0.00 |     0.97 |   0.99
0725 -     54.39 |  100.00 |     0.98 |   1.00
0726 -     87.15 |   99.40 |     0.99 |   0.99
0727 -     27.09 |  100.00 |     0.99 |   1.00
0728 -     50.68 |  100.00 |     0.97 |   0.98
0729 -     94.02 |   99.14 |     0.93 |   0.95
0730 -      0.00 |   88.57 |     0.96 |   0.99
0731 -     17.96 |  100.00 |     0.95 |   1.00
0732 -     32.23 |   30.75 |     0.99 |   1.00
0733 -      0.00 |    0.00 |     0.96 |   0.97
0734 -     47.68 |  100.00 |     0.99 |   1.00
0735 -     92.56 |   56.37 |     0.95 |   0.99
0736 -     60.95 |   86.55 |     0.99 |   1.00
0737 -     71.09 |   93.27 |     0.98 |   0.99
0738 -     83.95 |  100.00 |     0.93 |   1.00
0739 -     86.57 |   93.19 |     0.93 |   0.97
0740 -     36.15 |   41.53 |     0.95 |   0.96
0741 -      0.00 |    0.00 |     0.84 |   0.93
0742 -     95.12 |   99.33 |     0.99 |   1.00
0743 -     96.20 |  100.00 |     1.00 |   1.00
0744 -     14.09 |   14.01 |     0.93 |   0.96
0745 -     36.09 |   99.41 |     0.98 |   0.99
0746 -      0.00 |    0.00 |     0.98 |   0.98
0747 -      0.00 |    0.00 |     0.94 |   0.99
0748 -     83.74 |   89.72 |     0.95 |   0.96
0749 -     97.90 |  100.00 |     0.98 |   1.00
0750 -     41.38 |   98.88 |     0.98 |   0.99
0751 -     38.98 |   88.81 |     0.85 |   0.95
0752 -     91.36 |   99.07 |     0.97 |   0.98
0753 -      0.00 |    0.00 |     0.94 |   1.00
0754 -     37.40 |   16.90 |     0.95 |   0.98
0755 -      0.00 |    0.00 |     0.86 |   0.91
0756 -     83.68 |  100.00 |     0.98 |   1.00
0757 -     77.16 |  100.00 |     0.98 |   1.00
0758 -     63.38 |   63.38 |     0.90 |   0.88
0759 -      5.70 |    5.78 |     0.92 |   0.92
0760 -     93.17 |  100.00 |     0.93 |   1.00
0761 -     77.17 |  100.00 |     0.94 |   1.00
0762 -     86.97 |   98.69 |     0.94 |   1.00
0763 -     54.89 |  100.00 |     0.97 |   1.00
0764 -     95.87 |  100.00 |     0.99 |   1.00
0765 -     78.61 |  100.00 |     0.87 |   1.00
0766 -     17.59 |    0.00 |     0.95 |   0.97
0767 -     93.62 |  100.00 |     0.97 |   1.00
0768 -     58.19 |   96.99 |     0.65 |   0.87
0769 -     22.82 |  100.00 |     0.90 |   1.00
0770 -      0.00 |    0.00 |     0.93 |   0.95
0771 -     46.22 |  100.00 |     0.98 |   1.00
0772 -      0.00 |  100.00 |     0.97 |   1.00
0773 -     65.90 |  100.00 |     0.99 |   1.00
0774 -     20.24 |  100.00 |     0.96 |   1.00
0775 -     34.95 |   60.10 |     0.96 |   0.98
0776 -     81.76 |  100.00 |     0.78 |   1.00
0777 -     47.85 |   50.93 |     0.82 |   1.00
0778 -     93.54 |   97.95 |     0.97 |   0.97
0779 -     10.91 |   49.40 |     0.94 |   0.95
0780 -     45.23 |   52.19 |     0.97 |   1.00
0781 -      0.00 |   21.11 |     0.92 |   1.00
0782 -      0.00 |   85.99 |     0.87 |   0.97
0783 -      0.00 |    0.00 |     0.95 |   0.96
0784 -     58.06 |  100.00 |     0.98 |   1.00
0785 -     81.41 |  100.00 |     0.98 |   1.00
0786 -     89.73 |  100.00 |     0.97 |   1.00
0787 -     20.47 |   18.88 |     0.86 |   0.88
0788 -      0.00 |    0.00 |     0.85 |   0.87
0789 -      0.00 |    0.00 |     0.92 |   1.00
0790 -     93.19 |  100.00 |     0.97 |   1.00
0791 -     17.64 |  100.00 |     0.99 |   1.00
0792 -     23.98 |   24.49 |     0.82 |   0.91
0793 -      0.00 |    0.00 |     0.99 |   1.00
0794 -     39.09 |   36.29 |     0.92 |   0.93
0795 -     94.56 |  100.00 |     0.97 |   1.00
0796 -     80.42 |   94.30 |     0.87 |   0.99
0797 -     80.37 |  100.00 |     0.94 |   1.00
0798 -     25.12 |  100.00 |     0.97 |   1.00
0799 -      5.69 |    5.57 |     0.95 |   0.98
0800 -      0.00 |    0.00 |     0.92 |   0.99
0801 -     19.21 |    0.00 |     0.96 |   0.96
0802 -     87.55 |  100.00 |     0.98 |   1.00
0803 -     90.78 |  100.00 |     0.98 |   1.00
0804 -     49.95 |   20.15 |     0.96 |   1.00
0805 -      0.00 |    0.00 |     0.97 |   0.99
0806 -     86.85 |  100.00 |     0.96 |   1.00
0807 -     32.94 |   32.04 |     0.92 |   0.88
0808 -      0.00 |    0.00 |     0.96 |   0.97
0809 -      6.00 |    5.96 |     0.94 |   1.00
0810 -     25.79 |   25.93 |     0.98 |   1.00
0811 -     92.59 |   97.30 |     0.96 |   1.00
0812 -      0.00 |    0.00 |     0.95 |   0.97
0813 -      0.00 |    0.00 |     0.93 |   0.94
0814 -     76.68 |  100.00 |     0.94 |   1.00
0815 -     26.17 |   89.52 |     0.90 |   0.97
0816 -      0.00 |    0.00 |     0.96 |   1.00
0817 -     22.46 |  100.00 |     0.97 |   1.00
0818 -      0.00 |    0.00 |     0.94 |   0.95
0819 -     27.94 |   87.26 |     0.93 |   0.97
0820 -     28.21 |   92.54 |     0.95 |   0.99
0821 -     36.97 |   97.98 |     0.92 |   0.96
0822 -     96.12 |  100.00 |     0.99 |   1.00
0823 -     44.75 |   91.99 |     0.95 |   0.96
0824 -     73.05 |   98.91 |     0.96 |   0.97
0825 -     23.42 |   98.80 |     0.94 |   0.96
0826 -      0.00 |    0.00 |     0.79 |   0.92
0827 -     14.88 |  100.00 |     0.98 |   1.00
0828 -      0.00 |    0.00 |     0.91 |   0.93
0829 -     27.12 |  100.00 |     0.98 |   1.00
0830 -     34.36 |   33.07 |     0.97 |   0.98
0831 -     82.75 |  100.00 |     0.85 |   1.00
0832 -     48.77 |   98.28 |     0.95 |   0.99
==============================================
