==============================================
BLEU GOLD:                               41.66
BLEU IN:                                 59.73
SIM GOLD:                               0.9287
SIM IN:                                 0.9644
==============================================
       BLEU GOLD | BLEU IN | SIM GOLD | SIM IN
0001 -      0.00 |    0.00 |     0.95 |   0.99
0002 -      8.39 |    8.39 |     0.86 |   0.88
0003 -     46.14 |   80.83 |     0.93 |   0.94
0004 -      0.00 |    0.00 |     0.93 |   0.98
0005 -     29.57 |   84.63 |     0.97 |   0.99
0006 -     94.63 |  100.00 |     1.00 |   1.00
0007 -     83.36 |   97.80 |     0.75 |   0.78
0008 -     36.80 |   78.95 |     0.92 |   0.97
0009 -     56.09 |   62.58 |     0.98 |   1.00
0010 -      0.00 |    0.00 |     0.97 |   0.99
0011 -     89.23 |  100.00 |     0.95 |   1.00
0012 -     46.82 |   52.35 |     0.94 |   0.96
0013 -     41.46 |   40.84 |     0.92 |   0.95
0014 -     58.49 |   85.47 |     0.95 |   0.97
0015 -     67.52 |   76.22 |     0.69 |   0.72
0016 -     90.05 |  100.00 |     0.96 |   1.00
0017 -      0.00 |    0.00 |     0.93 |   0.99
0018 -     94.81 |  100.00 |     0.98 |   1.00
0019 -     32.80 |   96.77 |     0.97 |   0.98
0020 -     53.75 |   91.50 |     0.98 |   0.99
0021 -     37.47 |   55.41 |     0.99 |   1.00
0022 -      0.00 |    0.00 |     0.94 |   0.99
0023 -     15.99 |   18.65 |     0.92 |   0.94
0024 -     42.83 |  100.00 |     0.97 |   1.00
0025 -      0.00 |    0.00 |     0.88 |   1.00
0026 -      0.00 |    0.00 |     0.99 |   1.00
0027 -      0.00 |    0.00 |     0.89 |   0.99
0028 -     59.46 |   98.18 |     0.97 |   1.00
0029 -      7.59 |   14.40 |     0.94 |   0.97
0030 -     21.20 |   72.57 |     0.92 |   0.94
0031 -      0.00 |    3.90 |     0.98 |   0.99
0032 -     13.60 |    0.00 |     0.98 |   0.99
0033 -      0.00 |    0.00 |     0.96 |   0.97
0034 -     58.53 |   43.09 |     0.92 |   0.94
0035 -      0.00 |  100.00 |     0.98 |   1.00
0036 -     94.44 |  100.00 |     0.95 |   1.00
0037 -     13.29 |  100.00 |     0.92 |   1.00
0038 -     39.43 |  100.00 |     0.96 |   1.00
0039 -     60.64 |   95.58 |     0.97 |   0.98
0040 -     49.53 |  100.00 |     0.99 |   1.00
0041 -      0.00 |    0.00 |     0.94 |   0.96
0042 -     29.01 |   49.42 |     0.92 |   0.99
0043 -      0.00 |  100.00 |     1.00 |   1.00
0044 -      0.00 |    0.00 |     0.81 |   0.85
0045 -     94.07 |  100.00 |     0.97 |   1.00
0046 -     32.69 |   99.23 |     0.95 |   0.99
0047 -     65.48 |  100.00 |     0.58 |   1.00
0048 -      0.00 |    0.00 |     0.95 |   0.96
0049 -     63.72 |  100.00 |     0.98 |   1.00
0050 -     68.15 |   96.89 |     0.97 |   0.99
0051 -      0.00 |   15.60 |     0.85 |   0.92
0052 -     16.36 |  100.00 |     0.97 |   1.00
0053 -     42.31 |  100.00 |     0.98 |   1.00
0054 -      0.00 |    0.00 |     0.84 |   0.86
0055 -     89.68 |  100.00 |     0.96 |   1.00
0056 -     84.08 |  100.00 |     0.96 |   1.00
0057 -     29.63 |   89.20 |     0.90 |   0.95
0058 -     60.95 |   77.31 |     0.91 |   0.96
0059 -     73.64 |  100.00 |     0.98 |   1.00
0060 -      0.00 |    0.00 |     0.94 |   0.96
0061 -     92.61 |   97.17 |     0.98 |   0.99
0062 -      0.00 |    0.00 |     0.93 |   1.00
0063 -     38.69 |   37.98 |     0.88 |   0.96
0064 -      5.06 |    4.98 |     0.96 |   0.97
0065 -     60.49 |   91.21 |     0.95 |   0.99
0066 -     63.72 |   92.99 |     0.95 |   0.97
0067 -      0.00 |    0.00 |     0.97 |   0.98
0068 -     47.74 |   47.74 |     0.85 |   0.91
0069 -     31.11 |   70.90 |     0.90 |   0.94
0070 -      0.00 |    6.48 |     0.95 |   0.96
0071 -      0.00 |    0.00 |     0.90 |   0.91
0072 -     26.36 |  100.00 |     0.99 |   1.00
0073 -      0.00 |    0.00 |     0.87 |   0.90
0074 -     30.94 |   31.59 |     0.97 |   0.99
0075 -     89.33 |   99.62 |     0.96 |   1.00
0076 -     28.03 |  100.00 |     0.99 |   1.00
0077 -     79.33 |  100.00 |     0.97 |   1.00
0078 -      0.00 |    0.00 |     0.61 |   0.64
0079 -     34.83 |   96.68 |     0.94 |   0.97
0080 -     91.05 |  100.00 |     0.94 |   1.00
0081 -     36.72 |  100.00 |     0.98 |   1.00
0082 -     68.17 |   99.49 |     0.98 |   1.00
0083 -     12.27 |   12.55 |     0.75 |   0.80
0084 -     78.75 |   97.64 |     0.87 |   0.94
0085 -      0.00 |    0.00 |     0.88 |   0.86
0086 -     88.51 |  100.00 |     0.87 |   1.00
0087 -      0.00 |   38.49 |     0.85 |   0.88
0088 -      0.00 |    0.00 |     0.97 |   0.98
0089 -     87.55 |  100.00 |     0.88 |   0.92
0090 -     85.58 |   98.73 |     0.89 |   0.94
0091 -     91.56 |  100.00 |     0.92 |   1.00
0092 -     66.25 |  100.00 |     0.94 |   1.00
0093 -     92.91 |  100.00 |     0.93 |   1.00
0094 -     72.61 |  100.00 |     0.54 |   1.00
0095 -     93.99 |   98.61 |     0.96 |   0.98
0096 -      0.00 |    0.00 |     0.97 |   1.00
0097 -     73.38 |   76.27 |     0.90 |   0.92
0098 -     65.78 |   64.21 |     0.95 |   0.99
0099 -      0.00 |    0.00 |     0.98 |   1.00
0100 -      0.00 |   39.39 |     0.88 |   0.85
0101 -     55.61 |   91.55 |     0.87 |   0.89
0102 -     73.34 |   93.92 |     0.88 |   0.92
0103 -     85.46 |   40.48 |     0.90 |   0.96
0104 -     23.47 |   24.36 |     0.98 |   0.99
0105 -     22.48 |   20.16 |     0.96 |   0.98
0106 -     50.58 |  100.00 |     0.97 |   1.00
0107 -     48.96 |    0.00 |     0.95 |   0.96
0108 -      0.00 |    0.00 |     0.73 |   0.95
0109 -      0.00 |   97.17 |     0.98 |   1.00
0110 -     79.93 |   98.70 |     0.93 |   1.00
0111 -     73.15 |   90.65 |     0.93 |   0.97
0112 -     67.64 |   63.35 |     0.93 |   0.97
0113 -      0.00 |    3.77 |     0.92 |   0.94
0114 -     22.67 |  100.00 |     0.99 |   1.00
0115 -      0.00 |    0.00 |     0.81 |   0.84
0116 -     75.31 |  100.00 |     0.95 |   1.00
0117 -      7.15 |   10.78 |     0.89 |   0.90
0118 -     27.82 |   25.24 |     0.96 |   0.98
0119 -     19.84 |   19.36 |     0.79 |   0.82
0120 -     50.36 |   71.33 |     0.87 |   1.00
0121 -     57.39 |   81.35 |     0.94 |   0.96
0122 -     96.56 |  100.00 |     0.94 |   0.99
0123 -     58.05 |  100.00 |     0.96 |   1.00
0124 -     94.77 |  100.00 |     0.99 |   1.00
0125 -     87.60 |   93.92 |     0.96 |   0.97
0126 -     95.88 |  100.00 |     0.95 |   1.00
0127 -     57.20 |   70.72 |     0.93 |   0.98
0128 -     37.35 |  100.00 |     0.96 |   1.00
0129 -     93.27 |   97.47 |     0.97 |   0.98
0130 -     11.98 |   12.26 |     0.98 |   0.99
0131 -      0.00 |    0.00 |     0.85 |   0.89
0132 -     30.10 |   92.53 |     0.92 |   0.98
0133 -     53.54 |   52.99 |     0.91 |   0.95
0134 -     11.61 |   87.42 |     0.94 |   0.99
0135 -     54.97 |   90.64 |     0.95 |   0.96
0136 -      0.00 |    0.00 |     0.83 |   0.99
0137 -     94.34 |   22.59 |     0.97 |   0.98
0138 -     17.38 |   18.06 |     0.91 |   0.98
0139 -      0.00 |    0.00 |     0.89 |   0.92
0140 -     78.99 |  100.00 |     0.90 |   1.00
0141 -     55.97 |   53.93 |     0.99 |   1.00
0142 -      0.00 |   34.13 |     0.98 |   0.99
0143 -     37.39 |   89.00 |     0.97 |   0.99
0144 -     50.19 |   39.24 |     0.96 |   0.97
0145 -      0.00 |    0.00 |     0.88 |   0.92
0146 -      0.00 |    0.00 |     0.90 |   0.97
0147 -     75.81 |   98.59 |     0.92 |   0.93
0148 -     10.34 |  100.00 |     0.98 |   1.00
0149 -     93.68 |  100.00 |     0.97 |   1.00
0150 -      7.31 |   99.07 |     0.96 |   0.97
0151 -     74.61 |    0.00 |     0.96 |   0.98
0152 -      0.00 |    0.00 |     0.95 |   1.00
0153 -     82.17 |   91.05 |     0.90 |   0.99
0154 -     25.91 |   98.15 |     0.93 |   0.97
0155 -     35.22 |    0.00 |     0.97 |   1.00
0156 -     98.39 |  100.00 |     0.99 |   1.00
0157 -     91.85 |   99.32 |     0.94 |   1.00
0158 -     84.51 |  100.00 |     0.97 |   1.00
0159 -      4.97 |    0.00 |     0.85 |   0.88
0160 -      0.00 |    0.00 |     0.92 |   0.96
0161 -     92.30 |   99.27 |     0.93 |   0.97
0162 -     28.64 |   98.89 |     0.97 |   0.98
0163 -     63.25 |  100.00 |     0.98 |   1.00
0164 -     50.72 |   55.81 |     0.90 |   0.91
0165 -      0.00 |    0.00 |     0.92 |   0.91
0166 -     34.46 |   69.01 |     0.98 |   0.98
0167 -     27.57 |   27.81 |     0.83 |   0.89
0168 -      7.06 |    7.51 |     0.96 |   0.97
0169 -     92.89 |  100.00 |     0.97 |   1.00
0170 -      0.00 |    0.00 |     0.76 |   0.80
0171 -      0.00 |    0.00 |     0.94 |   0.98
0172 -     86.94 |  100.00 |     0.98 |   1.00
0173 -     92.81 |  100.00 |     0.98 |   1.00
0174 -     69.82 |  100.00 |     0.98 |   1.00
0175 -      0.00 |    0.00 |     0.78 |   0.80
0176 -     79.51 |  100.00 |     0.99 |   1.00
0177 -     84.61 |   89.66 |     0.97 |   0.99
0178 -     79.16 |  100.00 |     0.91 |   1.00
0179 -     52.47 |   49.07 |     1.00 |   0.91
0180 -     78.37 |   70.11 |     0.82 |   0.84
0181 -      0.00 |    0.00 |     0.94 |   0.99
0182 -      5.01 |    4.24 |     0.93 |   0.95
0183 -     26.10 |   26.10 |     0.92 |   0.97
0184 -     92.89 |  100.00 |     0.96 |   1.00
0185 -      0.00 |    0.00 |     0.95 |   0.97
0186 -      0.00 |    0.00 |     0.86 |   0.87
0187 -     53.66 |   40.00 |     0.93 |   0.99
0188 -     89.39 |  100.00 |     0.95 |   1.00
0189 -     36.47 |  100.00 |     0.84 |   1.00
0190 -      0.00 |    0.00 |     0.90 |   0.95
0191 -     32.18 |  100.00 |     0.94 |   1.00
0192 -      5.55 |    0.00 |     0.81 |   0.86
0193 -      0.00 |    0.00 |     0.93 |   0.98
0194 -     28.11 |   40.57 |     0.95 |   0.96
0195 -     70.45 |  100.00 |     0.99 |   1.00
0196 -      0.00 |    0.00 |     0.91 |   0.91
0197 -      0.00 |    0.00 |     0.88 |   0.94
0198 -     91.66 |   97.15 |     0.95 |   0.99
0199 -     92.39 |  100.00 |     0.93 |   1.00
0200 -      0.00 |    0.00 |     0.76 |   0.79
0201 -     17.40 |   99.17 |     0.93 |   0.95
0202 -     60.44 |   97.49 |     0.96 |   1.00
0203 -     93.89 |  100.00 |     0.96 |   1.00
0204 -     30.19 |   21.05 |     0.97 |   0.97
0205 -      0.00 |    0.00 |     0.89 |   0.94
0206 -     94.90 |  100.00 |     0.99 |   1.00
0207 -     91.41 |  100.00 |     0.98 |   1.00
0208 -     67.51 |   67.14 |     0.96 |   0.95
0209 -     87.17 |   98.40 |     0.89 |   0.93
0210 -     61.64 |   22.42 |     0.96 |   0.98
0211 -     26.07 |  100.00 |     0.97 |   1.00
0212 -      0.00 |    0.00 |     0.97 |   0.99
0213 -      9.15 |    9.09 |     0.97 |   0.99
0214 -      8.12 |   98.38 |     0.96 |   1.00
0215 -     23.28 |    0.00 |     0.89 |   0.96
0216 -     74.94 |   80.02 |     0.98 |   1.00
0217 -      0.00 |    0.00 |     0.67 |   0.81
0218 -     86.47 |  100.00 |     0.98 |   1.00
0219 -     37.49 |   98.63 |     0.92 |   0.94
0220 -     50.67 |   53.60 |     0.90 |   0.99
0221 -     82.03 |  100.00 |     0.89 |   1.00
0222 -      0.00 |    0.00 |     0.97 |   0.98
0223 -      0.00 |    0.00 |     0.93 |   1.00
0224 -     91.61 |   96.08 |     0.99 |   1.00
0225 -     42.61 |  100.00 |     0.98 |   1.00
0226 -     91.53 |  100.00 |     0.96 |   1.00
0227 -      0.00 |    0.00 |     0.68 |   0.68
0228 -     77.31 |   77.48 |     0.97 |   1.00
0229 -     57.04 |    0.00 |     0.85 |   0.87
0230 -     72.22 |   64.77 |     0.89 |   0.92
0231 -     89.79 |  100.00 |     0.99 |   1.00
0232 -      0.00 |    0.00 |     0.84 |   0.88
0233 -     64.07 |  100.00 |     0.95 |   1.00
0234 -     13.80 |   13.73 |     0.90 |   0.92
0235 -      0.00 |    0.00 |     0.90 |   0.97
0236 -      0.00 |  100.00 |     0.94 |   1.00
0237 -     95.18 |  100.00 |     0.96 |   1.00
0238 -     65.56 |  100.00 |     0.98 |   1.00
0239 -     56.81 |   92.25 |     0.96 |   0.97
0240 -     11.79 |   98.53 |     0.95 |   0.97
0241 -     43.29 |  100.00 |     0.98 |   1.00
0242 -     17.15 |   52.25 |     0.99 |   1.00
0243 -     78.68 |  100.00 |     0.89 |   1.00
0244 -     12.13 |   11.08 |     0.95 |   0.96
0245 -      4.35 |   10.08 |     0.97 |   0.98
0246 -     76.96 |  100.00 |     0.86 |   1.00
0247 -     96.91 |  100.00 |     0.99 |   1.00
0248 -      0.00 |    0.00 |     0.88 |   0.90
0249 -     78.50 |   98.83 |     0.89 |   1.00
0250 -      0.00 |   15.68 |     0.93 |   0.94
0251 -     69.04 |  100.00 |     0.94 |   1.00
0252 -      0.00 |    0.00 |     0.89 |   0.89
0253 -     58.28 |   15.39 |     0.96 |   0.99
0254 -      5.04 |   68.00 |     0.96 |   1.00
0255 -     95.91 |  100.00 |     0.95 |   1.00
0256 -     15.31 |   37.55 |     0.96 |   0.98
0257 -      0.00 |    0.00 |     0.81 |   0.82
0258 -      0.00 |    0.00 |     0.88 |   0.92
0259 -     91.04 |  100.00 |     0.94 |   1.00
0260 -     82.17 |  100.00 |     0.85 |   1.00
0261 -     98.22 |  100.00 |     0.85 |   1.00
0262 -      0.00 |    0.00 |     0.68 |   0.68
0263 -     79.93 |  100.00 |     0.84 |   1.00
0264 -     86.48 |  100.00 |     0.90 |   1.00
0265 -     79.84 |   90.01 |     0.90 |   0.97
0266 -     73.16 |  100.00 |     0.95 |   1.00
0267 -      0.00 |    0.00 |     0.97 |   0.99
0268 -     89.82 |   97.42 |     0.93 |   1.00
0269 -     71.95 |  100.00 |     0.99 |   0.99
0270 -     46.35 |  100.00 |     0.96 |   1.00
0271 -     17.86 |   97.65 |     0.96 |   0.98
0272 -      0.00 |    0.00 |     0.86 |   0.90
0273 -      9.15 |  100.00 |     0.94 |   1.00
0274 -     10.29 |   10.66 |     0.91 |   0.92
0275 -     92.53 |  100.00 |     1.00 |   1.00
0276 -     91.28 |  100.00 |     0.98 |   1.00
0277 -     41.67 |   40.60 |     0.97 |   0.99
0278 -     91.50 |  100.00 |     0.91 |   1.00
0279 -     66.93 |   81.23 |     0.94 |   0.96
0280 -     50.72 |   99.24 |     0.96 |   0.96
0281 -      0.00 |   98.85 |     0.93 |   0.96
0282 -     23.65 |   62.82 |     0.95 |   0.97
0283 -     53.32 |  100.00 |     0.98 |   1.00
0284 -      8.32 |   10.99 |     0.95 |   0.96
0285 -     19.79 |   16.82 |     0.87 |   0.88
0286 -     10.26 |   25.31 |     0.94 |   0.97
0287 -     42.29 |  100.00 |     0.98 |   1.00
0288 -     14.86 |    0.00 |     0.83 |   0.84
0289 -      0.00 |  100.00 |     0.97 |   1.00
0290 -     73.35 |  100.00 |     0.98 |   1.00
0291 -     62.20 |  100.00 |     0.87 |   1.00
0292 -      0.00 |    0.00 |     0.86 |   0.87
0293 -     36.97 |  100.00 |     0.96 |   1.00
0294 -     57.43 |   67.44 |     0.98 |   0.99
0295 -     10.04 |   24.83 |     0.72 |   0.85
0296 -     94.69 |   98.65 |     0.96 |   0.97
0297 -      0.00 |    0.00 |     0.95 |   0.99
0298 -      8.01 |    0.00 |     0.97 |   0.99
0299 -     22.61 |   97.79 |     0.96 |   0.97
0300 -     30.41 |   30.41 |     0.94 |   0.97
0301 -     86.88 |  100.00 |     0.91 |   1.00
0302 -      0.00 |    0.00 |     0.89 |   0.92
0303 -     54.19 |   48.44 |     0.93 |   0.97
0304 -      0.00 |    0.00 |     0.84 |   0.82
0305 -      9.85 |    9.43 |     0.93 |   0.95
0306 -      0.00 |   17.62 |     0.97 |   1.00
0307 -     27.39 |  100.00 |     0.93 |   1.00
0308 -     46.48 |    0.00 |     0.80 |   0.79
0309 -     81.59 |   31.75 |     0.97 |   0.99
0310 -     97.72 |  100.00 |     0.95 |   1.00
0311 -     70.57 |  100.00 |     0.99 |   1.00
0312 -      0.00 |    0.00 |     0.98 |   0.99
0313 -     87.52 |   99.15 |     0.90 |   0.97
0314 -     48.78 |  100.00 |     0.98 |   1.00
0315 -     85.16 |  100.00 |     0.97 |   1.00
0316 -     96.98 |   98.97 |     0.98 |   0.99
0317 -     61.95 |   96.96 |     1.00 |   1.00
0318 -     68.34 |   88.75 |     0.85 |   0.98
0319 -     61.99 |  100.00 |     0.98 |   1.00
0320 -      0.00 |    0.00 |     0.98 |   1.00
0321 -     54.61 |   81.23 |     0.88 |   0.87
0322 -     35.95 |   36.10 |     0.98 |   0.99
0323 -     18.48 |   12.20 |     0.95 |   0.96
0324 -      0.00 |    0.00 |     0.90 |   0.94
0325 -     83.90 |  100.00 |     0.86 |   1.00
0326 -     45.81 |   45.68 |     0.97 |   0.98
0327 -     92.88 |   98.94 |     0.97 |   0.99
0328 -     14.00 |  100.00 |     1.00 |   1.00
0329 -     17.71 |   15.54 |     0.94 |   0.98
0330 -     94.00 |  100.00 |     0.91 |   1.00
0331 -      0.00 |    0.00 |     0.60 |   0.57
0332 -     90.91 |  100.00 |     0.96 |   1.00
0333 -     39.57 |   91.58 |     0.87 |   0.93
0334 -     84.45 |   98.21 |     0.96 |   1.00
0335 -      0.00 |    0.00 |     0.93 |   0.91
0336 -     63.31 |  100.00 |     0.91 |   1.00
0337 -      0.00 |    0.00 |     0.99 |   0.99
0338 -      0.00 |   85.00 |     0.89 |   0.96
0339 -     22.51 |  100.00 |     0.97 |   1.00
0340 -     19.08 |   25.87 |     1.00 |   1.00
0341 -     96.43 |   97.28 |     0.98 |   0.99
0342 -      0.00 |    0.00 |     0.88 |   0.89
0343 -      3.92 |    3.60 |     0.94 |   0.94
0344 -     45.13 |   80.98 |     0.90 |   0.93
0345 -     92.90 |  100.00 |     0.98 |   1.00
0346 -     84.37 |   90.74 |     0.91 |   0.91
0347 -      0.00 |    0.00 |     0.89 |   0.90
0348 -     51.46 |  100.00 |     0.98 |   1.00
0349 -     76.40 |  100.00 |     0.98 |   1.00
0350 -     45.52 |  100.00 |     0.95 |   1.00
0351 -      0.00 |    0.00 |     0.97 |   0.99
0352 -     85.32 |   98.79 |     0.82 |   0.93
0353 -     64.45 |   63.60 |     0.94 |   0.95
0354 -     36.12 |   35.66 |     0.91 |   0.92
0355 -     86.63 |   98.57 |     0.97 |   0.98
0356 -     59.86 |  100.00 |     1.00 |   1.00
0357 -     81.18 |  100.00 |     0.98 |   1.00
0358 -     73.84 |  100.00 |     0.92 |   1.00
0359 -     93.07 |   98.63 |     0.98 |   1.00
0360 -     85.49 |   98.36 |     0.90 |   0.97
0361 -     69.35 |   68.49 |     0.91 |   0.90
0362 -     21.33 |    0.00 |     0.98 |   1.00
0363 -      6.41 |   88.15 |     0.94 |   0.97
0364 -     93.64 |  100.00 |     0.96 |   1.00
0365 -      0.00 |    0.00 |     0.98 |   0.99
0366 -     88.45 |  100.00 |     0.94 |   1.00
0367 -      7.87 |    7.87 |     0.75 |   0.77
0368 -      9.05 |    9.44 |     0.89 |   0.91
0369 -     70.08 |   98.41 |     0.93 |   0.95
0370 -      0.00 |    0.00 |     0.96 |   0.97
0371 -     12.92 |   95.92 |     0.97 |   0.99
0372 -     12.06 |   93.61 |     0.99 |   1.00
0373 -     95.98 |  100.00 |     0.96 |   1.00
0374 -      5.61 |   49.81 |     0.96 |   0.98
0375 -     91.28 |  100.00 |     0.91 |   1.00
0376 -     78.69 |  100.00 |     0.98 |   1.00
0377 -     80.84 |   80.84 |     0.96 |   1.00
0378 -     72.28 |  100.00 |     0.90 |   1.00
0379 -      0.00 |    0.00 |     0.98 |   1.00
0380 -      0.00 |    0.00 |     0.97 |   0.99
0381 -      0.00 |   68.11 |     0.95 |   0.95
0382 -     88.68 |  100.00 |     0.93 |   1.00
0383 -     90.80 |  100.00 |     0.95 |   1.00
0384 -     14.42 |   91.29 |     0.96 |   0.98
0385 -      0.00 |    0.00 |     0.89 |   0.89
0386 -     73.50 |  100.00 |     0.99 |   1.00
0387 -     94.68 |   39.74 |     0.92 |   0.93
0388 -     23.70 |  100.00 |     0.98 |   1.00
0389 -     91.37 |  100.00 |     0.95 |   1.00
0390 -     15.55 |  100.00 |     0.98 |   1.00
0391 -     31.38 |   31.38 |     0.75 |   0.93
0392 -     68.38 |  100.00 |     0.98 |   1.00
0393 -     39.62 |  100.00 |     0.96 |   1.00
0394 -     32.72 |   73.22 |     0.88 |   0.93
0395 -     84.11 |   95.50 |     0.99 |   0.99
0396 -     89.38 |  100.00 |     0.99 |   1.00
0397 -     75.69 |   83.71 |     0.94 |   0.97
0398 -     23.71 |  100.00 |     0.97 |   1.00
0399 -     42.86 |  100.00 |     0.96 |   1.00
0400 -     24.45 |   24.72 |     0.94 |   0.96
0401 -      7.96 |    7.96 |     0.94 |   0.96
0402 -     35.33 |   99.04 |     0.98 |   0.99
0403 -     82.05 |   44.97 |     0.97 |   1.00
0404 -     49.23 |  100.00 |     0.99 |   1.00
0405 -     68.77 |  100.00 |     0.97 |   1.00
0406 -     84.93 |   88.71 |     0.92 |   0.95
0407 -     74.49 |   97.73 |     0.96 |   1.00
0408 -      0.00 |    0.00 |     0.98 |   0.99
0409 -      0.00 |    0.00 |     0.95 |   0.96
0410 -     91.88 |  100.00 |     0.97 |   1.00
0411 -      0.00 |    0.00 |     0.97 |   1.00
0412 -     58.24 |   36.85 |     0.87 |   0.86
0413 -     63.30 |  100.00 |     0.98 |   1.00
0414 -      0.00 |    0.00 |     0.86 |   0.90
0415 -     26.91 |   99.23 |     0.95 |   0.97
0416 -      0.00 |    0.00 |     0.97 |   1.00
0417 -      0.00 |    0.00 |     0.95 |   1.00
0418 -     92.67 |  100.00 |     0.98 |   1.00
0419 -      0.00 |    0.00 |     0.97 |   0.96
0420 -      0.00 |    0.00 |     0.28 |   0.29
0421 -     18.05 |   51.00 |     0.95 |   0.99
0422 -     28.33 |   99.21 |     0.99 |   1.00
0423 -     96.10 |   99.12 |     0.97 |   1.00
0424 -     81.34 |  100.00 |     0.97 |   1.00
0425 -     13.63 |   38.49 |     0.97 |   0.98
0426 -     91.67 |  100.00 |     0.93 |   1.00
0427 -     90.01 |  100.00 |     0.98 |   1.00
0428 -     67.32 |   90.89 |     0.99 |   1.00
0429 -     80.77 |   86.99 |     0.95 |   0.99
0430 -     87.69 |  100.00 |     0.94 |   1.00
0431 -     55.02 |   89.99 |     0.97 |   1.00
0432 -     94.31 |   99.39 |     0.99 |   1.00
0433 -      0.00 |    0.00 |     0.93 |   0.95
0434 -      0.00 |    0.00 |     0.89 |   0.93
0435 -     37.62 |   98.79 |     0.96 |   0.98
0436 -      7.83 |  100.00 |     0.98 |   1.00
0437 -      5.85 |   37.77 |     0.82 |   0.84
0438 -     93.01 |   98.86 |     0.95 |   0.97
0439 -      0.00 |    0.00 |     0.76 |   0.77
0440 -     17.02 |   16.82 |     0.94 |   0.95
0441 -     10.23 |   10.29 |     0.95 |   0.95
0442 -     60.41 |    5.62 |     0.98 |   1.00
0443 -     47.40 |  100.00 |     0.92 |   1.00
0444 -     19.01 |  100.00 |     0.99 |   1.00
0445 -     86.13 |  100.00 |     0.91 |   1.00
0446 -     44.30 |   75.22 |     0.99 |   1.00
0447 -     46.61 |  100.00 |     0.90 |   1.00
0448 -     91.73 |   97.99 |     0.99 |   0.99
0449 -     67.93 |  100.00 |     0.96 |   1.00
0450 -      0.00 |    0.00 |     0.95 |   0.95
0451 -      9.25 |   16.05 |     0.95 |   0.96
0452 -     94.94 |   94.94 |     0.98 |   0.99
0453 -      0.00 |    0.00 |     0.89 |   0.91
0454 -      0.00 |    0.00 |     0.92 |   0.95
0455 -      0.00 |    0.00 |     0.96 |   0.97
0456 -      8.26 |   98.23 |     0.91 |   0.92
0457 -     88.23 |  100.00 |     0.94 |   1.00
0458 -     46.47 |   44.64 |     0.99 |   1.00
0459 -     86.40 |  100.00 |     0.92 |   1.00
0460 -     34.72 |   98.95 |     0.98 |   0.98
0461 -     68.98 |  100.00 |     0.93 |   1.00
0462 -     65.60 |  100.00 |     0.97 |   1.00
0463 -     49.31 |   72.14 |     0.89 |   0.94
0464 -     33.49 |   57.64 |     0.82 |   0.87
0465 -     88.61 |  100.00 |     0.97 |   1.00
0466 -     15.04 |   26.88 |     0.85 |   0.94
0467 -     91.21 |  100.00 |     0.99 |   1.00
0468 -     16.84 |   26.85 |     0.79 |   0.94
0469 -     79.93 |  100.00 |     0.89 |   1.00
0470 -      0.00 |    0.00 |     0.91 |   0.97
0471 -     18.53 |   98.49 |     0.98 |   0.99
0472 -     50.90 |   58.67 |     0.93 |   0.95
0473 -     19.06 |  100.00 |     0.94 |   1.00
0474 -      7.18 |    7.36 |     0.92 |   0.97
0475 -     39.66 |  100.00 |     0.98 |   1.00
0476 -     64.44 |   81.58 |     0.92 |   0.97
0477 -     70.06 |   88.79 |     0.97 |   0.98
0478 -     14.44 |    0.00 |     0.94 |   0.95
0479 -     82.03 |   96.49 |     0.92 |   0.96
0480 -     60.05 |   92.96 |     0.91 |   0.98
0481 -     35.97 |  100.00 |     0.98 |   1.00
0482 -     79.83 |   86.40 |     0.87 |   0.96
0483 -     13.31 |  100.00 |     0.99 |   1.00
0484 -      0.00 |    0.00 |     0.84 |   0.86
0485 -      0.00 |    0.00 |     0.82 |   0.91
0486 -     13.08 |   13.77 |     0.92 |   0.92
0487 -      0.00 |    0.00 |     0.98 |   0.99
0488 -      0.00 |  100.00 |     0.97 |   1.00
0489 -      0.00 |    0.00 |     0.93 |   0.95
0490 -      5.78 |    6.77 |     0.97 |   0.99
0491 -      0.00 |    0.00 |     0.95 |   0.96
0492 -      0.00 |   99.16 |     0.95 |   0.98
0493 -      0.00 |    0.00 |     0.95 |   0.96
0494 -     56.42 |  100.00 |     0.97 |   1.00
0495 -      0.00 |    0.00 |     0.97 |   0.99
0496 -     39.32 |   97.67 |     0.89 |   0.96
0497 -      0.00 |    0.00 |     0.90 |   0.92
0498 -     53.30 |   53.42 |     0.91 |   1.00
0499 -     24.73 |   24.31 |     0.97 |   1.00
0500 -     57.61 |   55.72 |     0.97 |   0.97
0501 -      0.00 |   98.59 |     0.96 |   0.97
0502 -     20.79 |   21.06 |     0.93 |   0.97
0503 -     82.16 |   92.05 |     0.84 |   0.93
0504 -    100.00 |   93.35 |     1.00 |   0.96
0505 -     43.71 |  100.00 |     0.95 |   1.00
0506 -     89.86 |  100.00 |     0.98 |   1.00
0507 -     14.45 |  100.00 |     0.99 |   1.00
0508 -      0.00 |    0.00 |     0.80 |   0.84
0509 -     19.19 |   20.71 |     0.87 |   0.88
0510 -     11.59 |   96.99 |     0.96 |   0.98
0511 -      0.00 |    0.00 |     0.92 |   0.93
0512 -     90.82 |   99.26 |     0.92 |   0.97
0513 -     76.23 |  100.00 |     0.88 |   1.00
0514 -     73.39 |  100.00 |     0.70 |   1.00
0515 -     98.03 |  100.00 |     0.99 |   1.00
0516 -     82.87 |  100.00 |     0.99 |   1.00
0517 -      4.67 |    4.64 |     0.94 |   0.96
0518 -     50.11 |  100.00 |     0.98 |   1.00
0519 -     55.99 |   94.77 |     0.92 |   1.00
0520 -      0.00 |    0.00 |     0.90 |   0.91
0521 -     32.64 |   98.90 |     0.96 |   1.00
0522 -     70.54 |   63.76 |     0.97 |   0.98
0523 -      0.00 |    0.00 |     0.93 |   1.00
0524 -     16.22 |   15.83 |     0.87 |   0.88
0525 -      0.00 |    0.00 |     0.95 |   0.95
0526 -     65.45 |   93.65 |     0.94 |   0.99
0527 -     96.33 |  100.00 |     0.96 |   1.00
0528 -     96.37 |  100.00 |     0.95 |   0.98
0529 -      0.00 |    0.00 |     0.84 |   0.86
0530 -      0.00 |    0.00 |     0.97 |   1.00
0531 -     87.48 |  100.00 |     0.93 |   1.00
0532 -      0.00 |   95.76 |     0.96 |   0.99
0533 -     80.82 |   80.82 |     0.93 |   0.99
0534 -     83.57 |   87.58 |     0.98 |   0.99
0535 -      0.00 |    0.00 |     0.99 |   1.00
0536 -     39.53 |   36.55 |     0.92 |   0.98
0537 -     45.70 |  100.00 |     0.79 |   1.00
0538 -      0.00 |    4.33 |     0.97 |   0.99
0539 -      0.00 |    0.00 |     0.92 |   0.95
0540 -      0.00 |    0.00 |     0.67 |   0.70
0541 -      0.00 |    0.00 |     0.90 |   0.95
0542 -     43.03 |  100.00 |     0.99 |   1.00
0543 -      0.00 |    0.00 |     0.95 |   1.00
0544 -     68.25 |   81.64 |     0.90 |   0.96
0545 -     85.25 |   74.00 |     0.95 |   0.98
0546 -     93.35 |   99.56 |     0.97 |   1.00
0547 -     50.19 |   95.01 |     0.93 |   0.99
0548 -     93.86 |  100.00 |     0.97 |   1.00
0549 -      0.00 |    0.00 |     0.92 |   0.94
0550 -      0.00 |    0.00 |     0.88 |   0.89
0551 -     22.76 |  100.00 |     0.90 |   1.00
0552 -     31.03 |  100.00 |     0.98 |   1.00
0553 -     54.79 |  100.00 |     0.95 |   1.00
0554 -     63.13 |  100.00 |     0.99 |   1.00
0555 -     22.72 |   22.72 |     0.93 |   0.97
0556 -      0.00 |    0.00 |     0.94 |   0.91
0557 -     61.12 |   96.55 |     0.93 |   0.99
0558 -     98.13 |  100.00 |     0.99 |   1.00
0559 -     73.06 |  100.00 |     0.98 |   1.00
0560 -      0.00 |    0.00 |     0.94 |   0.98
0561 -      0.00 |    0.00 |     0.79 |   0.81
0562 -     94.15 |   70.40 |     0.82 |   0.90
0563 -     39.54 |  100.00 |     0.96 |   1.00
0564 -     89.37 |   36.08 |     0.97 |   1.00
0565 -     84.70 |  100.00 |     0.99 |   1.00
0566 -     90.79 |  100.00 |     0.99 |   1.00
0567 -     43.25 |  100.00 |     0.95 |   1.00
0568 -     93.18 |  100.00 |     0.99 |   1.00
0569 -     80.22 |    0.00 |     0.98 |   0.99
0570 -     97.40 |  100.00 |     0.98 |   1.00
0571 -     41.54 |   97.20 |     0.99 |   1.00
0572 -      0.00 |    0.00 |     0.94 |   0.96
0573 -      5.71 |  100.00 |     0.99 |   1.00
0574 -      7.89 |    0.00 |     0.74 |   0.81
0575 -     95.03 |  100.00 |     0.96 |   1.00
0576 -     71.36 |   80.12 |     0.97 |   0.99
0577 -     15.41 |  100.00 |     0.96 |   1.00
0578 -     15.79 |  100.00 |     0.99 |   1.00
0579 -     81.32 |   39.42 |     0.96 |   0.97
0580 -     50.16 |   59.28 |     0.88 |   0.95
0581 -      0.00 |    0.00 |     0.94 |   0.94
0582 -     90.68 |  100.00 |     0.98 |   1.00
0583 -     31.41 |   38.16 |     0.95 |   0.91
0584 -     11.29 |   98.69 |     0.98 |   1.00
0585 -     49.33 |   80.29 |     0.95 |   0.98
0586 -     58.35 |  100.00 |     0.98 |   1.00
0587 -      6.59 |    0.00 |     0.84 |   0.86
0588 -     24.48 |   93.63 |     0.92 |   0.94
0589 -      0.00 |    0.00 |     0.85 |   0.75
0590 -      0.00 |    0.00 |     0.97 |   0.99
0591 -     81.16 |   50.83 |     0.97 |   0.99
0592 -     90.88 |   96.65 |     0.98 |   0.99
0593 -     14.65 |   73.14 |     0.88 |   0.93
0594 -     92.19 |   96.01 |     0.97 |   0.98
0595 -     11.50 |   11.50 |     0.88 |   0.93
0596 -      0.00 |    0.00 |     0.71 |   0.75
0597 -      0.00 |    0.00 |     0.95 |   0.97
0598 -     32.11 |   32.31 |     0.97 |   0.99
0599 -      7.01 |  100.00 |     0.98 |   1.00
0600 -      0.00 |    7.67 |     0.84 |   0.87
0601 -      0.00 |    7.70 |     0.93 |   0.99
0602 -     86.84 |   91.68 |     0.93 |   0.91
0603 -     89.11 |   88.52 |     0.93 |   0.96
0604 -      0.00 |    0.00 |     0.96 |   0.98
0605 -     92.00 |  100.00 |     0.96 |   1.00
0606 -     78.27 |   99.16 |     0.98 |   1.00
0607 -      0.00 |    0.00 |     0.94 |   0.98
0608 -     61.17 |   90.44 |     0.95 |   0.97
0609 -      7.98 |    7.38 |     0.90 |   0.91
0610 -      0.00 |    0.00 |     0.87 |   0.92
0611 -      0.00 |    0.00 |     0.91 |   0.93
0612 -     76.96 |   75.66 |     0.91 |   0.92
0613 -     35.24 |  100.00 |     0.99 |   1.00
0614 -     85.33 |  100.00 |     0.97 |   1.00
0615 -      0.00 |    0.00 |     0.93 |   0.93
0616 -      8.65 |    8.65 |     0.88 |   0.92
0617 -      0.00 |    0.00 |     0.74 |   0.89
0618 -     50.46 |   50.46 |     0.87 |   0.88
0619 -     20.87 |   98.93 |     0.96 |   0.98
0620 -     89.88 |  100.00 |     0.94 |   1.00
0621 -      0.00 |    0.00 |     0.95 |   0.98
0622 -      0.00 |    0.00 |     0.87 |   0.89
0623 -      5.59 |    5.62 |     0.90 |   0.91
0624 -     98.70 |  100.00 |     0.99 |   1.00
0625 -     70.03 |   70.03 |     0.96 |   0.97
0626 -      0.00 |    0.00 |     0.93 |   0.97
0627 -      0.00 |    0.00 |     0.91 |   0.96
0628 -     36.02 |  100.00 |     0.96 |   1.00
0629 -      0.00 |    0.00 |     0.97 |   0.99
0630 -     59.00 |    0.00 |     0.91 |   0.97
0631 -     95.92 |   98.94 |     0.97 |   0.98
0632 -      0.00 |    0.00 |     0.83 |   0.85
0633 -     95.99 |   21.87 |     0.99 |   1.00
0634 -      0.00 |    0.00 |     0.76 |   0.78
0635 -     59.31 |   66.18 |     0.90 |   0.95
0636 -     18.38 |  100.00 |     0.99 |   1.00
0637 -     77.12 |  100.00 |     0.99 |   1.00
0638 -      0.00 |    0.00 |     0.87 |   0.89
0639 -     93.60 |  100.00 |     0.98 |   1.00
0640 -     12.06 |   12.43 |     0.89 |   0.98
0641 -     49.67 |  100.00 |     0.97 |   1.00
0642 -     36.50 |   38.89 |     0.91 |   0.91
0643 -     20.52 |   20.84 |     0.90 |   0.93
0644 -     90.08 |   94.14 |     0.95 |   0.96
0645 -     15.42 |  100.00 |     0.97 |   1.00
0646 -     56.83 |    0.00 |     0.96 |   0.97
0647 -      0.00 |    0.00 |     0.86 |   0.87
0648 -      0.00 |    0.00 |     0.98 |   1.00
0649 -     79.65 |   83.00 |     0.96 |   0.98
0650 -      0.00 |    0.00 |     0.77 |   0.82
0651 -     92.50 |  100.00 |     0.98 |   1.00
0652 -      0.00 |    0.00 |     0.97 |   1.00
0653 -      0.00 |  100.00 |     0.94 |   1.00
0654 -     51.90 |   49.51 |     0.96 |   0.96
0655 -     82.05 |  100.00 |     0.97 |   1.00
0656 -     77.90 |   98.09 |     0.97 |   1.00
0657 -      0.00 |    0.00 |     0.78 |   0.86
0658 -      0.00 |    0.00 |     0.86 |   0.93
0659 -      0.00 |    0.00 |     0.93 |   0.99
0660 -      0.00 |  100.00 |     0.90 |   1.00
0661 -     92.59 |  100.00 |     0.97 |   1.00
0662 -     27.32 |   92.74 |     0.97 |   1.00
0663 -      0.00 |    0.00 |     0.97 |   1.00
0664 -      0.00 |    0.00 |     0.67 |   0.67
0665 -      0.00 |   22.49 |     0.77 |   1.00
0666 -     75.29 |   83.51 |     0.94 |   0.97
0667 -     33.69 |   97.80 |     0.95 |   0.97
0668 -      0.00 |    0.00 |     0.94 |   0.99
0669 -     77.17 |  100.00 |     0.90 |   1.00
0670 -     91.95 |  100.00 |     0.96 |   1.00
0671 -     80.65 |  100.00 |     0.88 |   1.00
0672 -      0.00 |    0.00 |     0.85 |   0.92
0673 -     19.16 |  100.00 |     0.98 |   1.00
0674 -     28.95 |   88.37 |     0.89 |   0.94
0675 -     11.13 |   12.44 |     0.94 |   0.96
0676 -     93.97 |  100.00 |     0.96 |   1.00
0677 -     33.00 |  100.00 |     0.99 |   1.00
0678 -     67.78 |   98.77 |     0.96 |   0.97
0679 -     89.98 |   97.10 |     0.96 |   0.98
0680 -     42.90 |  100.00 |     0.93 |   1.00
0681 -      0.00 |    0.00 |     0.61 |   0.80
0682 -     16.98 |    9.68 |     0.91 |   0.89
0683 -      0.00 |    0.00 |     0.91 |   0.96
0684 -      0.00 |    0.00 |     0.95 |   0.99
0685 -      0.00 |    0.00 |     0.81 |   0.87
0686 -     72.44 |   96.36 |     0.94 |   0.99
0687 -      0.00 |  100.00 |     0.97 |   1.00
0688 -     78.92 |   81.35 |     0.94 |   0.99
0689 -     77.47 |   77.34 |     0.98 |   1.00
0690 -     26.27 |  100.00 |     0.99 |   1.00
0691 -     94.40 |  100.00 |     0.98 |   1.00
0692 -      6.68 |    7.03 |     0.94 |   0.94
0693 -      0.00 |    0.00 |     0.71 |   0.75
0694 -     95.39 |   99.38 |     0.94 |   0.97
0695 -     24.62 |  100.00 |     0.99 |   1.00
0696 -     49.73 |   95.40 |     0.99 |   1.00
0697 -      0.00 |   26.56 |     0.96 |   0.96
0698 -     38.61 |   98.35 |     0.94 |   0.97
0699 -      0.00 |    0.00 |     0.66 |   0.73
0700 -     93.60 |   97.39 |     0.98 |   1.00
0701 -     78.98 |   89.05 |     0.90 |   0.96
0702 -     78.12 |   90.55 |     0.94 |   0.97
0703 -      0.00 |    0.00 |     0.86 |   0.91
0704 -     60.42 |  100.00 |     0.97 |   1.00
0705 -      0.00 |    0.00 |     0.90 |   0.95
0706 -     40.33 |   40.61 |     0.95 |   0.99
0707 -     81.25 |   93.27 |     0.98 |   1.00
0708 -     14.07 |   14.07 |     0.89 |   1.00
0709 -     67.16 |   67.16 |     0.74 |   0.98
0710 -     30.03 |   49.15 |     0.82 |   0.83
0711 -     71.35 |  100.00 |     0.94 |   1.00
0712 -     78.68 |  100.00 |     0.99 |   1.00
0713 -     87.16 |   97.22 |     0.93 |   0.94
0714 -     54.26 |   58.66 |     0.96 |   0.98
0715 -      0.00 |    0.00 |     0.93 |   0.95
0716 -     92.35 |  100.00 |     0.93 |   1.00
0717 -     65.41 |  100.00 |     0.83 |   1.00
0718 -     43.03 |  100.00 |     0.99 |   1.00
0719 -      0.00 |    0.00 |     0.84 |   0.84
0720 -     94.55 |  100.00 |     0.98 |   1.00
0721 -      0.00 |    0.00 |     0.97 |   1.00
0722 -     95.83 |  100.00 |     0.97 |   1.00
0723 -     38.99 |   38.45 |     0.94 |   0.97
0724 -      0.00 |    0.00 |     0.96 |   0.97
0725 -     54.39 |  100.00 |     0.98 |   1.00
0726 -     17.66 |    0.00 |     0.91 |   0.91
0727 -     27.09 |  100.00 |     0.99 |   1.00
0728 -     50.68 |  100.00 |     0.99 |   1.00
0729 -     94.02 |   99.14 |     0.94 |   0.96
0730 -      0.00 |   88.57 |     0.96 |   0.99
0731 -     17.96 |  100.00 |     0.95 |   1.00
0732 -     19.98 |   42.08 |     0.97 |   0.99
0733 -     20.89 |   92.84 |     0.97 |   0.97
0734 -     47.68 |  100.00 |     0.99 |   1.00
0735 -     61.83 |  100.00 |     0.96 |   1.00
0736 -     55.88 |   82.38 |     0.99 |   1.00
0737 -     71.09 |   93.27 |     0.98 |   0.99
0738 -     83.95 |  100.00 |     0.93 |   1.00
0739 -     87.04 |   86.13 |     0.92 |   0.98
0740 -     94.78 |  100.00 |     0.99 |   1.00
0741 -     86.24 |  100.00 |     0.90 |   1.00
0742 -     35.93 |   35.93 |     0.98 |   0.99
0743 -     52.38 |   55.44 |     0.99 |   0.99
0744 -     71.33 |   98.91 |     0.95 |   0.96
0745 -      0.00 |    0.00 |     0.91 |   0.91
0746 -     61.13 |   63.21 |     0.99 |   0.99
0747 -      0.00 |    0.00 |     0.94 |   0.99
0748 -     33.82 |   33.82 |     0.95 |   0.96
0749 -     96.64 |   98.71 |     0.98 |   1.00
0750 -      0.00 |    0.00 |     0.92 |   0.95
0751 -     37.17 |  100.00 |     0.91 |   1.00
0752 -     91.36 |   99.07 |     0.97 |   0.98
0753 -      0.00 |    0.00 |     0.94 |   1.00
0754 -     37.40 |   16.90 |     0.95 |   0.98
0755 -      0.00 |    0.00 |     0.91 |   0.95
0756 -     83.68 |  100.00 |     0.98 |   1.00
0757 -     77.16 |  100.00 |     0.98 |   1.00
0758 -    100.00 |   84.38 |     1.00 |   0.90
0759 -      5.70 |    5.78 |     0.92 |   0.92
0760 -     93.17 |  100.00 |     0.93 |   1.00
0761 -     77.17 |  100.00 |     0.94 |   1.00
0762 -     86.97 |   98.69 |     0.94 |   1.00
0763 -     54.89 |  100.00 |     0.97 |   1.00
0764 -     95.87 |  100.00 |     0.99 |   1.00
0765 -     78.61 |  100.00 |     0.87 |   1.00
0766 -     84.38 |   98.49 |     0.95 |   0.96
0767 -     93.62 |  100.00 |     0.97 |   1.00
0768 -     58.19 |   96.99 |     0.65 |   0.87
0769 -     22.06 |   95.28 |     0.89 |   0.99
0770 -      0.00 |    0.00 |     0.92 |   0.93
0771 -      0.00 |    0.00 |     0.94 |   0.96
0772 -      0.00 |  100.00 |     0.97 |   1.00
0773 -     65.90 |   97.30 |     0.95 |   0.96
0774 -     20.24 |  100.00 |     0.96 |   1.00
0775 -     25.89 |  100.00 |     0.97 |   1.00
0776 -     81.76 |  100.00 |     0.78 |   1.00
0777 -     47.85 |   50.93 |     0.82 |   1.00
0778 -     93.54 |   97.95 |     0.96 |   0.97
0779 -      0.00 |    0.00 |     0.90 |   0.91
0780 -     63.80 |   53.15 |     0.97 |   1.00
0781 -      0.00 |   21.11 |     0.92 |   1.00
0782 -      0.00 |   85.93 |     0.88 |   0.97
0783 -     24.80 |   90.34 |     0.97 |   0.98
0784 -     42.31 |    0.00 |     0.93 |   0.94
0785 -     81.41 |  100.00 |     0.98 |   1.00
0786 -     88.81 |   99.11 |     0.92 |   0.95
0787 -      0.00 |    0.00 |     0.95 |   0.97
0788 -      0.00 |    0.00 |     0.99 |   1.00
0789 -      0.00 |    0.00 |     0.92 |   1.00
0790 -     93.19 |  100.00 |     0.97 |   1.00
0791 -     17.30 |   98.28 |     0.99 |   1.00
0792 -     57.91 |   57.91 |     0.89 |   1.00
0793 -      0.00 |    0.00 |     0.97 |   0.98
0794 -     39.09 |   36.29 |     0.93 |   0.95
0795 -     94.56 |  100.00 |     0.97 |   1.00
0796 -     80.42 |   94.30 |     0.87 |   0.99
0797 -     80.17 |   84.75 |     0.94 |   1.00
0798 -     25.12 |  100.00 |     0.97 |   1.00
0799 -     70.57 |   63.41 |     0.97 |   1.00
0800 -      0.00 |    0.00 |     0.92 |   0.99
0801 -      0.00 |    0.00 |     0.97 |   0.98
0802 -     84.20 |   95.82 |     0.97 |   0.99
0803 -     10.26 |   10.30 |     0.98 |   1.00
0804 -     49.95 |   20.15 |     0.96 |   1.00
0805 -      0.00 |    0.00 |     0.90 |   0.92
0806 -     86.85 |  100.00 |     0.96 |   1.00
0807 -     34.35 |   30.63 |     0.93 |   0.95
0808 -      0.00 |    0.00 |     0.96 |   0.97
0809 -      6.00 |    5.96 |     0.94 |   1.00
0810 -     32.50 |   32.38 |     0.96 |   0.97
0811 -     38.12 |   38.23 |     0.88 |   0.90
0812 -      0.00 |    0.00 |     0.96 |   1.00
0813 -      0.00 |    0.00 |     0.99 |   1.00
0814 -      0.00 |   28.33 |     0.82 |   0.90
0815 -     26.17 |   89.52 |     0.90 |   0.97
0816 -      0.00 |    0.00 |     0.82 |   0.82
0817 -     22.46 |  100.00 |     0.97 |   1.00
0818 -      0.00 |    0.00 |     0.96 |   0.97
0819 -     29.07 |   91.33 |     0.94 |   0.98
0820 -     28.21 |   92.54 |     0.95 |   0.99
0821 -     36.97 |   97.98 |     0.92 |   0.96
0822 -     25.35 |   24.99 |     0.98 |   0.99
0823 -     45.97 |   99.13 |     0.97 |   0.97
0824 -     73.05 |  100.00 |     0.99 |   1.00
0825 -     22.82 |   86.23 |     0.93 |   0.93
0826 -      0.00 |    0.00 |     0.77 |   0.88
0827 -      0.00 |    0.00 |     0.88 |   0.92
0828 -      0.00 |    0.00 |     0.95 |   0.97
0829 -     26.39 |   92.22 |     0.93 |   0.95
0830 -     34.36 |   33.07 |     0.97 |   0.98
0831 -     82.75 |  100.00 |     0.85 |   1.00
0832 -     48.77 |   98.28 |     0.95 |   0.99
==============================================
