==============================================
BLEU GOLD:                               24.97
BLEU IN:                                 41.69
SIM GOLD:                               0.8458
SIM IN:                                 0.9248
==============================================
       BLEU GOLD | BLEU IN | SIM GOLD | SIM IN
0001 -     16.29 |   24.60 |     0.69 |   0.77
0002 -     82.66 |   77.46 |     0.95 |   0.99
0003 -     97.89 |   98.40 |     0.84 |   0.99
0004 -     43.92 |   44.83 |     0.90 |   0.98
0005 -     27.10 |   24.64 |     0.94 |   0.90
0006 -      0.00 |    0.00 |     0.74 |   0.89
0007 -     34.82 |   30.60 |     0.88 |   0.90
0008 -      0.00 |    0.00 |     0.60 |   0.79
0009 -      0.00 |    0.00 |     0.81 |   0.94
0010 -     36.05 |   12.05 |     0.97 |   0.98
0011 -     98.94 |  100.00 |     0.87 |   1.00
0012 -     39.43 |   37.07 |     0.94 |   0.99
0013 -      0.00 |    0.00 |     0.96 |   1.00
0014 -      0.00 |   10.85 |     0.77 |   0.94
0015 -      0.00 |    0.00 |     0.88 |   0.92
0016 -     47.74 |   51.10 |     0.79 |   0.96
0017 -      0.00 |   91.86 |     0.48 |   0.79
0018 -      0.00 |    0.00 |     0.86 |   0.91
0019 -      0.00 |   95.88 |     0.95 |   0.98
0020 -     66.22 |   43.17 |     0.84 |   0.95
0021 -     66.64 |   70.83 |     0.93 |   0.96
0022 -      0.00 |    0.00 |     0.95 |   0.99
0023 -      0.00 |   98.32 |     0.92 |   1.00
0024 -     59.40 |   60.01 |     0.98 |   0.99
0025 -     41.64 |   40.67 |     0.84 |   0.96
0026 -     34.72 |   34.89 |     0.94 |   0.95
0027 -      0.00 |    0.00 |     0.92 |   0.99
0028 -     37.08 |   31.38 |     0.93 |   1.00
0029 -     61.76 |   60.91 |     0.91 |   0.95
0030 -     48.50 |   61.80 |     0.96 |   0.96
0031 -     18.73 |   15.91 |     0.69 |   0.76
0032 -     17.38 |   26.73 |     0.79 |   0.86
0033 -     19.93 |   65.85 |     0.87 |   1.00
0034 -      0.00 |    0.00 |     0.93 |   0.95
0035 -     50.61 |   99.18 |     0.86 |   1.00
0036 -     80.25 |    0.00 |     0.96 |   0.98
0037 -      7.43 |   19.28 |     0.70 |   0.84
0038 -     14.29 |   73.41 |     0.81 |   0.93
0039 -     26.93 |   21.01 |     0.90 |   0.97
0040 -     65.37 |   46.66 |     0.82 |   0.94
0041 -     47.76 |  100.00 |     0.93 |   1.00
0042 -     67.63 |   90.52 |     0.86 |   0.94
0043 -     20.88 |   16.44 |     0.97 |   0.97
0044 -     16.52 |   11.69 |     0.89 |   0.97
0045 -     37.71 |   34.11 |     0.90 |   0.97
0046 -      0.00 |    0.00 |     0.94 |   0.97
0047 -     19.79 |    0.00 |     0.89 |   0.96
0048 -     26.21 |   19.46 |     0.91 |   0.98
0049 -     58.51 |   55.70 |     0.98 |   1.00
0050 -     43.42 |   93.88 |     0.89 |   0.94
0051 -      0.00 |    0.00 |     0.48 |   0.60
0052 -      0.00 |    0.00 |     0.91 |   0.96
0053 -      0.00 |    0.00 |     0.70 |   0.80
0054 -     36.50 |   33.12 |     0.79 |   0.86
0055 -     17.93 |    0.00 |     0.86 |   0.96
0056 -     46.79 |   70.03 |     0.89 |   0.91
0057 -      0.00 |    0.00 |     0.94 |   0.92
0058 -     79.57 |   74.80 |     0.88 |   0.92
0059 -     73.26 |   76.54 |     0.66 |   0.69
0060 -      0.00 |    0.00 |     0.83 |   0.86
0061 -     13.93 |   94.59 |     0.96 |   0.97
0062 -     75.56 |   52.17 |     0.91 |   0.92
0063 -     30.02 |   42.97 |     0.31 |   0.42
0064 -     74.26 |   73.17 |     0.92 |   0.96
0065 -      7.05 |    6.82 |     0.89 |   0.90
0066 -     43.71 |  100.00 |     0.93 |   1.00
0067 -     10.31 |    9.60 |     0.98 |   0.99
0068 -      0.00 |    0.00 |     0.42 |   0.67
0069 -      0.00 |    0.00 |     0.90 |   0.96
0070 -      0.00 |    0.00 |     0.87 |   0.92
0071 -      0.00 |    6.80 |     0.82 |   0.87
0072 -     28.90 |   32.86 |     0.83 |   0.99
0073 -      0.00 |    0.00 |     0.78 |   0.91
0074 -      0.00 |    0.00 |     0.78 |   0.84
0075 -     37.16 |   38.32 |     0.94 |   0.99
0076 -     26.61 |   21.74 |     0.75 |   0.91
0077 -     43.91 |   59.45 |     0.88 |   0.91
0078 -     49.60 |  100.00 |     0.87 |   1.00
0079 -      0.00 |   98.13 |     0.94 |   0.99
0080 -     63.88 |   61.43 |     0.93 |   0.98
0081 -     70.91 |   70.20 |     0.93 |   0.97
0082 -      0.00 |   25.39 |     0.80 |   0.85
0083 -     18.51 |   56.58 |     0.91 |   0.92
0084 -     50.64 |   59.43 |     0.83 |   0.96
0085 -      9.69 |   53.36 |     0.69 |   0.94
0086 -      0.00 |   90.79 |     0.88 |   0.99
0087 -     81.95 |  100.00 |     0.90 |   1.00
0088 -      5.37 |    5.38 |     0.95 |   0.96
0089 -     30.72 |   31.10 |     0.93 |   0.95
0090 -     68.82 |   87.93 |     0.83 |   0.99
0091 -     67.51 |    0.00 |     0.76 |   0.69
0092 -     58.65 |   46.33 |     0.94 |   0.93
0093 -      0.00 |    9.74 |     0.85 |   0.98
0094 -      6.17 |   74.90 |     0.87 |   0.99
0095 -     40.36 |   40.45 |     0.80 |   0.87
0096 -      6.72 |    0.00 |     0.68 |   0.77
0097 -      0.00 |    0.00 |     0.77 |   0.83
0098 -     56.72 |   54.23 |     0.87 |   0.94
0099 -     76.50 |  100.00 |     0.87 |   1.00
0100 -     34.02 |   51.10 |     0.64 |   0.96
0101 -     39.95 |   99.18 |     0.82 |   0.95
0102 -      3.91 |    4.20 |     0.95 |   0.96
0103 -      0.00 |    0.00 |     0.90 |   0.93
0104 -     51.12 |   71.66 |     0.89 |   0.94
0105 -      0.00 |   52.73 |     0.88 |   0.96
0106 -      0.00 |    0.00 |     0.93 |   0.95
0107 -     51.21 |    0.00 |     0.81 |   0.92
0108 -      0.00 |    0.00 |     0.86 |   0.95
0109 -     47.34 |   41.03 |     0.77 |   0.85
0110 -      0.00 |    0.00 |     0.81 |   0.91
0111 -     56.17 |   93.88 |     0.95 |   1.00
0112 -     49.91 |  100.00 |     0.95 |   1.00
0113 -     15.17 |   90.02 |     0.93 |   0.99
0114 -     37.33 |   55.64 |     0.91 |   0.91
0115 -     66.04 |  100.00 |     0.99 |   1.00
0116 -      0.00 |    0.00 |     0.89 |   0.99
0117 -     19.16 |   96.90 |     0.94 |   0.95
0118 -     30.90 |  100.00 |     0.94 |   1.00
0119 -     31.09 |   33.52 |     0.71 |   0.80
0120 -      0.00 |    0.00 |     0.64 |   0.65
0121 -      0.00 |  100.00 |     0.82 |   1.00
0122 -     30.70 |   27.86 |     0.76 |   0.81
0123 -     28.29 |   54.72 |     0.81 |   0.85
0124 -     43.07 |  100.00 |     0.58 |   1.00
0125 -      0.00 |   95.97 |     0.95 |   1.00
0126 -      0.00 |   83.14 |     0.92 |   0.96
0127 -     70.56 |   69.94 |     0.90 |   0.96
0128 -      6.58 |    0.00 |     0.88 |   0.98
0129 -      0.00 |    0.00 |     0.61 |   0.84
0130 -      0.00 |    0.00 |     0.87 |   0.93
0131 -     62.20 |   87.58 |     0.94 |   0.96
0132 -     36.47 |   36.37 |     0.81 |   1.00
0133 -     12.86 |   12.56 |     0.91 |   0.95
0134 -     22.71 |    0.00 |     0.93 |   0.97
0135 -     14.95 |   17.40 |     0.83 |   0.85
0136 -     25.50 |   94.78 |     0.95 |   0.99
0137 -     13.22 |   58.25 |     0.96 |   1.00
0138 -      0.00 |   36.10 |     0.78 |   0.98
0139 -     60.84 |   99.54 |     0.95 |   1.00
0140 -     21.91 |   84.97 |     0.88 |   0.97
0141 -     45.31 |   27.64 |     0.85 |   0.95
0142 -      6.39 |    0.00 |     0.72 |   0.95
0143 -     42.35 |   39.55 |     0.89 |   0.95
0144 -      9.06 |   10.11 |     0.65 |   0.73
0145 -     29.95 |   78.45 |     0.95 |   0.98
0146 -     57.72 |   71.58 |     0.95 |   0.98
0147 -      0.00 |    0.00 |     0.61 |   0.75
0148 -     39.71 |   75.69 |     0.84 |   0.96
0149 -     35.39 |   38.33 |     0.94 |   0.97
0150 -     29.46 |   78.79 |     0.76 |   0.93
0151 -      0.00 |   15.43 |     0.64 |   0.86
0152 -     72.11 |   56.28 |     0.92 |   0.96
0153 -      0.00 |    0.00 |     0.87 |   0.88
0154 -     25.06 |   57.94 |     0.60 |   0.79
0155 -     56.91 |   79.27 |     0.91 |   0.94
0156 -     59.02 |    0.00 |     0.87 |   0.94
0157 -      0.00 |   98.96 |     0.76 |   0.96
0158 -     59.36 |  100.00 |     0.88 |   1.00
0159 -      0.00 |    0.00 |     0.87 |   0.91
0160 -     36.63 |   40.66 |     0.68 |   0.77
0161 -      0.00 |    0.00 |     0.40 |   0.58
0162 -      0.00 |    0.00 |     0.83 |   0.83
0163 -     76.74 |   99.01 |     0.96 |   0.98
0164 -      7.81 |    0.00 |     0.53 |   0.60
0165 -      0.00 |   34.31 |     0.92 |   0.89
0166 -      0.00 |    0.00 |     0.87 |   0.97
0167 -      0.00 |    0.00 |     0.89 |   0.88
0168 -     30.89 |   95.87 |     0.77 |   0.96
0169 -     13.89 |   38.03 |     0.73 |   0.91
0170 -     42.81 |  100.00 |     0.95 |   1.00
0171 -      0.00 |    0.00 |     0.94 |   0.96
0172 -     44.37 |   49.64 |     0.90 |   0.96
0173 -      0.00 |    0.00 |     0.76 |   0.69
0174 -      0.00 |    0.00 |     0.73 |   1.00
0175 -     25.84 |   99.05 |     0.92 |   0.98
0176 -     12.82 |   26.12 |     0.85 |   1.00
0177 -      0.00 |   30.23 |     0.90 |   0.97
0178 -      0.00 |    0.00 |     0.88 |   0.83
0179 -      0.00 |    0.00 |     0.88 |   0.96
0180 -      0.00 |    0.00 |     0.79 |   0.95
0181 -      0.00 |    0.00 |     0.60 |   0.72
0182 -     11.71 |   53.90 |     0.90 |   0.98
0183 -      0.00 |    0.00 |     0.67 |   0.69
0184 -      0.00 |   23.19 |     0.89 |   0.92
0185 -      0.00 |    0.00 |     0.58 |   1.00
0186 -      0.00 |   40.69 |     0.72 |   0.92
0187 -      9.85 |    8.21 |     0.78 |   0.82
0188 -      0.00 |   26.43 |     0.89 |   0.90
0189 -     37.63 |   34.43 |     0.88 |   0.94
0190 -     18.91 |   20.33 |     0.94 |   0.98
0191 -      0.00 |    0.00 |     0.92 |   0.94
0192 -      0.00 |  100.00 |     0.76 |   1.00
0193 -      0.00 |    0.00 |     0.81 |   0.85
0194 -     68.09 |   97.45 |     0.91 |   0.96
0195 -     44.50 |   40.41 |     0.92 |   0.98
0196 -      8.23 |   91.45 |     0.90 |   0.98
0197 -     96.42 |   98.02 |     0.87 |   0.98
0198 -      0.00 |    0.00 |     0.64 |   0.67
0199 -     18.53 |   53.15 |     0.88 |   0.93
0200 -      0.00 |    0.00 |     0.91 |   1.00
0201 -     58.05 |  100.00 |     0.86 |   1.00
0202 -      0.00 |    0.00 |     0.74 |   0.79
0203 -      0.00 |   75.56 |     0.87 |   0.95
0204 -      0.00 |   12.94 |     0.91 |   0.94
0205 -     84.25 |   89.28 |     0.94 |   0.96
0206 -     11.03 |    8.97 |     0.84 |   0.85
0207 -     43.63 |   41.70 |     0.92 |   0.94
0208 -      0.00 |   75.86 |     0.91 |   0.93
0209 -     56.00 |   91.75 |     0.86 |   0.94
0210 -     38.77 |   97.13 |     0.93 |   0.99
0211 -      4.13 |    0.00 |     0.73 |   0.92
0212 -     36.46 |   37.09 |     0.89 |   0.98
0213 -     36.32 |   52.04 |     0.86 |   0.93
0214 -      6.57 |    6.75 |     0.87 |   0.98
0215 -     70.96 |   71.35 |     0.89 |   0.89
0216 -      6.08 |   68.61 |     0.93 |   0.97
0217 -      0.00 |    0.00 |     0.80 |   0.79
0218 -      0.00 |    0.00 |     0.24 |   0.35
0219 -      0.00 |    0.00 |     0.89 |   0.96
0220 -     27.80 |   17.14 |     0.89 |   0.88
0221 -     63.39 |   57.38 |     0.92 |   0.93
0222 -      0.00 |    0.00 |     0.77 |   0.80
0223 -     79.78 |   98.99 |     0.95 |   0.99
0224 -     49.50 |   61.98 |     0.93 |   0.99
0225 -      0.00 |    0.00 |     0.77 |   0.96
0226 -      9.42 |    8.73 |     0.80 |   0.88
0227 -      0.00 |    9.54 |     0.96 |   1.00
0228 -      0.00 |    0.00 |     0.91 |   0.91
0229 -     51.48 |  100.00 |     0.51 |   1.00
0230 -      5.98 |    0.00 |     0.87 |   0.94
0231 -     26.92 |   26.53 |     0.89 |   0.97
0232 -      0.00 |   28.06 |     0.84 |   0.88
0233 -     18.22 |   84.41 |     0.81 |   0.89
0234 -      0.00 |    0.00 |     0.94 |   0.96
0235 -      0.00 |    0.00 |     0.64 |   0.70
0236 -     29.81 |   71.19 |     0.94 |   0.97
0237 -      9.16 |   13.92 |     0.82 |   0.89
0238 -      0.00 |    0.00 |     0.72 |   0.84
0239 -     50.88 |   42.73 |     0.89 |   0.97
0240 -     42.72 |   94.26 |     0.86 |   0.98
0241 -     17.89 |   96.83 |     0.98 |   1.00
0242 -      0.00 |    0.00 |     0.79 |   0.83
0243 -      0.00 |    0.00 |     0.95 |   0.97
0244 -     76.54 |   98.07 |     0.90 |   0.98
0245 -     57.50 |   80.61 |     0.82 |   0.98
0246 -      0.00 |   25.35 |     0.91 |   0.93
0247 -      9.59 |    0.00 |     0.77 |   0.76
0248 -      0.00 |    0.00 |     0.97 |   0.99
0249 -     39.63 |   17.60 |     0.88 |   0.90
0250 -      0.00 |    0.00 |     0.62 |   0.75
0251 -      0.00 |   98.22 |     0.95 |   0.98
0252 -     20.43 |   60.46 |     0.73 |   0.85
0253 -      0.00 |   22.64 |     0.81 |   0.99
0254 -      5.58 |    0.00 |     0.92 |   0.92
0255 -     27.47 |   67.57 |     0.79 |   0.94
0256 -      0.00 |    0.00 |     0.77 |   0.81
0257 -     29.79 |    0.00 |     0.87 |   0.91
0258 -     42.70 |   96.08 |     0.84 |   0.99
0259 -     38.75 |   79.88 |     0.73 |   0.88
0260 -     40.22 |   36.55 |     0.95 |   0.99
0261 -      8.44 |    8.45 |     0.96 |   0.98
0262 -     10.23 |   10.58 |     0.75 |   0.74
0263 -      7.06 |    6.32 |     0.84 |   0.95
0264 -     17.41 |   91.79 |     0.95 |   0.97
0265 -     37.41 |   82.07 |     0.73 |   0.99
0266 -     20.06 |   97.43 |     0.95 |   0.97
0267 -      0.00 |   34.59 |     0.85 |   0.95
0268 -     63.61 |   96.52 |     0.79 |   0.99
0269 -     72.13 |   62.12 |     0.92 |   0.99
0270 -     58.95 |   51.58 |     0.96 |   0.94
0271 -     20.22 |   23.66 |     0.96 |   1.00
0272 -     33.73 |  100.00 |     0.86 |   1.00
0273 -      0.00 |    0.00 |     0.90 |   0.92
0274 -     60.20 |   63.75 |     0.93 |   0.95
0275 -     68.49 |   77.18 |     0.82 |   0.94
0276 -      0.00 |    0.00 |     0.95 |   0.99
0277 -     47.31 |   98.87 |     0.92 |   0.99
0278 -     69.02 |   84.34 |     0.82 |   0.94
0279 -     12.43 |   10.75 |     0.77 |   0.91
0280 -     90.52 |   92.50 |     0.87 |   0.96
0281 -     35.74 |   21.86 |     0.84 |   0.91
0282 -      0.00 |    0.00 |     0.93 |   0.93
0283 -     41.87 |  100.00 |     0.88 |   1.00
0284 -     25.39 |   99.20 |     0.86 |   0.97
0285 -     27.63 |   25.42 |     0.93 |   0.97
0286 -     55.29 |   91.97 |     0.87 |   0.93
0287 -     10.74 |    8.17 |     0.82 |   0.95
0288 -     62.73 |   72.39 |     0.92 |   0.95
0289 -     68.77 |   90.78 |     0.88 |   0.97
0290 -     14.34 |   11.29 |     0.87 |   0.94
0291 -      0.00 |    0.00 |     0.79 |   0.92
0292 -      7.75 |   12.99 |     0.87 |   0.95
0293 -     93.59 |   38.73 |     0.99 |   0.98
0294 -      0.00 |    0.00 |     0.80 |   0.93
0295 -      0.00 |    0.00 |     0.95 |   1.00
0296 -      0.00 |   93.70 |     0.89 |   0.91
0297 -     39.65 |   65.53 |     0.82 |   0.86
0298 -     12.31 |   63.40 |     0.81 |   0.89
0299 -      7.25 |    6.27 |     0.93 |   0.95
0300 -      0.00 |    0.00 |     0.80 |   0.87
0301 -     40.11 |   85.96 |     0.91 |   0.95
0302 -     66.78 |  100.00 |     0.95 |   1.00
0303 -      0.00 |    0.00 |     0.85 |   0.90
0304 -      0.00 |   74.06 |     0.71 |   1.00
0305 -     95.73 |   96.62 |     0.92 |   0.98
0306 -     10.48 |   10.48 |     0.30 |   0.25
0307 -     15.81 |   87.49 |     0.78 |   0.90
0308 -     28.11 |   22.25 |     0.78 |   0.87
0309 -     13.42 |   58.19 |     0.87 |   0.96
0310 -     51.99 |   99.40 |     0.93 |   0.98
0311 -      0.00 |    0.00 |     0.52 |   0.78
0312 -     42.60 |   48.13 |     0.83 |   0.87
0313 -      0.00 |    0.00 |     0.86 |   0.91
0314 -      0.00 |    0.00 |     0.92 |   0.97
0315 -      6.14 |    6.05 |     0.88 |   0.99
0316 -      0.00 |   13.06 |     0.94 |   0.96
0317 -      0.00 |    0.00 |     0.90 |   0.93
0318 -     70.78 |   99.06 |     0.93 |   0.96
0319 -      9.61 |    7.82 |     0.94 |   0.96
0320 -     74.90 |   85.56 |     0.98 |   0.98
0321 -      6.90 |    7.80 |     0.91 |   0.96
0322 -      9.06 |    0.00 |     0.70 |   0.84
0323 -     22.06 |   35.47 |     0.91 |   0.94
0324 -      0.00 |   68.18 |     0.96 |   0.97
0325 -     12.43 |   14.58 |     0.90 |   0.97
0326 -      0.00 |    0.00 |     0.92 |   0.96
0327 -     41.09 |   95.04 |     0.79 |   0.99
0328 -     11.20 |   10.87 |     0.95 |   0.97
0329 -      0.00 |    5.72 |     0.92 |   0.95
0330 -     68.19 |   80.38 |     0.89 |   0.97
0331 -     33.37 |  100.00 |     0.86 |   1.00
0332 -     41.19 |   36.64 |     0.79 |   0.89
0333 -      0.00 |    0.00 |     0.94 |   0.97
0334 -      0.00 |    0.00 |     0.95 |   0.96
0335 -      0.00 |   16.67 |     0.95 |   0.98
0336 -      7.18 |   38.25 |     0.92 |   0.95
0337 -     62.63 |   62.28 |     0.85 |   0.86
0338 -      0.00 |    0.00 |     0.89 |   0.93
0339 -      0.00 |    0.00 |     0.90 |   0.94
0340 -     89.39 |  100.00 |     0.91 |   1.00
0341 -     68.16 |   74.77 |     0.78 |   0.92
0342 -     47.53 |  100.00 |     0.96 |   1.00
0343 -     47.14 |   45.82 |     0.71 |   0.76
0344 -      0.00 |   78.66 |     0.90 |   0.93
0345 -     10.19 |    7.17 |     0.96 |   0.97
0346 -     13.40 |   39.42 |     0.88 |   0.96
0347 -     79.43 |  100.00 |     0.98 |   1.00
0348 -     66.99 |  100.00 |     0.97 |   1.00
0349 -     41.04 |   76.17 |     0.76 |   0.94
0350 -      0.00 |    0.00 |     0.84 |   0.94
0351 -     21.03 |   88.87 |     0.92 |   0.97
0352 -     41.57 |   35.45 |     0.90 |   0.95
0353 -     39.78 |  100.00 |     0.97 |   1.00
0354 -      0.00 |    0.00 |     0.80 |   0.84
0355 -     60.22 |   56.44 |     0.86 |   0.97
0356 -     97.84 |   95.32 |     0.90 |   0.95
0357 -      0.00 |    0.00 |     0.81 |   0.80
0358 -      0.00 |    0.00 |     0.77 |   0.91
0359 -      0.00 |    0.00 |     0.82 |   0.79
0360 -     21.49 |   99.16 |     0.96 |   0.99
0361 -     67.78 |   45.62 |     0.85 |   0.87
0362 -     13.70 |   58.57 |     0.88 |   0.90
0363 -      0.00 |    0.00 |     0.89 |   0.92
0364 -     54.12 |   96.76 |     0.94 |   0.98
0365 -      6.48 |    0.00 |     0.88 |   0.99
0366 -     66.02 |   48.23 |     0.93 |   0.96
0367 -      0.00 |   23.86 |     0.89 |   0.92
0368 -     47.48 |  100.00 |     0.76 |   1.00
0369 -     45.70 |   92.35 |     0.91 |   0.98
0370 -      0.00 |    0.00 |     0.87 |   0.87
0371 -      0.00 |    0.00 |     0.84 |   0.87
0372 -     70.62 |  100.00 |     0.95 |   1.00
0373 -     39.41 |    0.00 |     0.85 |   0.96
0374 -     30.39 |  100.00 |     0.98 |   1.00
0375 -     50.55 |   83.80 |     0.93 |   0.98
0376 -      0.00 |    0.00 |     0.85 |   0.93
0377 -      0.00 |    0.00 |     0.79 |   0.97
0378 -     31.94 |   32.05 |     0.84 |   0.91
0379 -     32.15 |   80.25 |     0.91 |   0.98
0380 -      0.00 |    5.90 |     0.88 |   0.87
0381 -     55.92 |   90.27 |     0.89 |   0.95
0382 -      0.00 |    0.00 |     0.86 |   0.96
0383 -      0.00 |    0.00 |     0.75 |   0.96
0384 -     26.63 |   62.97 |     0.96 |   0.98
0385 -      0.00 |   96.09 |     0.93 |   0.96
0386 -     98.09 |    0.00 |     0.91 |   0.87
0387 -      0.00 |    0.00 |     0.86 |   0.83
0388 -      0.00 |    0.00 |     0.89 |   0.95
0389 -      0.00 |    0.00 |     0.81 |   0.88
0390 -     89.70 |    0.00 |     0.90 |   0.97
0391 -     22.14 |   33.61 |     0.71 |   0.87
0392 -     81.40 |   88.45 |     0.88 |   0.95
0393 -      0.00 |  100.00 |     0.79 |   1.00
0394 -      8.33 |    0.00 |     0.89 |   0.93
0395 -     43.79 |   42.99 |     0.96 |   0.98
0396 -     48.43 |   98.27 |     0.93 |   0.96
0397 -     26.98 |   24.87 |     0.93 |   0.94
0398 -      0.00 |    0.00 |     0.85 |   0.94
0399 -     70.76 |  100.00 |     0.87 |   1.00
0400 -      0.00 |    0.00 |     0.79 |   0.91
0401 -     23.53 |    0.00 |     0.94 |   0.95
0402 -     40.34 |   37.29 |     0.90 |   0.93
0403 -     38.27 |   31.57 |     0.86 |   0.95
0404 -      0.00 |   74.82 |     0.96 |   1.00
0405 -     79.98 |   94.25 |     0.91 |   0.95
0406 -     36.54 |   40.00 |     0.88 |   0.96
0407 -     61.97 |  100.00 |     0.86 |   1.00
0408 -      7.87 |   99.48 |     0.98 |   1.00
0409 -      0.00 |   39.55 |     0.90 |   0.98
0410 -      0.00 |    0.00 |     0.81 |   0.84
0411 -     65.12 |   14.24 |     0.82 |   0.85
0412 -     56.73 |   62.88 |     0.93 |   0.95
0413 -     29.79 |   23.66 |     0.74 |   0.93
0414 -      0.00 |    0.00 |     0.83 |   0.82
0415 -      0.00 |    5.83 |     0.89 |   0.94
0416 -     11.23 |    4.61 |     0.83 |   0.89
0417 -      0.00 |    0.00 |     0.79 |   0.96
0418 -     71.23 |   69.47 |     0.85 |   0.88
0419 -      0.00 |    0.00 |     0.66 |   0.88
0420 -     22.40 |  100.00 |     0.97 |   1.00
0421 -     28.47 |   57.14 |     0.77 |   0.93
0422 -     47.25 |   68.11 |     0.69 |   0.92
0423 -     41.57 |   34.83 |     0.85 |   0.96
0424 -     26.90 |  100.00 |     0.90 |   0.97
0425 -     22.46 |   21.53 |     0.77 |   0.91
0426 -      0.00 |    0.00 |     0.82 |   0.92
0427 -     17.79 |   15.27 |     0.92 |   0.94
0428 -      6.77 |   99.26 |     0.89 |   0.95
0429 -     97.47 |  100.00 |     0.83 |   1.00
0430 -     95.34 |   91.99 |     0.93 |   0.99
0431 -      0.00 |    0.00 |     0.63 |   0.66
0432 -     66.33 |   79.55 |     0.96 |   0.99
0433 -     35.78 |   54.71 |     0.72 |   0.95
0434 -     23.26 |   43.78 |     0.84 |   0.90
0435 -      7.09 |    5.73 |     0.82 |   0.95
0436 -      8.32 |    8.32 |     0.63 |   0.61
0437 -      0.00 |  100.00 |     0.89 |   1.00
0438 -      0.00 |    0.00 |     0.90 |   0.95
0439 -      0.00 |    0.00 |     0.50 |   0.68
0440 -     14.04 |   11.67 |     0.91 |   0.97
0441 -     25.80 |   43.13 |     0.71 |   0.92
0442 -      0.00 |   92.11 |     0.96 |   0.98
0443 -      0.00 |    0.00 |     0.76 |   0.88
0444 -      0.00 |    0.00 |     0.90 |   0.88
0445 -     75.72 |  100.00 |     0.99 |   1.00
0446 -      0.00 |    0.00 |     0.91 |   0.93
0447 -     17.96 |   15.28 |     0.74 |   0.95
0448 -      6.76 |    0.00 |     0.60 |   0.47
0449 -     33.24 |   39.81 |     0.86 |   0.94
0450 -     19.86 |    6.93 |     0.83 |   0.86
0451 -      0.00 |   96.58 |     0.81 |   0.96
0452 -      0.00 |  100.00 |     0.79 |   1.00
0453 -      0.00 |    0.00 |     0.47 |   0.80
0454 -     59.54 |  100.00 |     0.93 |   1.00
0455 -     97.52 |   99.31 |     0.89 |   1.00
0456 -     71.99 |   77.83 |     0.93 |   0.96
0457 -     68.05 |   92.13 |     0.95 |   0.98
0458 -     51.47 |  100.00 |     0.69 |   1.00
0459 -      0.00 |   98.93 |     0.91 |   0.98
0460 -     27.60 |    3.92 |     0.93 |   0.95
0461 -      8.41 |    0.00 |     0.72 |   0.87
0462 -     57.80 |   91.24 |     0.90 |   0.98
0463 -     98.96 |   76.67 |     0.87 |   0.96
0464 -      6.29 |    0.00 |     0.68 |   0.82
0465 -      5.09 |    4.77 |     0.87 |   0.88
0466 -      0.00 |    0.00 |     0.86 |   0.96
0467 -     21.06 |   32.15 |     0.89 |   0.91
0468 -     38.67 |   33.37 |     0.97 |   1.00
0469 -      0.00 |    0.00 |     0.88 |   0.93
0470 -      0.00 |   89.64 |     0.90 |   0.96
0471 -     25.35 |   21.88 |     0.87 |   0.93
0472 -     26.37 |   26.37 |     0.66 |   0.81
0473 -     15.24 |    5.32 |     0.89 |   0.86
0474 -     32.22 |    0.00 |     0.88 |   0.92
0475 -     39.52 |  100.00 |     0.96 |   1.00
0476 -      0.00 |    0.00 |     0.89 |   0.95
0477 -     35.04 |   35.21 |     0.97 |   1.00
0478 -     68.00 |   55.32 |     0.82 |   0.92
0479 -      0.00 |    0.00 |     0.82 |   0.87
0480 -      0.00 |   65.18 |     0.85 |   1.00
0481 -      0.00 |    0.00 |     0.79 |   0.81
0482 -     11.41 |    8.87 |     0.84 |   0.91
0483 -      8.20 |    4.98 |     0.83 |   0.86
0484 -     17.14 |   50.41 |     0.88 |   1.00
0485 -     39.39 |   33.64 |     0.89 |   0.95
0486 -     77.06 |   85.29 |     0.90 |   0.94
0487 -     44.81 |   36.72 |     0.94 |   0.99
0488 -      0.00 |    0.00 |     0.91 |   0.94
0489 -     45.04 |   99.16 |     0.94 |   1.00
0490 -     90.69 |   40.39 |     0.98 |   1.00
0491 -      0.00 |    0.00 |     0.52 |   0.59
0492 -      0.00 |    0.00 |     0.58 |   0.72
0493 -     98.79 |  100.00 |     0.92 |   1.00
0494 -      0.00 |    0.00 |     0.55 |   0.50
0495 -     19.38 |   53.07 |     0.97 |   0.98
0496 -     29.28 |   93.16 |     0.88 |   0.96
0497 -      8.36 |   97.01 |     0.86 |   0.99
0498 -     28.71 |   99.13 |     0.93 |   0.95
0499 -      0.00 |    0.00 |     0.95 |   0.97
0500 -     11.85 |  100.00 |     0.90 |   1.00
0501 -     62.81 |  100.00 |     0.91 |   1.00
0502 -     19.62 |   93.54 |     0.82 |   0.93
0503 -      0.00 |    0.00 |     0.82 |   0.86
0504 -      0.00 |    0.00 |     0.76 |   0.93
0505 -     26.38 |   78.37 |     0.77 |   0.99
0506 -     70.69 |  100.00 |     0.98 |   1.00
0507 -      0.00 |   19.14 |     0.67 |   0.97
0508 -     18.43 |   44.34 |     0.94 |   1.00
0509 -     99.26 |   87.18 |     0.91 |   0.92
0510 -      0.00 |    0.00 |     0.87 |   0.87
0511 -     55.16 |   58.16 |     0.91 |   0.94
0512 -     11.88 |   11.69 |     0.92 |   0.99
0513 -     16.98 |  100.00 |     0.97 |   1.00
0514 -     53.52 |   95.90 |     0.90 |   0.99
0515 -      0.00 |    0.00 |     0.77 |   0.72
0516 -     20.82 |   25.01 |     0.74 |   0.88
0517 -     26.29 |  100.00 |     0.91 |   1.00
0518 -     11.13 |   11.24 |     0.89 |   0.94
0519 -     58.98 |   96.40 |     0.98 |   1.00
0520 -      0.00 |   13.01 |     0.89 |   0.93
0521 -     46.78 |   97.02 |     0.85 |   0.97
0522 -     99.12 |   22.49 |     0.95 |   0.91
0523 -      0.00 |    8.36 |     0.82 |   0.86
0524 -      0.00 |    0.00 |     0.74 |   0.86
0525 -     68.01 |   97.03 |     0.92 |   0.96
0526 -      0.00 |    0.00 |     0.86 |   0.87
0527 -     71.74 |   93.54 |     0.95 |   0.98
0528 -      0.00 |    0.00 |     0.64 |   0.69
0529 -      0.00 |    0.00 |     0.82 |   0.94
0530 -     74.53 |    0.00 |     0.73 |   0.72
0531 -     76.04 |   98.76 |     0.82 |   1.00
0532 -     75.33 |  100.00 |     0.83 |   1.00
0533 -     58.91 |    0.00 |     0.96 |   0.96
0534 -     92.64 |   99.30 |     0.93 |   0.97
0535 -      0.00 |   51.94 |     0.68 |   0.87
0536 -     97.61 |   99.02 |     0.94 |   0.97
0537 -      0.00 |    0.00 |     0.81 |   0.94
0538 -     15.35 |   47.62 |     0.84 |   0.91
0539 -      0.00 |    0.00 |     0.69 |   0.71
0540 -      0.00 |    0.00 |     0.62 |   0.70
0541 -     61.46 |   55.00 |     0.90 |   0.98
0542 -     28.32 |  100.00 |     0.88 |   0.97
0543 -      0.00 |    0.00 |     0.78 |   0.85
0544 -     12.12 |    0.00 |     0.80 |   0.89
0545 -     98.95 |   98.95 |     0.86 |   0.98
0546 -      8.16 |    6.94 |     0.65 |   0.79
0547 -      0.00 |    0.00 |     0.92 |   0.95
0548 -     46.35 |   98.27 |     0.86 |   1.00
0549 -     64.04 |   65.66 |     0.94 |   0.99
0550 -      0.00 |    0.00 |     0.83 |   0.92
0551 -     39.22 |   28.45 |     0.83 |   0.81
0552 -     43.33 |   44.09 |     0.76 |   0.78
0553 -      0.00 |    0.00 |     0.83 |   0.90
0554 -     47.89 |   96.68 |     0.92 |   0.99
0555 -      0.00 |    0.00 |     0.96 |   0.96
0556 -      0.00 |   86.57 |     0.89 |   0.97
0557 -      0.00 |    0.00 |     0.63 |   0.91
0558 -     35.88 |   17.80 |     0.92 |   0.94
0559 -      0.00 |    0.00 |     0.54 |   0.87
0560 -      0.00 |    0.00 |     0.92 |   1.00
0561 -     12.21 |   12.12 |     0.89 |   1.00
0562 -     14.55 |   14.90 |     0.97 |   0.99
0563 -     14.27 |   15.66 |     0.91 |   0.93
0564 -      6.59 |    7.14 |     0.83 |   0.89
0565 -      9.27 |   13.04 |     0.90 |   1.00
0566 -      0.00 |    0.00 |     0.88 |   0.94
0567 -      0.00 |    4.11 |     0.90 |   0.95
0568 -     12.58 |   47.27 |     0.82 |   0.95
0569 -      0.00 |    0.00 |     0.96 |   0.99
0570 -      0.00 |   11.23 |     0.84 |   0.91
0571 -      0.00 |    7.94 |     0.86 |   0.87
0572 -      0.00 |  100.00 |     0.99 |   1.00
0573 -     57.20 |  100.00 |     0.95 |   1.00
0574 -      0.00 |   11.88 |     0.93 |   0.92
0575 -     41.80 |   70.42 |     0.79 |   1.00
0576 -     16.30 |    6.34 |     0.95 |   0.99
0577 -     76.31 |   69.09 |     0.95 |   0.98
0578 -     21.15 |   22.18 |     0.77 |   0.76
0579 -     57.75 |   46.47 |     0.80 |   0.85
0580 -     12.70 |    0.00 |     0.77 |   0.78
0581 -     56.64 |  100.00 |     0.92 |   1.00
0582 -      0.00 |    0.00 |     0.83 |   0.91
0583 -     52.05 |   81.74 |     0.97 |   1.00
0584 -     21.77 |   52.68 |     0.90 |   0.96
0585 -     58.29 |  100.00 |     0.85 |   1.00
0586 -     29.99 |   97.79 |     0.98 |   1.00
0587 -      5.86 |    4.84 |     0.76 |   0.82
0588 -     20.16 |   16.36 |     0.72 |   0.97
0589 -     59.93 |  100.00 |     0.93 |   1.00
0590 -      7.38 |   67.67 |     0.78 |   0.83
0591 -      0.00 |   18.01 |     0.83 |   0.89
0592 -      0.00 |    0.00 |     0.34 |   0.33
0593 -     92.97 |  100.00 |     0.98 |   1.00
0594 -     22.06 |   69.14 |     0.91 |   0.99
0595 -     87.86 |   26.68 |     0.95 |   0.95
0596 -     47.66 |   36.90 |     0.92 |   0.85
0597 -      0.00 |    0.00 |     0.80 |   0.82
0598 -     18.37 |   52.91 |     0.92 |   0.96
0599 -      0.00 |   68.67 |     0.81 |   0.97
0600 -     20.08 |   64.67 |     0.75 |   1.00
0601 -     51.73 |   76.07 |     0.87 |   0.97
0602 -      0.00 |    0.00 |     0.91 |   1.00
0603 -     15.32 |   14.88 |     0.84 |   0.95
0604 -      0.00 |   18.03 |     0.88 |   0.96
0605 -     37.59 |   97.46 |     0.93 |   1.00
0606 -     25.38 |   68.83 |     0.95 |   0.98
0607 -      5.61 |    5.13 |     0.90 |   0.95
0608 -      0.00 |    0.00 |     0.69 |   0.82
0609 -      0.00 |   22.20 |     0.86 |   0.90
0610 -      0.00 |    0.00 |     0.75 |   0.87
0611 -     79.32 |   87.18 |     0.81 |   0.96
0612 -     26.50 |   24.94 |     0.90 |   0.95
0613 -     15.76 |   16.27 |     0.87 |   0.89
0614 -     50.99 |   96.71 |     0.86 |   0.93
0615 -     82.73 |   66.64 |     0.88 |   0.98
0616 -      0.00 |    0.00 |     0.78 |   0.88
0617 -      0.00 |    0.00 |     0.88 |   0.94
0618 -      0.00 |   15.09 |     0.84 |   0.96
0619 -      9.11 |  100.00 |     0.92 |   1.00
0620 -     56.76 |   66.29 |     0.95 |   0.97
0621 -     35.18 |  100.00 |     0.96 |   1.00
0622 -     62.07 |   54.76 |     0.91 |   0.97
0623 -     15.07 |   38.45 |     0.84 |   0.87
0624 -      0.00 |    0.00 |     0.89 |   0.94
0625 -     22.19 |   42.93 |     0.92 |   0.91
0626 -     74.78 |   54.65 |     0.93 |   0.97
0627 -      0.00 |    0.00 |     0.95 |   0.99
0628 -      0.00 |    0.00 |     0.94 |   0.94
0629 -      0.00 |    0.00 |     0.91 |   0.96
0630 -      6.10 |  100.00 |     0.96 |   1.00
0631 -      0.00 |    0.00 |     0.86 |   0.98
0632 -     49.43 |   96.31 |     0.74 |   1.00
0633 -     24.40 |   24.68 |     0.95 |   0.97
0634 -      0.00 |   25.59 |     0.56 |   0.95
0635 -     39.72 |   27.50 |     0.90 |   0.95
0636 -      7.47 |    6.47 |     0.81 |   0.89
0637 -     19.60 |   51.75 |     0.60 |   0.74
0638 -      0.00 |    0.00 |     0.82 |   0.89
0639 -     60.62 |   74.49 |     0.91 |   0.99
0640 -      0.00 |    0.00 |     0.77 |   0.81
0641 -     30.13 |   92.45 |     0.88 |   0.95
0642 -     88.79 |  100.00 |     0.96 |   1.00
0643 -      4.19 |    0.00 |     0.96 |   0.95
0644 -     21.35 |   89.47 |     0.85 |   0.93
0645 -      0.00 |    0.00 |     0.88 |   0.97
0646 -     37.62 |   31.47 |     0.76 |   0.97
0647 -     63.89 |   49.21 |     0.81 |   0.94
0648 -     15.28 |    7.44 |     0.84 |   0.88
0649 -      0.00 |    0.00 |     0.77 |   0.87
0650 -     79.68 |   98.86 |     0.92 |   1.00
0651 -      6.35 |    0.00 |     0.92 |   0.97
0652 -     18.61 |    8.45 |     0.96 |   1.00
0653 -     13.79 |   90.98 |     0.97 |   0.99
0654 -     27.90 |   21.72 |     0.68 |   0.94
0655 -     14.14 |   69.97 |     0.74 |   0.92
0656 -     26.65 |   25.77 |     0.98 |   0.99
0657 -     36.62 |   99.29 |     0.96 |   0.98
0658 -      0.00 |    0.00 |     0.96 |   0.97
0659 -     52.78 |   73.57 |     0.87 |   0.94
0660 -      0.00 |    0.00 |     0.84 |   1.00
0661 -      0.00 |   20.15 |     0.64 |   0.94
0662 -     37.25 |   28.46 |     0.90 |   0.97
0663 -     15.83 |   73.73 |     0.81 |   0.95
0664 -     32.25 |   87.16 |     0.72 |   0.81
0665 -      0.00 |    0.00 |     0.95 |   0.96
0666 -      0.00 |    0.00 |     0.85 |   0.84
0667 -     87.94 |   25.77 |     0.98 |   0.93
0668 -      0.00 |    0.00 |     0.55 |   0.68
0669 -      5.98 |    0.00 |     0.53 |   0.55
0670 -      0.00 |    0.00 |     0.81 |   0.91
0671 -     11.14 |   12.40 |     0.86 |   0.94
0672 -     74.32 |  100.00 |     0.96 |   1.00
0673 -     32.96 |   46.32 |     0.85 |   0.94
0674 -     14.88 |  100.00 |     0.99 |   1.00
0675 -      0.00 |   99.00 |     0.88 |   0.97
0676 -      0.00 |    0.00 |     0.69 |   0.76
0677 -      6.60 |   98.44 |     0.78 |   0.98
0678 -     75.90 |   83.36 |     0.90 |   1.00
0679 -      0.00 |    0.00 |     0.81 |   0.80
0680 -     87.18 |   72.88 |     0.87 |   0.89
0681 -      9.31 |    9.50 |     0.79 |   0.83
0682 -      0.00 |    0.00 |     0.95 |   0.95
0683 -      0.00 |    0.00 |     0.89 |   0.95
0684 -     29.90 |  100.00 |     0.66 |   1.00
0685 -      0.00 |    0.00 |     0.83 |   0.88
0686 -     41.09 |   95.62 |     0.79 |   0.93
0687 -      0.00 |   31.16 |     0.88 |   0.90
0688 -     58.08 |  100.00 |     0.95 |   1.00
0689 -      0.00 |    0.00 |     0.94 |   0.97
0690 -      0.00 |    0.00 |     0.90 |   0.92
0691 -     98.69 |  100.00 |     0.97 |   1.00
0692 -     75.27 |   77.25 |     0.90 |   0.95
0693 -     15.71 |   85.72 |     0.97 |   0.98
0694 -     13.48 |    0.00 |     0.94 |   0.98
0695 -     75.86 |  100.00 |     0.97 |   1.00
0696 -      0.00 |    0.00 |     0.90 |   0.94
0697 -     61.69 |   98.71 |     0.87 |   0.96
0698 -      0.00 |    0.00 |     0.68 |   0.93
0699 -     44.76 |    0.00 |     0.89 |   0.98
0700 -      0.00 |    0.00 |     0.47 |   0.63
0701 -     53.92 |   78.38 |     0.74 |   0.95
0702 -      0.00 |   64.83 |     0.91 |   0.99
0703 -     28.11 |   99.30 |     0.99 |   1.00
0704 -     29.27 |   86.35 |     0.80 |   0.92
0705 -      0.00 |    0.00 |     0.78 |   0.84
0706 -     75.11 |  100.00 |     0.89 |   1.00
0707 -     52.22 |   76.70 |     0.90 |   0.89
0708 -      0.00 |    0.00 |     0.59 |   0.67
0709 -     11.23 |   28.25 |     0.83 |   0.82
0710 -      0.00 |   11.86 |     0.91 |   0.93
0711 -     31.91 |  100.00 |     0.71 |   1.00
0712 -      0.00 |  100.00 |     0.69 |   1.00
0713 -      0.00 |   11.62 |     0.90 |   0.98
0714 -      8.24 |   32.45 |     0.85 |   0.95
0715 -     15.55 |   15.71 |     0.81 |   0.84
0716 -      0.00 |   47.22 |     0.72 |   0.82
0717 -      0.00 |    0.00 |     0.82 |   0.88
0718 -     84.86 |  100.00 |     0.92 |   1.00
0719 -      0.00 |    0.00 |     0.82 |   0.78
0720 -      0.00 |    0.00 |     0.87 |   0.88
0721 -      0.00 |   42.06 |     0.70 |   0.80
0722 -      0.00 |    0.00 |     0.79 |   0.84
0723 -     69.11 |   98.90 |     0.90 |   0.97
0724 -      0.00 |    0.00 |     0.87 |   0.95
0725 -      0.00 |    0.00 |     0.91 |   1.00
0726 -      4.44 |  100.00 |     0.94 |   0.97
0727 -     17.00 |   37.31 |     0.84 |   0.90
0728 -    100.00 |  100.00 |     0.76 |   1.00
0729 -     16.53 |   16.66 |     0.92 |   0.96
0730 -      0.00 |    0.00 |     0.68 |   0.81
0731 -     18.92 |    0.00 |     0.83 |   0.98
0732 -     61.14 |   98.91 |     0.90 |   0.95
0733 -     27.12 |   24.29 |     0.87 |   0.85
0734 -     10.24 |    0.00 |     0.89 |   0.94
0735 -      0.00 |   12.94 |     0.71 |   0.89
0736 -     94.09 |   72.35 |     0.94 |   0.97
0737 -      0.00 |    0.00 |     0.74 |   0.86
0738 -      0.00 |    0.00 |     0.80 |   0.92
0739 -     15.18 |   17.34 |     0.82 |   0.85
0740 -     16.25 |  100.00 |     0.92 |   1.00
0741 -      0.00 |   30.76 |     0.86 |   0.96
0742 -      0.00 |    0.00 |     0.71 |   0.87
0743 -     42.83 |   17.37 |     0.91 |   0.93
0744 -      0.00 |    0.00 |     0.92 |   0.97
0745 -     18.64 |   25.92 |     0.87 |   1.00
0746 -      5.32 |    5.71 |     0.81 |   0.85
0747 -     71.73 |  100.00 |     0.91 |   1.00
0748 -      0.00 |    0.00 |     0.82 |   0.89
0749 -      0.00 |    0.00 |     0.82 |   0.93
0750 -      0.00 |    0.00 |     0.91 |   0.95
0751 -      0.00 |   17.66 |     0.80 |   0.95
0752 -      0.00 |    0.00 |     0.80 |   0.95
0753 -     38.99 |   95.60 |     0.94 |   0.96
0754 -     12.51 |    7.90 |     0.88 |   0.95
0755 -      0.00 |    0.00 |     0.68 |   0.91
0756 -      3.53 |    0.00 |     0.93 |   0.97
0757 -      5.37 |    0.00 |     0.93 |   0.94
0758 -      0.00 |   85.66 |     0.89 |   0.94
0759 -      0.00 |    0.00 |     0.84 |   0.90
0760 -     23.28 |   36.77 |     0.63 |   0.87
0761 -     32.25 |   98.68 |     0.96 |   0.99
0762 -     16.87 |    0.00 |     0.77 |   0.91
0763 -     62.22 |   90.94 |     0.87 |   0.90
0764 -      0.00 |    0.00 |     0.64 |   0.72
0765 -      0.00 |    0.00 |     0.87 |   0.99
0766 -     81.38 |   72.15 |     0.80 |   0.93
0767 -     43.89 |   42.45 |     0.90 |   0.90
0768 -     84.58 |  100.00 |     0.95 |   1.00
0769 -     45.08 |   48.41 |     0.90 |   0.98
0770 -     27.17 |   26.42 |     0.87 |   0.85
0771 -      0.00 |    0.00 |     0.65 |   0.92
0772 -      0.00 |    0.00 |     0.36 |   0.66
0773 -      0.00 |    0.00 |     0.81 |   0.94
0774 -     24.05 |   17.46 |     0.69 |   0.74
0775 -     18.14 |   87.67 |     0.78 |   0.92
0776 -      0.00 |    0.00 |     0.76 |   0.91
0777 -     74.25 |   80.00 |     0.77 |   0.87
0778 -      0.00 |    0.00 |     0.80 |   0.97
0779 -      5.03 |   44.76 |     0.93 |   0.95
0780 -      0.00 |    0.00 |     0.47 |   0.99
0781 -     62.97 |   75.39 |     0.73 |   0.94
0782 -     17.32 |  100.00 |     0.86 |   1.00
0783 -     48.50 |   58.16 |     0.94 |   0.99
0784 -     54.72 |   93.83 |     0.85 |   0.98
0785 -     33.40 |   36.71 |     0.96 |   0.98
0786 -     12.54 |   15.78 |     0.78 |   0.94
0787 -      0.00 |    0.00 |     0.77 |   0.86
0788 -      0.00 |    0.00 |     0.67 |   0.89
0789 -      0.00 |    6.60 |     0.37 |   0.61
0790 -      0.00 |    0.00 |     0.72 |   0.76
0791 -     14.62 |    0.00 |     0.81 |   0.88
0792 -      0.00 |    0.00 |     0.89 |   1.00
0793 -      0.00 |    0.00 |     0.56 |   0.57
0794 -     72.19 |   76.45 |     0.96 |   0.99
0795 -     39.65 |   14.96 |     0.89 |   0.97
0796 -     36.08 |   33.00 |     0.83 |   0.81
0797 -      0.00 |    0.00 |     0.77 |   0.81
0798 -      0.00 |   90.45 |     0.93 |   0.97
0799 -     19.29 |    5.11 |     0.74 |   0.84
0800 -      0.00 |    0.00 |     0.77 |   0.96
0801 -      0.00 |    0.00 |     0.24 |   0.47
0802 -      0.00 |    0.00 |     0.86 |   0.87
0803 -      0.00 |   38.41 |     0.50 |   0.98
0804 -     22.33 |   24.53 |     0.74 |   0.91
0805 -     14.44 |   32.65 |     0.81 |   0.93
0806 -     94.25 |   94.47 |     0.92 |   0.95
0807 -      0.00 |   96.89 |     0.90 |   0.99
0808 -      0.00 |    0.00 |     0.96 |   1.00
0809 -     25.22 |   89.60 |     0.82 |   0.86
0810 -     98.93 |   96.73 |     0.89 |   0.99
0811 -     17.47 |   79.53 |     0.90 |   0.93
0812 -      0.00 |    0.00 |     0.76 |   0.95
0813 -      0.00 |    0.00 |     0.89 |   0.97
0814 -     10.74 |   18.49 |     0.95 |   1.00
0815 -     50.17 |   49.80 |     0.90 |   0.92
0816 -      0.00 |    0.00 |     0.81 |   0.96
0817 -      0.00 |    0.00 |     0.78 |   0.95
0818 -     60.36 |   89.24 |     0.82 |   0.97
0819 -     33.20 |   58.19 |     0.89 |   0.94
0820 -      0.00 |    0.00 |     0.78 |   0.78
0821 -     25.31 |   35.16 |     0.87 |   0.92
0822 -      0.00 |    0.00 |     0.04 |   0.13
0823 -     18.08 |   81.74 |     0.84 |   0.92
0824 -      0.00 |    7.45 |     0.70 |   0.85
0825 -     46.55 |    9.20 |     0.91 |   0.95
0826 -     11.45 |   11.24 |     0.92 |   0.92
0827 -      0.00 |   72.11 |     0.96 |   1.00
0828 -      0.00 |   10.29 |     0.79 |   0.95
0829 -     20.87 |   77.34 |     0.79 |   1.00
0830 -     67.62 |   66.47 |     0.95 |   0.96
0831 -     59.63 |   89.91 |     0.88 |   0.98
0832 -      9.81 |    7.51 |     0.83 |   0.95
0833 -     48.01 |  100.00 |     0.95 |   1.00
0834 -      0.00 |    0.00 |     0.96 |   0.98
0835 -     22.96 |   83.13 |     0.89 |   0.94
0836 -      0.00 |  100.00 |     0.85 |   1.00
0837 -     34.26 |   92.02 |     0.93 |   0.98
0838 -      0.00 |    0.00 |     0.92 |   0.91
0839 -      5.12 |    4.45 |     0.90 |   0.98
0840 -      0.00 |   86.09 |     0.73 |   0.89
0841 -      5.31 |   76.76 |     0.91 |   0.93
0842 -      0.00 |   17.65 |     0.93 |   0.99
0843 -      0.00 |  100.00 |     0.92 |   1.00
0844 -      0.00 |   83.30 |     0.94 |   1.00
0845 -     12.77 |   12.28 |     0.97 |   0.99
0846 -      0.00 |    0.00 |     0.95 |   0.99
0847 -      0.00 |    0.00 |     0.85 |   0.98
0848 -     55.81 |   89.92 |     0.96 |   0.98
0849 -      0.00 |    0.00 |     0.91 |   0.99
0850 -     20.01 |   25.51 |     0.83 |   1.00
0851 -     44.54 |   34.96 |     0.84 |   0.95
0852 -     43.92 |   50.41 |     0.89 |   0.94
0853 -     83.92 |  100.00 |     0.93 |   1.00
0854 -      0.00 |    7.75 |     0.83 |   0.92
0855 -     36.60 |   99.10 |     0.94 |   0.98
0856 -     50.61 |  100.00 |     0.92 |   1.00
0857 -     10.15 |  100.00 |     0.97 |   1.00
0858 -      0.00 |    0.00 |     0.96 |   0.98
0859 -     14.17 |  100.00 |     0.83 |   1.00
0860 -     11.59 |    0.00 |     0.79 |   0.89
0861 -      0.00 |    0.00 |     0.74 |   0.71
0862 -     34.99 |   96.63 |     0.86 |   0.98
0863 -     54.85 |   64.79 |     0.80 |   0.88
0864 -     15.85 |   15.59 |     0.93 |   0.95
0865 -     28.64 |  100.00 |     0.92 |   1.00
0866 -     10.97 |   99.51 |     0.91 |   0.97
0867 -      0.00 |   13.66 |     0.85 |   0.86
0868 -      0.00 |   14.86 |     0.92 |   0.98
0869 -      0.00 |    0.00 |     0.86 |   0.88
0870 -     43.44 |   40.90 |     1.00 |   0.99
0871 -     82.97 |  100.00 |     0.93 |   1.00
0872 -     55.23 |   73.07 |     0.91 |   0.96
0873 -     31.15 |  100.00 |     0.86 |   1.00
0874 -     47.56 |   93.89 |     0.83 |   0.95
0875 -     88.40 |   90.70 |     0.97 |   1.00
0876 -     37.89 |  100.00 |     0.90 |   1.00
0877 -     60.05 |  100.00 |     0.94 |   0.96
0878 -     12.92 |    0.00 |     0.87 |   0.93
0879 -     19.21 |  100.00 |     0.90 |   1.00
0880 -      0.00 |    0.00 |     0.63 |   0.79
0881 -     44.96 |   71.54 |     0.94 |   1.00
0882 -     88.94 |   87.18 |     0.88 |   0.97
0883 -      0.00 |   56.49 |     0.78 |   0.87
0884 -     30.62 |   91.74 |     0.93 |   0.97
0885 -      0.00 |    0.00 |     0.95 |   0.97
0886 -      6.19 |    0.00 |     0.72 |   0.83
0887 -      9.04 |    0.00 |     0.70 |   0.81
0888 -     43.04 |  100.00 |     0.85 |   1.00
0889 -     63.68 |   76.70 |     0.84 |   0.92
0890 -      8.84 |    0.00 |     0.94 |   1.00
0891 -     21.69 |   19.63 |     0.87 |   0.93
0892 -     54.54 |   51.55 |     0.92 |   0.98
0893 -      0.00 |  100.00 |     0.97 |   1.00
0894 -     83.02 |   80.13 |     0.94 |   0.96
0895 -     27.66 |   72.99 |     0.63 |   0.85
0896 -      5.75 |    9.87 |     0.82 |   0.89
0897 -      0.00 |    0.00 |     0.87 |   0.85
0898 -      0.00 |    0.00 |     0.96 |   0.99
0899 -      0.00 |    0.00 |     0.91 |   0.86
0900 -     49.74 |   48.56 |     0.88 |   0.91
0901 -     12.27 |   97.06 |     0.94 |   0.98
0902 -     30.61 |  100.00 |     0.90 |   1.00
0903 -      0.00 |    0.00 |     0.83 |   0.97
0904 -      0.00 |    0.00 |     0.93 |   0.99
0905 -      0.00 |   91.49 |     0.92 |   0.99
0906 -     30.30 |   93.60 |     0.86 |   0.98
0907 -     26.49 |   26.06 |     0.80 |   0.87
0908 -      0.00 |    0.00 |     0.82 |   0.84
0909 -      0.00 |    0.00 |     0.84 |   0.95
0910 -      0.00 |    0.00 |     0.72 |   0.74
0911 -     65.01 |    0.00 |     0.82 |   0.91
0912 -      0.00 |   97.58 |     0.91 |   1.00
0913 -     18.89 |   18.07 |     0.92 |   0.96
0914 -     23.57 |   22.33 |     0.79 |   0.93
0915 -      0.00 |    0.00 |     0.65 |   0.71
0916 -      0.00 |   59.77 |     0.85 |   0.93
0917 -     87.24 |  100.00 |     0.95 |   1.00
0918 -     81.98 |   93.81 |     0.93 |   0.99
0919 -     48.48 |   50.09 |     0.91 |   0.93
0920 -     75.22 |   64.62 |     0.71 |   0.97
0921 -     14.07 |   62.61 |     0.85 |   0.98
0922 -      9.34 |   99.06 |     0.90 |   1.00
0923 -     71.85 |   67.63 |     0.81 |   1.00
0924 -      0.00 |    0.00 |     0.71 |   0.75
0925 -     18.38 |   16.45 |     0.82 |   0.91
0926 -     12.07 |  100.00 |     0.98 |   1.00
0927 -     96.31 |   86.56 |     0.65 |   0.86
0928 -      0.00 |    0.00 |     0.74 |   0.74
0929 -     28.46 |  100.00 |     0.96 |   1.00
0930 -      0.00 |    0.00 |     0.88 |   0.90
0931 -      0.00 |    0.00 |     0.81 |   0.89
0932 -     22.16 |   22.26 |     0.94 |   0.97
0933 -     12.45 |   93.82 |     0.95 |   0.96
0934 -      0.00 |    0.00 |     0.88 |   0.89
0935 -     36.54 |   59.41 |     0.89 |   0.91
0936 -     33.91 |  100.00 |     0.95 |   1.00
0937 -      0.00 |    0.00 |     0.91 |   0.97
0938 -     71.81 |   42.47 |     0.89 |   0.88
0939 -     41.09 |   35.60 |     0.93 |   0.97
0940 -      0.00 |    0.00 |     0.87 |   0.99
0941 -      0.00 |    0.00 |     0.76 |   0.86
0942 -      0.00 |    0.00 |     0.81 |   0.81
0943 -     14.72 |   94.77 |     0.86 |   0.97
0944 -     83.95 |   99.28 |     0.82 |   0.93
0945 -     21.35 |   96.88 |     0.88 |   0.89
0946 -      0.00 |    0.00 |     0.98 |   0.99
0947 -     60.52 |   56.87 |     0.84 |   0.94
0948 -      0.00 |    6.92 |     0.85 |   0.88
0949 -     19.55 |    8.58 |     0.81 |   0.94
0950 -      0.00 |    0.00 |     0.59 |   0.82
0951 -     32.53 |   26.98 |     0.94 |   0.96
0952 -     97.43 |   99.12 |     0.90 |   1.00
0953 -      0.00 |    0.00 |     0.97 |   0.98
0954 -     10.40 |   83.10 |     0.85 |   0.89
0955 -     49.15 |   45.55 |     0.92 |   0.89
0956 -      0.00 |    0.00 |     0.71 |   0.98
0957 -      0.00 |    0.00 |     0.86 |   0.95
0958 -     69.47 |   70.00 |     0.93 |   1.00
0959 -     43.24 |   43.24 |     0.95 |   1.00
0960 -      9.41 |  100.00 |     0.64 |   1.00
0961 -     19.72 |  100.00 |     0.84 |   1.00
0962 -     66.36 |   93.45 |     0.78 |   0.88
0963 -     71.17 |   98.58 |     0.78 |   1.00
0964 -     21.90 |   21.31 |     0.93 |   0.94
0965 -      0.00 |    0.00 |     0.92 |   0.97
0966 -     34.82 |   35.94 |     0.55 |   0.92
0967 -      9.69 |    9.19 |     0.80 |   0.98
0968 -      6.39 |    0.00 |     0.93 |   0.92
0969 -     30.18 |   97.86 |     0.75 |   0.97
0970 -      0.00 |    0.00 |     0.89 |   0.97
0971 -      0.00 |    0.00 |     0.88 |   0.95
0972 -      0.00 |    0.00 |     0.84 |   0.85
0973 -     28.62 |   98.99 |     0.92 |   0.96
0974 -      0.00 |    0.00 |     0.87 |   0.90
0975 -      0.00 |   60.37 |     0.85 |   0.95
0976 -     54.22 |   62.67 |     0.44 |   0.98
0977 -      0.00 |    0.00 |     0.91 |   0.96
0978 -      0.00 |    0.00 |     0.90 |   0.93
0979 -     23.30 |   22.55 |     0.84 |   0.97
0980 -     64.67 |   84.74 |     0.88 |   0.99
0981 -     75.73 |   66.70 |     0.82 |   0.85
0982 -      0.00 |   91.37 |     0.77 |   0.95
0983 -     75.39 |   87.05 |     0.82 |   0.98
0984 -      0.00 |    0.00 |     0.79 |   0.84
0985 -      0.00 |  100.00 |     0.75 |   1.00
0986 -      0.00 |   57.73 |     0.91 |   1.00
0987 -     38.46 |   35.71 |     0.94 |   0.97
0988 -      5.98 |   49.86 |     0.92 |   0.94
0989 -     22.23 |   93.55 |     0.56 |   0.97
0990 -     13.56 |   86.27 |     0.97 |   0.96
0991 -      0.00 |    9.24 |     0.75 |   0.80
0992 -      0.00 |    0.00 |     0.86 |   0.95
0993 -      0.00 |    0.00 |     0.82 |   0.82
0994 -     21.31 |   74.70 |     0.69 |   0.93
0995 -      0.00 |    0.00 |     0.66 |   0.72
0996 -     69.85 |   90.88 |     0.83 |   0.92
0997 -     95.63 |   99.45 |     0.93 |   0.97
0998 -     84.45 |   96.74 |     0.94 |   0.99
0999 -      0.00 |    0.00 |     0.82 |   0.89
1000 -      4.36 |    3.79 |     0.70 |   0.81
==============================================
