==================
SIM GOLD:   0.9156
SIM IN:     0.9478
==================
       GOLD |  IN
0001 - 0.91 | 0.96
0002 - 0.68 | 0.68
0003 - 0.87 | 0.88
0004 - 0.93 | 0.95
0005 - 0.97 | 1.00
0006 - 0.98 | 0.98
0007 - 0.75 | 0.78
0008 - 0.84 | 0.87
0009 - 0.97 | 0.99
0010 - 0.97 | 0.99
0011 - 0.95 | 1.00
0012 - 0.97 | 1.00
0013 - 0.91 | 0.93
0014 - 0.96 | 0.98
0015 - 0.91 | 0.94
0016 - 0.96 | 1.00
0017 - 0.93 | 0.99
0018 - 0.79 | 0.81
0019 - 0.99 | 1.00
0020 - 0.97 | 0.97
0021 - 0.97 | 0.98
0022 - 0.96 | 1.00
0023 - 0.97 | 0.99
0024 - 0.94 | 0.97
0025 - 0.84 | 0.95
0026 - 0.85 | 0.86
0027 - 0.91 | 0.92
0028 - 0.89 | 0.99
0029 - 0.87 | 0.88
0030 - 0.97 | 1.00
0031 - 0.96 | 1.00
0032 - 0.88 | 0.90
0033 - 0.97 | 0.98
0034 - 0.98 | 0.99
0035 - 0.94 | 0.96
0036 - 0.93 | 0.96
0037 - 0.60 | 0.62
0038 - 0.95 | 1.00
0039 - 0.92 | 1.00
0040 - 0.83 | 0.84
0041 - 0.96 | 1.00
0042 - 0.97 | 0.99
0043 - 0.99 | 1.00
0044 - 0.79 | 0.80
0045 - 0.94 | 0.95
0046 - 0.87 | 0.95
0047 - 1.00 | 1.00
0048 - 0.92 | 0.92
0049 - 0.93 | 0.96
0050 - 0.97 | 1.00
0051 - 0.92 | 0.96
0052 - 0.58 | 1.00
0053 - 0.93 | 0.94
0054 - 0.98 | 1.00
0055 - 0.77 | 0.81
0056 - 0.90 | 1.00
0057 - 0.97 | 1.00
0058 - 0.93 | 0.95
0059 - 0.77 | 0.81
0060 - 0.95 | 0.99
0061 - 0.87 | 0.88
0062 - 0.96 | 1.00
0063 - 0.94 | 0.98
0064 - 0.91 | 0.96
0065 - 0.98 | 1.00
0066 - 0.99 | 1.00
0067 - 0.84 | 0.86
0068 - 0.99 | 1.00
0069 - 0.93 | 1.00
0070 - 0.89 | 0.99
0071 - 0.97 | 0.97
0072 - 0.95 | 0.99
0073 - 0.95 | 0.97
0074 - 0.99 | 1.00
0075 - 0.93 | 0.94
0076 - 0.85 | 0.88
0077 - 0.91 | 0.94
0078 - 0.91 | 0.91
0079 - 0.97 | 0.98
0080 - 0.97 | 0.98
0081 - 0.92 | 1.00
0082 - 0.95 | 0.97
0083 - 0.96 | 1.00
0084 - 0.99 | 1.00
0085 - 0.97 | 1.00
0086 - 0.84 | 0.85
0087 - 0.93 | 0.95
0088 - 0.98 | 1.00
0089 - 0.94 | 1.00
0090 - 0.98 | 1.00
0091 - 0.98 | 1.00
0092 - 0.89 | 0.97
0093 - 0.93 | 1.00
0094 - 0.91 | 0.93
0095 - 0.85 | 0.85
0096 - 0.87 | 1.00
0097 - 0.96 | 0.99
0098 - 0.42 | 0.41
0099 - 0.89 | 0.93
0100 - 0.85 | 0.90
0101 - 0.92 | 1.00
0102 - 0.94 | 1.00
0103 - 0.93 | 0.94
0104 - 0.93 | 1.00
0105 - 0.40 | 0.84
0106 - 0.94 | 0.96
0107 - 0.86 | 0.86
0108 - 0.95 | 0.97
0109 - 0.95 | 0.99
0110 - 0.98 | 1.00
0111 - 0.89 | 0.86
0112 - 0.87 | 0.86
0113 - 0.81 | 0.89
0114 - 0.91 | 0.95
0115 - 0.68 | 0.67
0116 - 0.94 | 0.95
0117 - 0.98 | 1.00
0118 - 0.97 | 1.00
0119 - 0.94 | 0.95
0120 - 0.73 | 0.95
0121 - 0.90 | 0.92
0122 - 0.93 | 0.95
0123 - 0.92 | 0.94
0124 - 0.93 | 1.00
0125 - 0.89 | 0.90
0126 - 0.88 | 0.89
0127 - 0.95 | 0.99
0128 - 0.97 | 1.00
0129 - 0.75 | 0.75
0130 - 0.96 | 0.97
0131 - 0.99 | 1.00
0132 - 0.81 | 0.83
0133 - 0.80 | 0.79
0134 - 0.95 | 1.00
0135 - 0.95 | 0.94
0136 - 0.87 | 0.88
0137 - 0.96 | 0.98
0138 - 0.76 | 0.78
0139 - 0.78 | 0.91
0140 - 0.87 | 0.90
0141 - 0.92 | 0.97
0142 - 0.96 | 1.00
0143 - 0.98 | 0.99
0144 - 0.99 | 1.00
0145 - 0.95 | 1.00
0146 - 0.95 | 1.00
0147 - 0.96 | 1.00
0148 - 0.89 | 0.87
0149 - 0.97 | 0.99
0150 - 0.94 | 0.97
0151 - 0.86 | 0.88
0152 - 0.87 | 0.93
0153 - 0.91 | 0.95
0154 - 0.94 | 0.99
0155 - 0.99 | 1.00
0156 - 0.61 | 0.61
0157 - 0.94 | 0.96
0158 - 0.71 | 0.82
0159 - 0.98 | 0.98
0160 - 0.88 | 0.90
0161 - 0.97 | 0.97
0162 - 0.98 | 0.99
0163 - 0.86 | 0.84
0164 - 0.72 | 0.74
0165 - 0.93 | 1.00
0166 - 0.97 | 1.00
0167 - 0.90 | 1.00
0168 - 0.93 | 0.95
0169 - 0.99 | 1.00
0170 - 0.97 | 0.99
0171 - 0.97 | 0.98
0172 - 0.95 | 1.00
0173 - 0.91 | 0.98
0174 - 0.99 | 1.00
0175 - 0.98 | 1.00
0176 - 0.97 | 1.00
0177 - 0.93 | 0.94
0178 - 0.97 | 0.99
0179 - 0.91 | 0.95
0180 - 0.81 | 0.93
0181 - 0.93 | 0.97
0182 - 0.97 | 1.00
0183 - 0.97 | 0.98
0184 - 0.93 | 0.99
0185 - 0.97 | 1.00
0186 - 0.94 | 0.96
0187 - 0.84 | 0.92
0188 - 0.80 | 0.84
0189 - 0.95 | 1.00
0190 - 0.97 | 0.98
0191 - 0.93 | 0.93
0192 - 0.98 | 0.99
0193 - 0.98 | 0.99
0194 - 0.98 | 0.99
0195 - 0.89 | 0.98
0196 - 0.98 | 0.99
0197 - 0.92 | 0.94
0198 - 0.96 | 1.00
0199 - 0.92 | 0.95
0200 - 0.66 | 0.68
0201 - 0.98 | 1.00
0202 - 0.97 | 1.00
0203 - 0.95 | 0.97
0204 - 0.90 | 0.92
0205 - 0.71 | 0.71
0206 - 0.99 | 1.00
0207 - 0.97 | 0.99
0208 - 0.97 | 0.97
0209 - 0.91 | 1.00
0210 - 0.91 | 1.00
0211 - 0.94 | 1.00
0212 - 0.95 | 0.97
0213 - 0.94 | 0.95
0214 - 0.91 | 0.86
0215 - 0.94 | 0.93
0216 - 0.90 | 0.94
0217 - 0.96 | 1.00
0218 - 0.91 | 0.94
0219 - 0.88 | 0.90
0220 - 0.93 | 0.99
0221 - 0.96 | 0.99
0222 - 0.95 | 1.00
0223 - 0.84 | 1.00
0224 - 0.79 | 0.84
0225 - 0.91 | 0.92
0226 - 0.82 | 0.77
0227 - 0.90 | 0.90
0228 - 0.92 | 0.98
0229 - 0.90 | 0.92
0230 - 0.96 | 0.97
0231 - 0.99 | 1.00
0232 - 0.95 | 0.92
0233 - 0.93 | 1.00
0234 - 0.95 | 0.99
0235 - 0.93 | 1.00
0236 - 0.81 | 0.82
0237 - 0.94 | 0.95
0238 - 0.99 | 1.00
0239 - 0.97 | 1.00
0240 - 0.96 | 1.00
0241 - 0.96 | 0.97
0242 - 0.95 | 0.99
0243 - 0.98 | 1.00
0244 - 0.98 | 1.00
0245 - 0.95 | 1.00
0246 - 0.86 | 0.88
0247 - 0.81 | 0.80
0248 - 0.96 | 1.00
0249 - 0.98 | 0.99
0250 - 0.97 | 1.00
0251 - 0.97 | 0.99
0252 - 0.96 | 0.97
0253 - 0.84 | 0.83
0254 - 0.96 | 1.00
0255 - 0.89 | 0.96
0256 - 0.96 | 0.98
0257 - 0.66 | 0.81
0258 - 0.89 | 0.92
0259 - 0.97 | 1.00
0260 - 0.90 | 0.99
0261 - 0.89 | 1.00
0262 - 0.97 | 0.97
0263 - 0.95 | 0.98
0264 - 0.93 | 1.00
0265 - 0.99 | 1.00
0266 - 0.98 | 1.00
0267 - 0.96 | 1.00
0268 - 0.94 | 1.00
0269 - 0.93 | 0.96
0270 - 0.79 | 0.78
0271 - 0.98 | 0.99
0272 - 0.97 | 1.00
0273 - 0.93 | 0.94
0274 - 0.99 | 1.00
0275 - 0.89 | 0.92
0276 - 0.95 | 1.00
0277 - 0.97 | 0.98
0278 - 0.89 | 0.96
0279 - 0.94 | 1.00
0280 - 0.95 | 0.99
0281 - 0.79 | 0.79
0282 - 0.92 | 0.94
0283 - 0.97 | 1.00
0284 - 0.95 | 0.96
0285 - 0.98 | 1.00
0286 - 0.98 | 0.98
0287 - 0.89 | 1.00
0288 - 0.96 | 0.97
0289 - 0.88 | 0.89
0290 - 0.74 | 0.75
0291 - 0.86 | 1.00
0292 - 0.96 | 0.97
0293 - 0.88 | 0.93
0294 - 0.77 | 0.77
0295 - 0.89 | 1.00
0296 - 0.90 | 0.90
0297 - 0.89 | 0.91
0298 - 0.93 | 0.99
0299 - 0.97 | 0.99
0300 - 0.96 | 1.00
0301 - 0.96 | 1.00
0302 - 0.95 | 1.00
0303 - 0.76 | 0.78
0304 - 0.98 | 1.00
0305 - 0.86 | 0.86
0306 - 0.89 | 0.93
0307 - 0.73 | 0.75
0308 - 0.94 | 1.00
0309 - 0.85 | 1.00
0310 - 0.85 | 1.00
0311 - 0.93 | 0.93
0312 - 0.84 | 1.00
0313 - 0.90 | 1.00
0314 - 0.86 | 0.91
0315 - 0.95 | 1.00
0316 - 0.97 | 0.99
0317 - 0.93 | 1.00
0318 - 0.98 | 0.99
0319 - 0.96 | 1.00
0320 - 0.95 | 0.98
0321 - 0.84 | 0.85
0322 - 0.92 | 0.98
0323 - 0.92 | 0.98
0324 - 0.91 | 0.92
0325 - 1.00 | 1.00
0326 - 0.98 | 0.99
0327 - 0.97 | 0.99
0328 - 0.80 | 0.85
0329 - 0.96 | 0.98
0330 - 0.99 | 1.00
0331 - 0.94 | 0.95
0332 - 0.98 | 0.98
0333 - 0.70 | 0.70
0334 - 0.98 | 1.00
0335 - 0.88 | 0.90
0336 - 0.98 | 1.00
0337 - 0.96 | 0.97
0338 - 0.97 | 1.00
0339 - 0.94 | 0.96
0340 - 0.98 | 1.00
0341 - 0.83 | 0.85
0342 - 0.64 | 0.64
0343 - 0.97 | 1.00
0344 - 0.79 | 0.79
0345 - 0.95 | 0.97
0346 - 0.87 | 1.00
0347 - 0.84 | 0.87
0348 - 0.96 | 0.97
0349 - 0.92 | 0.92
0350 - 0.96 | 1.00
0351 - 0.99 | 1.00
0352 - 0.90 | 1.00
0353 - 0.83 | 0.84
0354 - 0.97 | 0.99
0355 - 0.93 | 0.97
0356 - 0.88 | 0.90
0357 - 0.93 | 0.95
0358 - 0.87 | 0.88
0359 - 0.91 | 1.00
0360 - 0.97 | 0.98
0361 - 0.97 | 1.00
0362 - 0.96 | 0.97
0363 - 0.95 | 1.00
0364 - 0.85 | 0.88
0365 - 0.93 | 0.94
0366 - 0.97 | 1.00
0367 - 0.93 | 1.00
0368 - 0.68 | 0.68
0369 - 0.87 | 0.89
0370 - 0.95 | 1.00
0371 - 0.95 | 0.97
0372 - 0.91 | 0.93
0373 - 0.91 | 1.00
0374 - 0.95 | 0.97
0375 - 0.97 | 1.00
0376 - 0.98 | 0.99
0377 - 1.00 | 1.00
0378 - 0.85 | 0.87
0379 - 0.87 | 1.00
0380 - 0.97 | 0.99
0381 - 0.98 | 1.00
0382 - 0.89 | 0.91
0383 - 0.99 | 1.00
0384 - 0.98 | 0.99
0385 - 0.91 | 0.98
0386 - 0.60 | 0.73
0387 - 0.98 | 1.00
0388 - 0.97 | 0.98
0389 - 1.00 | 1.00
0390 - 0.95 | 0.99
0391 - 0.91 | 1.00
0392 - 0.58 | 0.55
0393 - 0.96 | 1.00
0394 - 0.95 | 1.00
0395 - 0.96 | 1.00
0396 - 0.90 | 0.89
0397 - 0.91 | 1.00
0398 - 0.90 | 0.90
0399 - 0.77 | 0.79
0400 - 0.94 | 1.00
0401 - 0.97 | 1.00
0402 - 0.97 | 0.98
0403 - 0.99 | 1.00
0404 - 0.91 | 0.94
0405 - 0.99 | 0.99
0406 - 0.82 | 0.86
0407 - 0.98 | 1.00
0408 - 0.98 | 1.00
0409 - 0.84 | 0.85
0410 - 0.80 | 0.82
0411 - 0.98 | 1.00
0412 - 0.98 | 1.00
0413 - 0.95 | 1.00
0414 - 0.95 | 0.97
0415 - 0.87 | 1.00
0416 - 0.92 | 0.93
0417 - 0.69 | 0.70
0418 - 0.84 | 0.83
0419 - 0.90 | 0.90
0420 - 0.97 | 0.98
0421 - 0.99 | 1.00
0422 - 0.98 | 1.00
0423 - 0.92 | 1.00
0424 - 0.98 | 1.00
0425 - 0.90 | 0.97
0426 - 0.89 | 0.90
0427 - 0.98 | 1.00
0428 - 0.97 | 1.00
0429 - 0.96 | 1.00
0430 - 0.99 | 1.00
0431 - 0.90 | 0.91
0432 - 0.93 | 0.99
0433 - 0.91 | 0.92
0434 - 0.93 | 0.98
0435 - 0.68 | 0.67
0436 - 0.94 | 0.98
0437 - 0.94 | 0.96
0438 - 0.98 | 1.00
0439 - 0.99 | 1.00
0440 - 0.95 | 0.96
0441 - 0.96 | 1.00
0442 - 0.94 | 0.96
0443 - 0.91 | 1.00
0444 - 0.98 | 0.99
0445 - 0.96 | 1.00
0446 - 0.90 | 0.99
0447 - 0.96 | 0.99
0448 - 0.96 | 0.97
0449 - 0.86 | 0.87
0450 - 0.95 | 0.97
0451 - 0.93 | 1.00
0452 - 0.95 | 1.00
0453 - 0.96 | 0.98
0454 - 0.97 | 0.99
0455 - 0.92 | 0.93
0456 - 0.99 | 1.00
0457 - 0.96 | 0.97
0458 - 0.98 | 1.00
0459 - 0.95 | 1.00
0460 - 0.84 | 0.85
0461 - 0.98 | 1.00
0462 - 0.81 | 0.99
0463 - 0.91 | 0.93
0464 - 0.95 | 0.99
0465 - 0.95 | 0.99
0466 - 0.95 | 0.95
0467 - 0.97 | 0.98
0468 - 0.99 | 1.00
0469 - 0.97 | 1.00
0470 - 0.97 | 1.00
0471 - 0.96 | 1.00
0472 - 0.92 | 0.93
0473 - 0.86 | 0.90
0474 - 0.94 | 0.96
0475 - 0.99 | 1.00
0476 - 0.97 | 1.00
0477 - 0.90 | 0.91
0478 - 0.95 | 0.97
0479 - 0.97 | 1.00
0480 - 0.92 | 0.96
0481 - 0.96 | 1.00
0482 - 0.92 | 0.92
0483 - 0.96 | 0.97
0484 - 0.94 | 0.94
0485 - 0.96 | 0.98
0486 - 0.97 | 1.00
0487 - 0.97 | 1.00
0488 - 0.92 | 1.00
0489 - 0.94 | 0.96
0490 - 0.93 | 0.96
0491 - 0.96 | 0.99
0492 - 0.78 | 0.78
0493 - 0.97 | 1.00
0494 - 0.95 | 1.00
0495 - 0.95 | 0.97
0496 - 0.99 | 1.00
0497 - 0.72 | 0.78
0498 - 0.94 | 0.97
0499 - 0.97 | 0.98
0500 - 0.82 | 0.83
0501 - 0.97 | 1.00
0502 - 0.93 | 0.96
0503 - 0.89 | 0.89
0504 - 0.96 | 0.98
0505 - 0.87 | 0.94
0506 - 0.98 | 1.00
0507 - 0.94 | 0.95
0508 - 0.94 | 0.98
0509 - 0.89 | 0.94
0510 - 0.94 | 1.00
0511 - 0.97 | 1.00
0512 - 0.78 | 0.77
0513 - 0.99 | 1.00
0514 - 0.94 | 0.96
0515 - 0.87 | 0.87
0516 - 0.95 | 1.00
0517 - 0.96 | 0.98
0518 - 0.98 | 1.00
0519 - 0.96 | 0.97
0520 - 0.93 | 0.95
0521 - 0.79 | 0.81
0522 - 0.99 | 1.00
0523 - 0.99 | 1.00
0524 - 0.97 | 0.98
0525 - 0.92 | 1.00
0526 - 0.99 | 1.00
0527 - 0.87 | 0.88
0528 - 0.91 | 1.00
0529 - 0.95 | 0.96
0530 - 0.90 | 1.00
0531 - 0.98 | 0.98
0532 - 0.94 | 0.98
0533 - 0.99 | 1.00
0534 - 0.97 | 0.98
0535 - 0.98 | 0.99
0536 - 0.78 | 0.82
0537 - 0.84 | 0.87
0538 - 0.85 | 0.86
0539 - 0.91 | 0.92
0540 - 0.94 | 1.00
0541 - 0.94 | 1.00
0542 - 0.99 | 1.00
0543 - 0.92 | 1.00
0544 - 0.97 | 0.98
0545 - 0.90 | 0.91
0546 - 0.93 | 0.99
0547 - 0.97 | 1.00
0548 - 0.89 | 0.94
0549 - 0.81 | 0.86
0550 - 0.97 | 1.00
0551 - 0.91 | 1.00
0552 - 0.98 | 0.99
0553 - 0.80 | 0.88
0554 - 0.89 | 1.00
0555 - 0.94 | 0.99
0556 - 0.54 | 0.54
0557 - 0.98 | 1.00
0558 - 0.93 | 0.95
0559 - 0.80 | 0.81
0560 - 0.94 | 1.00
0561 - 0.94 | 1.00
0562 - 0.98 | 1.00
0563 - 0.87 | 0.88
0564 - 0.76 | 0.75
0565 - 0.92 | 0.97
0566 - 0.91 | 0.92
0567 - 0.89 | 0.89
0568 - 0.96 | 0.97
0569 - 0.94 | 0.96
0570 - 0.88 | 0.93
0571 - 0.95 | 0.96
0572 - 0.92 | 1.00
0573 - 0.98 | 1.00
0574 - 0.91 | 0.99
0575 - 0.99 | 1.00
0576 - 0.89 | 0.91
0577 - 0.88 | 0.97
0578 - 0.99 | 1.00
0579 - 0.97 | 0.97
0580 - 0.97 | 1.00
0581 - 0.96 | 0.99
0582 - 0.97 | 1.00
0583 - 0.98 | 1.00
0584 - 0.99 | 1.00
0585 - 0.88 | 0.90
0586 - 0.97 | 1.00
0587 - 0.83 | 0.83
0588 - 0.97 | 0.98
0589 - 0.73 | 0.81
0590 - 0.83 | 0.84
0591 - 0.94 | 0.97
0592 - 0.91 | 0.99
0593 - 0.94 | 0.96
0594 - 0.96 | 0.97
0595 - 0.93 | 0.94
0596 - 0.89 | 0.92
0597 - 0.86 | 0.94
0598 - 0.81 | 0.89
0599 - 0.80 | 0.81
0600 - 0.96 | 1.00
0601 - 0.93 | 0.97
0602 - 0.85 | 0.90
0603 - 0.98 | 1.00
0604 - 0.99 | 1.00
0605 - 0.95 | 0.96
0606 - 0.95 | 0.98
0607 - 0.90 | 0.92
0608 - 0.79 | 0.79
0609 - 0.96 | 0.98
0610 - 0.89 | 0.92
0611 - 0.92 | 0.96
0612 - 0.88 | 1.00
0613 - 0.70 | 1.00
0614 - 0.92 | 0.92
0615 - 0.89 | 0.88
0616 - 0.43 | 0.42
0617 - 0.99 | 1.00
0618 - 0.90 | 0.91
0619 - 0.94 | 0.96
0620 - 0.77 | 0.78
0621 - 0.86 | 0.87
0622 - 0.98 | 1.00
0623 - 0.92 | 1.00
0624 - 0.96 | 0.97
0625 - 0.96 | 1.00
0626 - 0.98 | 0.99
0627 - 0.77 | 0.91
0628 - 0.72 | 0.73
0629 - 0.77 | 0.76
0630 - 0.95 | 0.96
0631 - 0.95 | 0.95
0632 - 0.88 | 0.93
0633 - 0.87 | 0.91
0634 - 0.93 | 0.95
0635 - 0.87 | 0.88
0636 - 0.97 | 1.00
0637 - 0.73 | 0.73
0638 - 0.93 | 1.00
0639 - 0.97 | 1.00
0640 - 0.93 | 0.99
0641 - 0.98 | 0.99
0642 - 0.91 | 0.92
0643 - 0.92 | 0.98
0644 - 0.74 | 0.94
0645 - 0.97 | 0.99
0646 - 0.96 | 0.99
0647 - 0.78 | 0.78
0648 - 0.92 | 0.96
0649 - 0.99 | 1.00
0650 - 0.95 | 1.00
0651 - 0.46 | 0.45
0652 - 0.97 | 1.00
0653 - 0.97 | 1.00
0654 - 0.93 | 0.99
0655 - 0.97 | 1.00
0656 - 0.90 | 0.93
0657 - 0.88 | 0.90
0658 - 0.90 | 1.00
0659 - 0.93 | 0.95
0660 - 0.98 | 1.00
0661 - 0.95 | 1.00
0662 - 0.99 | 1.00
0663 - 0.92 | 0.95
0664 - 0.96 | 1.00
0665 - 0.93 | 0.99
0666 - 0.82 | 0.82
0667 - 0.99 | 1.00
0668 - 0.98 | 1.00
0669 - 0.94 | 0.98
0670 - 0.98 | 1.00
0671 - 0.93 | 1.00
0672 - 0.90 | 0.95
0673 - 0.97 | 1.00
0674 - 0.96 | 0.98
0675 - 0.99 | 0.99
0676 - 0.95 | 1.00
0677 - 0.98 | 0.99
0678 - 0.97 | 0.99
0679 - 0.86 | 0.86
0680 - 0.98 | 1.00
0681 - 0.99 | 1.00
0682 - 0.88 | 0.91
0683 - 0.98 | 0.99
0684 - 0.94 | 0.99
0685 - 0.86 | 0.88
0686 - 0.92 | 0.93
0687 - 0.73 | 0.74
0688 - 0.97 | 1.00
0689 - 0.95 | 0.99
0690 - 0.94 | 0.95
0691 - 0.95 | 0.97
0692 - 0.88 | 0.95
0693 - 0.98 | 0.99
0694 - 0.98 | 1.00
0695 - 0.92 | 0.93
0696 - 0.93 | 0.94
0697 - 0.95 | 0.97
0698 - 0.97 | 1.00
0699 - 0.87 | 0.87
0700 - 0.98 | 1.00
0701 - 0.76 | 0.77
0702 - 0.94 | 0.96
0703 - 0.93 | 0.95
0704 - 0.79 | 0.91
0705 - 0.97 | 1.00
0706 - 0.77 | 0.78
0707 - 0.98 | 0.99
0708 - 0.99 | 1.00
0709 - 0.98 | 0.99
0710 - 0.94 | 0.96
0711 - 0.97 | 0.99
0712 - 0.96 | 0.98
0713 - 0.91 | 0.96
0714 - 0.92 | 0.93
0715 - 0.89 | 0.95
0716 - 0.90 | 0.89
0717 - 0.90 | 0.94
0718 - 0.98 | 1.00
0719 - 0.91 | 0.94
0720 - 0.93 | 0.99
0721 - 0.99 | 1.00
0722 - 0.94 | 0.98
0723 - 0.96 | 0.98
0724 - 0.96 | 1.00
0725 - 0.68 | 0.68
0726 - 0.98 | 1.00
0727 - 0.95 | 1.00
0728 - 0.93 | 0.97
0729 - 0.82 | 0.85
0730 - 0.98 | 1.00
0731 - 0.73 | 0.79
0732 - 0.97 | 1.00
0733 - 0.96 | 0.98
0734 - 0.83 | 0.82
0735 - 0.96 | 1.00
0736 - 0.92 | 0.90
0737 - 0.93 | 0.98
0738 - 0.93 | 0.93
0739 - 0.81 | 0.95
0740 - 0.87 | 0.88
0741 - 0.95 | 0.98
0742 - 0.94 | 1.00
0743 - 0.88 | 0.92
0744 - 0.97 | 1.00
0745 - 0.97 | 0.99
0746 - 0.98 | 1.00
0747 - 0.99 | 1.00
0748 - 0.91 | 0.93
0749 - 0.95 | 1.00
0750 - 0.88 | 0.94
0751 - 0.96 | 1.00
0752 - 0.98 | 0.98
0753 - 0.91 | 0.96
0754 - 0.99 | 1.00
0755 - 0.83 | 0.87
0756 - 0.99 | 1.00
0757 - 0.89 | 0.93
0758 - 0.65 | 0.67
0759 - 0.99 | 1.00
0760 - 0.95 | 0.99
0761 - 0.99 | 1.00
0762 - 0.97 | 0.98
0763 - 0.96 | 0.98
0764 - 0.98 | 1.00
0765 - 0.91 | 1.00
0766 - 0.98 | 1.00
0767 - 0.97 | 1.00
0768 - 0.87 | 0.91
0769 - 0.97 | 1.00
0770 - 0.84 | 0.84
0771 - 0.97 | 1.00
0772 - 0.95 | 0.96
0773 - 0.98 | 1.00
0774 - 0.94 | 0.96
0775 - 0.98 | 1.00
0776 - 0.95 | 1.00
0777 - 0.94 | 0.96
0778 - 0.97 | 1.00
0779 - 0.94 | 1.00
0780 - 0.93 | 0.94
0781 - 0.97 | 1.00
0782 - 0.94 | 0.97
0783 - 0.85 | 0.86
0784 - 0.39 | 0.39
0785 - 0.93 | 1.00
0786 - 0.91 | 0.99
0787 - 0.79 | 0.87
0788 - 0.90 | 1.00
0789 - 0.97 | 1.00
0790 - 0.97 | 1.00
0791 - 0.94 | 0.96
0792 - 0.94 | 0.95
0793 - 0.72 | 0.97
0794 - 0.92 | 0.95
0795 - 0.95 | 0.96
0796 - 0.75 | 0.77
0797 - 0.93 | 0.96
0798 - 0.85 | 0.86
0799 - 0.89 | 0.94
0800 - 0.90 | 1.00
0801 - 0.90 | 0.94
0802 - 0.82 | 0.95
0803 - 0.93 | 0.99
0804 - 0.98 | 1.00
0805 - 0.77 | 0.77
0806 - 0.97 | 0.97
0807 - 0.96 | 0.98
0808 - 0.92 | 0.98
0809 - 0.79 | 0.78
0810 - 0.97 | 0.99
0811 - 0.88 | 0.88
0812 - 0.96 | 1.00
0813 - 0.99 | 1.00
0814 - 0.99 | 1.00
0815 - 0.98 | 1.00
0816 - 0.93 | 1.00
0817 - 0.76 | 0.95
0818 - 0.85 | 0.85
0819 - 0.72 | 0.78
0820 - 0.96 | 1.00
0821 - 0.73 | 0.78
0822 - 0.94 | 0.99
0823 - 0.92 | 0.94
0824 - 0.94 | 0.99
0825 - 0.98 | 0.99
0826 - 0.99 | 1.00
0827 - 0.98 | 1.00
0828 - 0.92 | 0.93
0829 - 0.98 | 0.98
0830 - 0.98 | 1.00
0831 - 0.95 | 0.97
0832 - 0.73 | 0.74
0833 - 0.99 | 1.00
0834 - 0.88 | 0.88
0835 - 0.96 | 0.97
0836 - 0.95 | 0.95
0837 - 0.95 | 0.95
0838 - 0.92 | 0.94
0839 - 0.71 | 0.71
0840 - 0.89 | 0.98
0841 - 0.78 | 0.81
0842 - 0.95 | 0.97
0843 - 0.88 | 0.88
0844 - 0.94 | 1.00
0845 - 0.97 | 1.00
0846 - 0.83 | 0.90
0847 - 0.97 | 1.00
0848 - 0.86 | 0.91
0849 - 0.96 | 0.99
0850 - 0.98 | 1.00
0851 - 0.87 | 0.99
0852 - 0.91 | 0.92
0853 - 0.76 | 0.81
0854 - 0.77 | 1.00
0855 - 1.00 | 1.00
0856 - 0.94 | 1.00
0857 - 0.93 | 0.94
0858 - 0.93 | 0.94
0859 - 0.96 | 0.98
0860 - 0.92 | 0.94
0861 - 0.93 | 1.00
0862 - 0.83 | 1.00
0863 - 0.90 | 0.92
0864 - 0.91 | 0.91
0865 - 0.90 | 0.91
0866 - 0.95 | 0.98
0867 - 0.97 | 1.00
0868 - 0.96 | 1.00
0869 - 0.84 | 0.85
0870 - 0.92 | 0.94
0871 - 0.98 | 1.00
0872 - 0.97 | 0.97
0873 - 0.99 | 1.00
0874 - 0.98 | 0.99
0875 - 0.94 | 0.97
0876 - 0.97 | 1.00
0877 - 0.95 | 1.00
0878 - 0.91 | 0.91
0879 - 0.96 | 0.97
0880 - 0.96 | 0.97
0881 - 0.96 | 1.00
0882 - 0.98 | 0.99
0883 - 0.92 | 0.94
0884 - 0.93 | 1.00
0885 - 0.96 | 0.99
0886 - 0.97 | 0.98
0887 - 0.88 | 0.92
0888 - 0.82 | 0.91
0889 - 0.98 | 0.99
0890 - 1.00 | 1.00
0891 - 0.97 | 0.98
0892 - 0.98 | 0.98
0893 - 0.99 | 1.00
0894 - 0.94 | 0.98
0895 - 0.93 | 0.95
0896 - 0.98 | 1.00
0897 - 0.97 | 0.98
0898 - 0.70 | 0.80
0899 - 0.97 | 0.98
0900 - 0.98 | 1.00
0901 - 0.92 | 0.93
0902 - 0.94 | 1.00
0903 - 0.90 | 0.90
0904 - 0.95 | 0.98
0905 - 0.94 | 1.00
0906 - 0.98 | 1.00
0907 - 0.98 | 1.00
0908 - 0.90 | 1.00
0909 - 0.92 | 0.93
0910 - 0.93 | 1.00
0911 - 0.88 | 0.90
0912 - 0.94 | 1.00
0913 - 0.92 | 0.92
0914 - 0.94 | 1.00
0915 - 0.97 | 1.00
0916 - 0.98 | 0.99
0917 - 0.87 | 1.00
0918 - 0.98 | 1.00
0919 - 0.97 | 1.00
0920 - 0.56 | 0.78
0921 - 0.90 | 1.00
0922 - 0.88 | 0.90
0923 - 0.94 | 0.97
0924 - 0.97 | 1.00
0925 - 0.99 | 1.00
0926 - 0.96 | 1.00
0927 - 0.97 | 1.00
0928 - 0.78 | 1.00
0929 - 0.82 | 1.00
0930 - 0.94 | 0.94
0931 - 0.96 | 0.97
0932 - 0.97 | 1.00
0933 - 0.92 | 1.00
0934 - 0.90 | 1.00
0935 - 0.85 | 0.86
0936 - 0.93 | 0.94
0937 - 0.98 | 1.00
0938 - 0.92 | 0.96
0939 - 0.95 | 0.98
0940 - 0.99 | 1.00
0941 - 0.92 | 1.00
0942 - 0.70 | 0.73
0943 - 0.96 | 1.00
0944 - 0.88 | 0.90
0945 - 0.97 | 0.99
0946 - 0.65 | 0.73
0947 - 0.99 | 1.00
0948 - 0.92 | 0.93
0949 - 0.97 | 1.00
0950 - 0.87 | 0.99
0951 - 0.97 | 0.98
0952 - 0.82 | 0.84
0953 - 0.94 | 1.00
0954 - 0.95 | 0.97
0955 - 0.97 | 1.00
0956 - 0.68 | 0.68
0957 - 0.83 | 0.84
0958 - 0.97 | 1.00
0959 - 0.92 | 0.99
0960 - 0.99 | 0.99
0961 - 0.98 | 1.00
0962 - 0.98 | 1.00
0963 - 0.86 | 0.90
0964 - 0.93 | 0.95
0965 - 0.89 | 0.89
0966 - 0.96 | 1.00
0967 - 0.88 | 0.86
0968 - 0.93 | 0.95
0969 - 0.96 | 0.97
0970 - 0.94 | 1.00
0971 - 0.70 | 0.69
0972 - 0.95 | 0.97
0973 - 0.97 | 1.00
0974 - 0.96 | 1.00
0975 - 0.98 | 0.99
0976 - 0.94 | 1.00
0977 - 0.90 | 0.97
0978 - 0.96 | 1.00
0979 - 0.97 | 1.00
0980 - 0.96 | 0.98
0981 - 0.96 | 1.00
0982 - 0.95 | 1.00
0983 - 0.96 | 1.00
0984 - 0.69 | 0.68
0985 - 0.86 | 0.88
0986 - 0.94 | 0.96
0987 - 0.99 | 1.00
0988 - 0.96 | 0.97
0989 - 0.96 | 0.97
0990 - 0.91 | 0.91
0991 - 0.72 | 0.82
0992 - 0.98 | 1.00
0993 - 0.78 | 0.79
0994 - 0.87 | 0.87
0995 - 0.98 | 1.00
0996 - 0.87 | 0.87
0997 - 0.98 | 1.00
0998 - 0.97 | 0.98
0999 - 0.78 | 0.90
1000 - 0.96 | 1.00
==================
