==============================================
BLEU GOLD:                               37.68
BLEU IN:                                 53.91
SIM GOLD:                               0.9207
SIM IN:                                 0.9558
==============================================
       BLEU GOLD | BLEU IN | SIM GOLD | SIM IN
0001 -      0.00 |    0.00 |     0.94 |   0.98
0002 -      0.00 |    0.00 |     0.78 |   0.79
0003 -     46.14 |   80.65 |     0.94 |   0.95
0004 -      0.00 |    0.00 |     0.86 |   0.91
0005 -     28.03 |  100.00 |     0.97 |   1.00
0006 -     94.63 |  100.00 |     1.00 |   1.00
0007 -     83.36 |   97.80 |     0.75 |   0.78
0008 -     36.47 |  100.00 |     0.93 |   1.00
0009 -      4.72 |    4.75 |     0.97 |   0.99
0010 -      0.00 |    0.00 |     0.97 |   0.99
0011 -     89.23 |  100.00 |     0.95 |   1.00
0012 -     46.82 |   52.35 |     0.94 |   0.96
0013 -     41.86 |   41.24 |     0.94 |   0.96
0014 -     53.89 |   80.95 |     0.96 |   0.98
0015 -     66.18 |   59.58 |     0.80 |   0.78
0016 -     90.05 |  100.00 |     0.96 |   1.00
0017 -      0.00 |    0.00 |     0.93 |   0.99
0018 -      0.00 |    0.00 |     0.78 |   0.80
0019 -     36.90 |   46.23 |     0.97 |   0.99
0020 -     53.52 |   54.40 |     0.94 |   0.95
0021 -     37.49 |   55.43 |     0.99 |   0.99
0022 -      0.00 |    0.00 |     0.94 |   0.99
0023 -     15.08 |   17.65 |     0.97 |   0.99
0024 -     38.85 |   11.57 |     0.71 |   0.73
0025 -      0.00 |    0.00 |     0.83 |   0.96
0026 -      0.00 |    0.00 |     0.99 |   1.00
0027 -      0.00 |    8.47 |     0.89 |   0.99
0028 -     37.62 |   34.09 |     0.96 |   0.99
0029 -     81.95 |   16.04 |     0.94 |   0.98
0030 -     49.17 |   65.99 |     0.92 |   0.94
0031 -      0.00 |    3.91 |     0.98 |   0.99
0032 -      0.00 |    0.00 |     0.98 |   0.99
0033 -      0.00 |    0.00 |     0.87 |   0.90
0034 -     61.08 |   45.51 |     0.93 |   0.96
0035 -      0.00 |    0.00 |     0.33 |   0.36
0036 -     94.44 |  100.00 |     0.95 |   1.00
0037 -     13.29 |  100.00 |     0.92 |   1.00
0038 -     39.43 |  100.00 |     0.96 |   1.00
0039 -     63.99 |  100.00 |     0.99 |   1.00
0040 -     49.53 |   98.92 |     0.96 |   0.97
0041 -     21.00 |   20.98 |     0.90 |   0.91
0042 -     29.04 |  100.00 |     0.92 |   1.00
0043 -      0.00 |    0.00 |     0.97 |   0.97
0044 -      0.00 |    0.00 |     0.95 |   0.97
0045 -     94.07 |  100.00 |     0.97 |   1.00
0046 -      0.00 |    0.00 |     0.87 |   0.91
0047 -     65.48 |  100.00 |     0.58 |   1.00
0048 -     48.01 |   54.42 |     0.94 |   0.96
0049 -     63.72 |  100.00 |     0.98 |   1.00
0050 -      0.00 |    0.00 |     0.94 |   0.96
0051 -      0.00 |   85.98 |     0.85 |   0.96
0052 -     16.36 |  100.00 |     0.97 |   1.00
0053 -     42.31 |  100.00 |     0.98 |   1.00
0054 -      0.00 |    0.00 |     0.98 |   0.99
0055 -     89.68 |  100.00 |     0.96 |   1.00
0056 -     75.66 |   91.74 |     0.94 |   0.98
0057 -     21.08 |   21.49 |     0.94 |   0.98
0058 -     60.43 |   77.31 |     0.87 |   0.92
0059 -     73.64 |  100.00 |     0.98 |   1.00
0060 -     33.97 |   81.58 |     0.99 |   1.00
0061 -     93.07 |   97.65 |     0.98 |   0.99
0062 -      0.00 |    0.00 |     0.90 |   0.97
0063 -     37.69 |   37.32 |     0.89 |   0.99
0064 -      4.90 |    5.12 |     0.88 |   0.89
0065 -     67.12 |  100.00 |     0.96 |   1.00
0066 -     63.72 |   92.99 |     0.95 |   0.97
0067 -      0.00 |    0.00 |     0.99 |   1.00
0068 -      0.00 |    0.00 |     0.82 |   0.86
0069 -     31.11 |   70.90 |     0.91 |   0.95
0070 -      0.00 |    0.00 |     0.90 |   0.91
0071 -      5.41 |    0.00 |     0.92 |   0.94
0072 -     26.33 |   96.35 |     0.98 |   0.99
0073 -     81.06 |    0.00 |     0.91 |   0.99
0074 -      0.00 |    0.00 |     0.89 |   0.92
0075 -     89.79 |   98.09 |     0.92 |   0.95
0076 -     28.03 |   94.82 |     0.98 |   1.00
0077 -     62.49 |   74.03 |     0.94 |   0.98
0078 -      0.00 |    0.00 |     0.77 |   0.81
0079 -     34.83 |   96.68 |     0.93 |   0.96
0080 -      0.00 |    0.00 |     0.86 |   0.91
0081 -      0.00 |    0.00 |     0.89 |   0.92
0082 -      0.00 |    0.00 |     0.97 |   0.99
0083 -      0.00 |    0.00 |     0.81 |   0.87
0084 -     81.19 |  100.00 |     0.93 |   1.00
0085 -      4.62 |    5.61 |     0.92 |   0.93
0086 -     39.82 |   39.82 |     0.87 |   1.00
0087 -     14.23 |   31.49 |     0.79 |   0.82
0088 -     36.03 |   31.40 |     0.99 |   1.00
0089 -      0.00 |    0.00 |     0.95 |   1.00
0090 -     85.92 |   99.13 |     0.92 |   0.97
0091 -     91.56 |  100.00 |     0.92 |   1.00
0092 -     66.25 |  100.00 |     0.94 |   1.00
0093 -     65.61 |   72.35 |     0.93 |   1.00
0094 -     54.96 |   78.30 |     0.40 |   0.84
0095 -     26.41 |   26.70 |     0.96 |   0.98
0096 -     30.16 |   27.62 |     0.90 |   0.89
0097 -     90.43 |  100.00 |     0.98 |   1.00
0098 -     82.32 |   80.45 |     0.95 |   0.99
0099 -      0.00 |    0.00 |     0.96 |   0.97
0100 -      0.00 |    0.00 |     0.94 |   0.98
0101 -     58.20 |   54.62 |     0.84 |   0.86
0102 -     50.22 |   50.02 |     0.94 |   0.98
0103 -     44.82 |  100.00 |     0.95 |   1.00
0104 -     38.12 |  100.00 |     0.99 |   1.00
0105 -     33.67 |   70.00 |     0.90 |   0.92
0106 -      0.00 |    0.00 |     0.50 |   0.48
0107 -     47.70 |  100.00 |     0.97 |   0.98
0108 -     86.69 |  100.00 |     0.78 |   1.00
0109 -      0.00 |    0.00 |     0.80 |   0.82
0110 -     80.99 |  100.00 |     0.93 |   1.00
0111 -     28.85 |   16.60 |     0.93 |   0.98
0112 -      0.00 |    0.00 |     0.90 |   0.92
0113 -      0.00 |    8.06 |     0.98 |   0.99
0114 -     99.59 |   22.58 |     1.00 |   0.99
0115 -     43.62 |   50.39 |     0.87 |   0.90
0116 -     75.31 |  100.00 |     0.95 |   1.00
0117 -     13.69 |  100.00 |     0.98 |   0.99
0118 -     59.77 |   97.02 |     0.97 |   0.99
0119 -      0.00 |    0.00 |     0.83 |   0.85
0120 -     50.36 |   71.33 |     0.87 |   1.00
0121 -     57.02 |   80.88 |     0.93 |   0.96
0122 -     96.56 |  100.00 |     0.94 |   0.98
0123 -     49.90 |   92.35 |     0.94 |   0.98
0124 -     94.77 |  100.00 |     0.99 |   1.00
0125 -     37.31 |   43.68 |     0.97 |   0.99
0126 -     95.88 |  100.00 |     0.95 |   1.00
0127 -     74.54 |   50.76 |     0.98 |   0.93
0128 -     37.35 |  100.00 |     0.96 |   1.00
0129 -      4.80 |    4.80 |     0.91 |   0.90
0130 -     12.61 |   12.68 |     0.94 |   0.96
0131 -      0.00 |    0.00 |     0.89 |   0.86
0132 -     29.63 |   98.50 |     0.93 |   1.00
0133 -     71.64 |   71.28 |     0.86 |   0.90
0134 -     12.30 |  100.00 |     0.94 |   1.00
0135 -     56.86 |  100.00 |     0.99 |   1.00
0136 -      0.00 |    0.00 |     0.78 |   0.93
0137 -     28.39 |  100.00 |     0.99 |   1.00
0138 -      0.00 |    0.00 |     0.73 |   0.80
0139 -      0.00 |    0.00 |     0.91 |   0.94
0140 -     50.56 |   61.33 |     0.88 |   0.94
0141 -      0.00 |    0.00 |     0.93 |   0.95
0142 -      0.00 |   33.40 |     0.98 |   0.99
0143 -      0.00 |    0.00 |     0.87 |   0.90
0144 -     73.15 |   90.91 |     0.93 |   0.95
0145 -      0.00 |    0.00 |     0.86 |   0.88
0146 -     91.66 |  100.00 |     0.93 |   1.00
0147 -      0.00 |    0.00 |     0.96 |   0.97
0148 -     26.28 |   85.11 |     0.98 |   1.00
0149 -     93.68 |  100.00 |     0.97 |   1.00
0150 -      7.31 |  100.00 |     0.99 |   1.00
0151 -     73.10 |    0.00 |     0.93 |   0.95
0152 -      0.00 |    0.00 |     0.91 |   0.96
0153 -     90.75 |  100.00 |     0.90 |   1.00
0154 -     25.83 |   80.05 |     0.91 |   0.94
0155 -     30.82 |   32.71 |     0.95 |   0.98
0156 -     98.39 |  100.00 |     0.99 |   1.00
0157 -     74.95 |   82.97 |     0.93 |   0.99
0158 -     84.51 |  100.00 |     0.97 |   1.00
0159 -      0.00 |    0.00 |     0.93 |   0.96
0160 -     46.62 |    0.00 |     0.84 |   0.91
0161 -      0.00 |    0.00 |     0.93 |   0.98
0162 -     29.54 |   98.89 |     0.96 |   0.98
0163 -     59.16 |   62.84 |     0.92 |   0.93
0164 -     55.05 |   55.52 |     0.91 |   0.93
0165 -      0.00 |    0.00 |     0.96 |   0.98
0166 -     38.22 |   98.84 |     0.98 |   0.99
0167 -      0.00 |    0.00 |     0.89 |   0.99
0168 -     63.69 |   21.09 |     0.98 |   0.99
0169 -     91.41 |   98.47 |     0.96 |   0.95
0170 -      0.00 |    0.00 |     0.86 |   0.90
0171 -      0.00 |    0.00 |     0.95 |   0.98
0172 -     86.94 |  100.00 |     0.98 |   1.00
0173 -     92.81 |  100.00 |     0.98 |   1.00
0174 -     69.82 |  100.00 |     0.98 |   1.00
0175 -      0.00 |    0.00 |     0.91 |   0.93
0176 -     79.51 |  100.00 |     0.99 |   1.00
0177 -     70.88 |   70.67 |     0.96 |   0.95
0178 -     79.16 |  100.00 |     0.91 |   1.00
0179 -    100.00 |   86.61 |     1.00 |   0.91
0180 -     69.93 |   68.19 |     0.94 |   0.94
0181 -      8.75 |    8.79 |     0.92 |   0.90
0182 -      0.00 |    0.00 |     0.79 |   0.81
0183 -     73.94 |   94.31 |     0.95 |   0.99
0184 -     89.66 |   94.72 |     0.95 |   0.99
0185 -     49.81 |   96.97 |     0.97 |   0.99
0186 -      0.00 |    7.09 |     0.90 |   0.91
0187 -     49.81 |   66.42 |     0.91 |   0.98
0188 -     89.39 |  100.00 |     0.95 |   1.00
0189 -     36.47 |  100.00 |     0.84 |   1.00
0190 -      8.75 |    0.00 |     0.74 |   0.80
0191 -     36.25 |   74.04 |     0.96 |   0.91
0192 -     54.28 |    0.00 |     0.81 |   0.85
0193 -      0.00 |    0.00 |     0.94 |   1.00
0194 -     11.83 |   11.31 |     0.98 |   0.99
0195 -     70.45 |  100.00 |     0.99 |   1.00
0196 -      0.00 |    6.85 |     0.92 |   0.92
0197 -     25.28 |   24.53 |     0.93 |   1.00
0198 -     89.73 |   93.64 |     0.94 |   0.98
0199 -     92.39 |  100.00 |     0.93 |   1.00
0200 -      0.00 |    0.00 |     0.89 |   0.89
0201 -     14.80 |   71.10 |     0.91 |   0.94
0202 -     60.44 |   97.49 |     0.96 |   1.00
0203 -     87.82 |   93.65 |     0.94 |   0.99
0204 -     20.12 |  100.00 |     1.00 |   1.00
0205 -      0.00 |    0.00 |     0.86 |   0.92
0206 -     26.09 |   31.80 |     0.99 |   1.00
0207 -     91.41 |  100.00 |     0.98 |   1.00
0208 -      0.00 |    0.00 |     0.95 |   0.91
0209 -     87.17 |   98.40 |     0.84 |   0.88
0210 -     61.64 |   22.42 |     0.96 |   0.98
0211 -     26.07 |  100.00 |     0.97 |   1.00
0212 -     30.18 |   99.21 |     0.98 |   1.00
0213 -     96.55 |  100.00 |     0.98 |   1.00
0214 -      8.12 |   98.38 |     0.96 |   1.00
0215 -      0.00 |    0.00 |     0.88 |   0.91
0216 -     29.20 |   35.11 |     0.93 |   0.94
0217 -      0.00 |    0.00 |     0.71 |   0.88
0218 -     86.21 |   98.98 |     0.91 |   0.92
0219 -     37.49 |   99.17 |     0.90 |   0.93
0220 -     46.55 |   51.94 |     0.85 |   0.93
0221 -     82.03 |  100.00 |     0.89 |   1.00
0222 -      0.00 |   95.83 |     0.97 |   0.98
0223 -      0.00 |    0.00 |     0.93 |   1.00
0224 -      0.00 |    0.00 |     0.99 |   1.00
0225 -      0.00 |    0.00 |     0.97 |   1.00
0226 -     91.53 |  100.00 |     0.96 |   1.00
0227 -      0.00 |    0.00 |     0.94 |   1.00
0228 -      0.00 |    0.00 |     0.91 |   0.95
0229 -      0.00 |    0.00 |     0.91 |   0.92
0230 -     79.31 |   90.42 |     0.95 |   0.97
0231 -      0.00 |    0.00 |     0.90 |   0.91
0232 -      0.00 |    0.00 |     0.97 |   0.96
0233 -     61.57 |   76.66 |     0.91 |   0.96
0234 -     11.94 |   11.89 |     0.94 |   0.95
0235 -      0.00 |    0.00 |     0.85 |   0.91
0236 -      0.00 |  100.00 |     0.94 |   1.00
0237 -      0.00 |    0.00 |     0.95 |   0.99
0238 -     65.56 |  100.00 |     0.98 |   1.00
0239 -     58.87 |  100.00 |     0.97 |   1.00
0240 -     11.79 |   98.53 |     0.94 |   0.96
0241 -     16.46 |   16.35 |     0.85 |   0.87
0242 -     17.15 |   52.25 |     0.99 |   1.00
0243 -     78.68 |  100.00 |     0.89 |   1.00
0244 -     12.86 |   10.68 |     0.89 |   0.92
0245 -      0.00 |    0.00 |     0.89 |   0.90
0246 -      0.00 |    0.00 |     0.87 |   0.88
0247 -     96.91 |  100.00 |     0.99 |   1.00
0248 -     20.95 |   86.42 |     0.91 |   0.95
0249 -     78.50 |   98.83 |     0.89 |   1.00
0250 -      0.00 |   15.68 |     0.93 |   0.94
0251 -     69.04 |  100.00 |     0.94 |   1.00
0252 -      0.00 |   43.52 |     0.97 |   0.96
0253 -      4.58 |    6.36 |     0.95 |   0.98
0254 -     39.40 |   67.88 |     0.93 |   0.96
0255 -     95.91 |  100.00 |     0.95 |   1.00
0256 -     14.91 |  100.00 |     0.98 |   1.00
0257 -      0.00 |    0.00 |     0.88 |   0.87
0258 -      0.00 |    0.00 |     0.88 |   0.92
0259 -     91.04 |  100.00 |     0.94 |   1.00
0260 -     82.17 |  100.00 |     0.85 |   1.00
0261 -     90.36 |   98.22 |     0.80 |   0.94
0262 -     15.43 |    0.00 |     0.93 |   0.93
0263 -     79.93 |  100.00 |     0.84 |   1.00
0264 -     86.48 |  100.00 |     0.90 |   1.00
0265 -      0.00 |    0.00 |     0.75 |   0.80
0266 -     21.58 |   19.19 |     0.94 |   0.99
0267 -      0.00 |    0.00 |     0.97 |   0.99
0268 -     12.04 |   11.90 |     0.84 |   0.92
0269 -     71.95 |  100.00 |     0.99 |   0.99
0270 -     46.35 |  100.00 |     0.96 |   1.00
0271 -     17.86 |   97.65 |     0.96 |   0.98
0272 -     72.30 |   32.77 |     0.90 |   0.96
0273 -      8.38 |   98.66 |     0.92 |   0.98
0274 -     58.28 |   62.72 |     0.94 |   0.95
0275 -     91.56 |   99.08 |     0.97 |   0.97
0276 -     91.28 |  100.00 |     0.98 |   1.00
0277 -     36.54 |   35.60 |     0.97 |   0.99
0278 -     80.31 |   88.12 |     0.86 |   0.95
0279 -     24.40 |   26.55 |     0.85 |   0.85
0280 -     50.72 |   99.24 |     0.95 |   0.95
0281 -      0.00 |    0.00 |     0.97 |   0.95
0282 -     18.22 |   66.64 |     0.97 |   0.99
0283 -     53.32 |  100.00 |     0.98 |   1.00
0284 -     91.53 |  100.00 |     0.96 |   0.97
0285 -     82.45 |   84.12 |     0.96 |   0.94
0286 -     10.56 |   10.23 |     0.94 |   0.96
0287 -     34.57 |   32.24 |     0.92 |   0.95
0288 -      0.00 |    0.00 |     0.77 |   0.77
0289 -      0.00 |   94.44 |     0.96 |   0.98
0290 -     73.35 |  100.00 |     0.98 |   1.00
0291 -     62.20 |  100.00 |     0.87 |   1.00
0292 -      0.00 |    0.00 |     0.89 |   0.89
0293 -     58.35 |   75.04 |     0.95 |   0.99
0294 -     57.50 |   67.99 |     0.98 |   0.99
0295 -     10.04 |   24.83 |     0.72 |   0.85
0296 -     93.99 |   98.49 |     0.98 |   1.00
0297 -     31.01 |   32.20 |     0.95 |   0.99
0298 -      0.00 |   69.79 |     0.95 |   0.97
0299 -     22.88 |   98.88 |     0.95 |   0.96
0300 -     21.45 |   22.35 |     0.94 |   0.96
0301 -     85.29 |   98.38 |     0.91 |   0.99
0302 -     15.47 |    0.00 |     0.88 |   0.86
0303 -     55.43 |   49.72 |     0.95 |   1.00
0304 -     17.38 |    0.00 |     0.83 |   0.85
0305 -     25.66 |   25.18 |     0.98 |   1.00
0306 -      0.00 |   78.69 |     0.91 |   0.93
0307 -     27.39 |  100.00 |     0.93 |   1.00
0308 -      0.00 |    9.76 |     0.82 |   0.85
0309 -     81.59 |   31.75 |     0.97 |   0.99
0310 -     97.72 |  100.00 |     0.95 |   1.00
0311 -     70.57 |  100.00 |     0.99 |   1.00
0312 -      0.00 |    0.00 |     0.88 |   0.89
0313 -     87.52 |   99.15 |     0.90 |   0.97
0314 -      0.00 |    0.00 |     0.97 |   1.00
0315 -     85.16 |  100.00 |     0.97 |   1.00
0316 -     96.98 |   98.97 |     0.98 |   0.99
0317 -     11.21 |   10.76 |     0.96 |   0.97
0318 -     80.58 |  100.00 |     0.87 |   1.00
0319 -     47.90 |   48.78 |     0.96 |   0.99
0320 -     14.45 |   24.61 |     0.93 |   0.96
0321 -     52.05 |   80.00 |     0.92 |   0.93
0322 -     35.72 |   40.57 |     0.98 |   0.99
0323 -      0.00 |    0.00 |     0.98 |   1.00
0324 -      0.00 |   58.09 |     0.83 |   0.90
0325 -      0.00 |    0.00 |     0.66 |   0.81
0326 -     45.81 |   45.68 |     0.97 |   0.98
0327 -     92.88 |   98.94 |     0.97 |   0.99
0328 -     13.89 |   92.47 |     0.98 |   0.99
0329 -     19.71 |   17.48 |     0.95 |   0.99
0330 -     94.00 |  100.00 |     0.91 |   1.00
0331 -     52.68 |    0.00 |     0.94 |   0.99
0332 -     86.59 |   95.64 |     0.89 |   0.92
0333 -      6.04 |    6.22 |     0.95 |   1.00
0334 -     84.45 |   98.21 |     0.96 |   1.00
0335 -      4.54 |    4.52 |     0.92 |   0.94
0336 -     64.05 |   99.12 |     0.89 |   0.97
0337 -      0.00 |    0.00 |     0.99 |   0.99
0338 -      0.00 |   85.00 |     0.89 |   0.96
0339 -     16.01 |   96.00 |     0.97 |   1.00
0340 -     15.98 |   19.19 |     0.97 |   0.97
0341 -     14.16 |   14.09 |     0.94 |   0.95
0342 -      0.00 |    0.00 |     0.84 |   0.86
0343 -      0.00 |    5.65 |     0.97 |   0.98
0344 -     45.90 |   82.21 |     0.92 |   0.94
0345 -     92.90 |  100.00 |     0.98 |   1.00
0346 -     84.19 |   90.55 |     0.91 |   0.91
0347 -      0.00 |    0.00 |     0.89 |   0.90
0348 -     15.87 |   15.72 |     0.96 |   0.97
0349 -     76.40 |  100.00 |     0.98 |   1.00
0350 -     45.52 |  100.00 |     0.95 |   1.00
0351 -     96.37 |  100.00 |     0.98 |   1.00
0352 -     84.54 |  100.00 |     0.87 |   1.00
0353 -     65.50 |   65.29 |     0.98 |   0.99
0354 -     15.97 |   15.04 |     0.92 |   0.93
0355 -     14.91 |   13.94 |     0.91 |   0.92
0356 -     59.86 |  100.00 |     1.00 |   1.00
0357 -     81.18 |  100.00 |     0.98 |   1.00
0358 -     73.84 |  100.00 |     0.92 |   1.00
0359 -     93.07 |   98.63 |     0.98 |   1.00
0360 -     85.49 |   98.36 |     0.90 |   0.97
0361 -      0.00 |    0.00 |     0.93 |   0.92
0362 -     21.33 |    0.00 |     0.98 |   1.00
0363 -      6.39 |   87.44 |     0.96 |   0.98
0364 -     93.64 |  100.00 |     0.96 |   1.00
0365 -     96.15 |  100.00 |     0.99 |   1.00
0366 -     88.45 |  100.00 |     0.94 |   1.00
0367 -      0.00 |   39.11 |     0.94 |   0.98
0368 -      0.00 |    0.00 |     0.82 |   0.89
0369 -     70.08 |   98.41 |     0.90 |   0.91
0370 -      0.00 |    0.00 |     0.96 |   0.97
0371 -     15.65 |   73.94 |     0.83 |   0.85
0372 -      0.00 |   70.06 |     0.98 |   0.98
0373 -     94.81 |   98.84 |     0.95 |   0.99
0374 -      0.00 |   38.24 |     0.94 |   0.96
0375 -     91.28 |  100.00 |     0.91 |   1.00
0376 -      0.00 |    0.00 |     0.85 |   0.85
0377 -     79.49 |   79.49 |     0.93 |   0.95
0378 -     14.86 |   44.16 |     0.78 |   0.87
0379 -     37.55 |   26.57 |     0.96 |   0.99
0380 -      0.00 |    0.00 |     0.98 |   1.00
0381 -      0.00 |   71.36 |     0.84 |   0.85
0382 -     88.68 |  100.00 |     0.93 |   1.00
0383 -     25.22 |   25.39 |     0.94 |   0.99
0384 -      0.00 |    0.00 |     0.92 |   0.95
0385 -      0.00 |   79.02 |     0.96 |   0.98
0386 -     73.50 |  100.00 |     0.99 |   1.00
0387 -     92.51 |   38.83 |     0.93 |   0.94
0388 -     23.70 |   99.06 |     0.95 |   0.97
0389 -     91.37 |  100.00 |     0.95 |   1.00
0390 -     85.40 |   18.39 |     0.98 |   0.99
0391 -     31.38 |   31.38 |     0.75 |   0.93
0392 -     48.46 |   15.78 |     0.87 |   0.89
0393 -     36.99 |   94.43 |     0.94 |   0.99
0394 -     33.46 |   57.09 |     0.90 |   0.93
0395 -      0.00 |    0.00 |     0.99 |   0.99
0396 -      0.00 |    0.00 |     0.98 |   0.99
0397 -     69.79 |   77.50 |     0.89 |   0.93
0398 -     23.71 |  100.00 |     0.97 |   1.00
0399 -     42.86 |  100.00 |     0.96 |   1.00
0400 -      0.00 |    0.00 |     0.91 |   0.93
0401 -      7.96 |    7.96 |     0.94 |   0.96
0402 -     35.33 |   99.04 |     0.96 |   0.98
0403 -     27.03 |   97.18 |     0.88 |   0.91
0404 -     49.17 |   97.22 |     0.93 |   0.94
0405 -     68.77 |  100.00 |     0.97 |   1.00
0406 -     85.07 |   88.82 |     0.92 |   0.95
0407 -     74.49 |   97.73 |     0.96 |   1.00
0408 -      0.00 |    0.00 |     0.94 |   0.96
0409 -     94.70 |  100.00 |     0.99 |   1.00
0410 -     91.88 |  100.00 |     0.97 |   1.00
0411 -      0.00 |    0.00 |     0.92 |   0.94
0412 -      9.09 |   85.56 |     0.93 |   0.91
0413 -     52.78 |   89.02 |     0.95 |   0.97
0414 -     39.32 |   39.32 |     0.93 |   0.96
0415 -      0.00 |    0.00 |     0.94 |   0.97
0416 -      0.00 |    0.00 |     0.97 |   1.00
0417 -      0.00 |    0.00 |     0.95 |   1.00
0418 -      0.00 |    0.00 |     0.95 |   0.97
0419 -     57.47 |  100.00 |     0.99 |   1.00
0420 -      0.00 |    0.00 |     0.85 |   0.90
0421 -     65.56 |   66.27 |     0.97 |   1.00
0422 -     27.95 |   98.62 |     0.97 |   0.98
0423 -     96.10 |   99.12 |     0.97 |   1.00
0424 -     78.25 |   73.54 |     0.94 |   0.97
0425 -      0.00 |    0.00 |     0.82 |   0.84
0426 -     85.57 |   92.64 |     0.88 |   0.95
0427 -     79.54 |   89.78 |     0.97 |   0.99
0428 -     85.23 |   59.91 |     0.91 |   0.92
0429 -     80.77 |   86.99 |     0.95 |   0.99
0430 -     87.69 |  100.00 |     0.94 |   1.00
0431 -     55.02 |   89.99 |     0.97 |   1.00
0432 -      0.00 |    0.00 |     0.98 |   0.99
0433 -      0.00 |    0.00 |     0.68 |   0.70
0434 -     69.08 |  100.00 |     0.95 |   1.00
0435 -     37.62 |   98.79 |     0.96 |   0.98
0436 -     39.67 |   66.37 |     0.97 |   0.99
0437 -      6.59 |    5.65 |     0.95 |   0.96
0438 -     93.38 |   99.26 |     0.93 |   0.96
0439 -     24.35 |   37.00 |     0.93 |   0.95
0440 -     16.33 |   16.14 |     0.94 |   0.95
0441 -     86.96 |   93.99 |     0.98 |   0.98
0442 -     62.32 |    8.75 |     0.98 |   1.00
0443 -     47.40 |  100.00 |     0.92 |   1.00
0444 -      0.00 |    0.00 |     0.89 |   0.90
0445 -     86.13 |  100.00 |     0.91 |   1.00
0446 -     43.63 |   75.08 |     0.95 |   0.96
0447 -     46.61 |  100.00 |     0.90 |   1.00
0448 -     91.73 |   97.99 |     0.97 |   0.98
0449 -     67.93 |  100.00 |     0.96 |   1.00
0450 -      0.00 |    0.00 |     0.96 |   0.97
0451 -      9.89 |   17.24 |     0.97 |   0.98
0452 -      0.00 |    0.00 |     0.92 |   0.93
0453 -      0.00 |    0.00 |     0.89 |   0.91
0454 -      0.00 |    0.00 |     0.93 |   0.95
0455 -      0.00 |    0.00 |     0.99 |   1.00
0456 -      8.26 |   97.60 |     0.89 |   0.90
0457 -     88.23 |  100.00 |     0.94 |   1.00
0458 -     46.47 |   44.64 |     0.99 |   1.00
0459 -      0.00 |    0.00 |     0.85 |   0.93
0460 -     70.26 |    0.00 |     0.96 |   0.96
0461 -     69.87 |   98.61 |     0.93 |   0.99
0462 -     65.60 |  100.00 |     0.97 |   1.00
0463 -     22.27 |  100.00 |     0.95 |   1.00
0464 -     23.89 |   60.55 |     0.90 |   0.94
0465 -     88.61 |  100.00 |     0.97 |   1.00
0466 -     16.85 |   29.92 |     0.84 |   0.94
0467 -     91.21 |  100.00 |     0.99 |   1.00
0468 -     73.45 |   95.58 |     0.81 |   0.98
0469 -     79.93 |  100.00 |     0.89 |   1.00
0470 -      0.00 |    0.00 |     0.91 |   0.97
0471 -     18.53 |   98.49 |     0.97 |   0.98
0472 -     50.90 |   58.67 |     0.93 |   0.95
0473 -     19.06 |  100.00 |     0.94 |   1.00
0474 -     92.56 |  100.00 |     0.94 |   1.00
0475 -     39.66 |  100.00 |     0.98 |   1.00
0476 -     64.44 |   81.58 |     0.92 |   0.97
0477 -      0.00 |    0.00 |     0.99 |   1.00
0478 -     86.78 |   95.33 |     0.97 |   0.98
0479 -     38.52 |   36.03 |     0.78 |   0.82
0480 -     65.15 |   96.92 |     0.91 |   0.99
0481 -     45.63 |   83.55 |     0.96 |   0.99
0482 -      0.00 |    0.00 |     0.73 |   0.86
0483 -     13.31 |  100.00 |     0.99 |   1.00
0484 -     24.51 |   34.48 |     0.94 |   0.95
0485 -      0.00 |    0.00 |     0.59 |   0.75
0486 -      0.00 |    0.00 |     0.93 |   0.94
0487 -     26.87 |   63.81 |     0.96 |   0.97
0488 -      0.00 |  100.00 |     0.97 |   1.00
0489 -      0.00 |    0.00 |     0.88 |   0.91
0490 -     55.84 |   97.78 |     0.95 |   0.98
0491 -      0.00 |    0.00 |     0.93 |   0.92
0492 -      0.00 |   99.16 |     0.97 |   0.98
0493 -      0.00 |    0.00 |     0.89 |   0.90
0494 -     56.42 |  100.00 |     0.97 |   1.00
0495 -     91.64 |   99.26 |     0.96 |   0.97
0496 -     36.82 |   66.84 |     0.89 |   0.97
0497 -      0.00 |    0.00 |     0.91 |   0.94
0498 -      0.00 |    0.00 |     0.84 |   0.92
0499 -     24.73 |   24.31 |     0.97 |   1.00
0500 -     87.05 |   91.01 |     0.95 |   0.96
0501 -      0.00 |   14.01 |     0.88 |   0.89
0502 -      0.00 |    0.00 |     0.95 |   0.98
0503 -     89.03 |  100.00 |     0.90 |   1.00
0504 -     79.79 |   75.57 |     0.92 |   0.87
0505 -     43.47 |   36.84 |     0.76 |   0.91
0506 -     89.86 |   98.54 |     0.94 |   0.96
0507 -     14.45 |   99.18 |     0.97 |   0.98
0508 -      0.00 |    0.00 |     0.94 |   0.97
0509 -     43.16 |   81.97 |     0.91 |   0.92
0510 -     11.52 |  100.00 |     0.98 |   1.00
0511 -     60.77 |    0.00 |     0.96 |   0.98
0512 -     91.58 |  100.00 |     0.95 |   1.00
0513 -     76.23 |  100.00 |     0.88 |   1.00
0514 -     73.39 |  100.00 |     0.70 |   1.00
0515 -      0.00 |    0.00 |     0.89 |   0.90
0516 -     82.51 |   97.46 |     0.99 |   0.99
0517 -      4.70 |    4.68 |     0.95 |   0.97
0518 -     50.11 |  100.00 |     0.98 |   1.00
0519 -      7.28 |    0.00 |     0.91 |   0.97
0520 -      0.00 |    0.00 |     0.92 |   0.94
0521 -     32.64 |   98.90 |     0.96 |   1.00
0522 -     70.54 |   63.76 |     0.97 |   0.98
0523 -      0.00 |    0.00 |     0.93 |   0.99
0524 -     41.81 |   48.57 |     0.98 |   0.99
0525 -      0.00 |    0.00 |     0.93 |   0.94
0526 -     69.89 |  100.00 |     0.95 |   1.00
0527 -      0.00 |    0.00 |     0.91 |   0.92
0528 -     96.37 |  100.00 |     0.95 |   0.98
0529 -      0.00 |    0.00 |     0.81 |   0.82
0530 -      0.00 |    0.00 |     0.97 |   1.00
0531 -     87.48 |  100.00 |     0.93 |   1.00
0532 -      0.00 |   86.11 |     0.92 |   0.94
0533 -     80.82 |   80.82 |     0.93 |   0.99
0534 -     73.75 |   77.56 |     0.97 |   0.98
0535 -      0.00 |    0.00 |     0.96 |   0.98
0536 -     38.36 |   36.49 |     0.90 |   0.96
0537 -     45.70 |  100.00 |     0.79 |   1.00
0538 -      5.01 |    0.00 |     0.98 |   1.00
0539 -      0.00 |    0.00 |     0.89 |   0.92
0540 -     13.55 |   15.81 |     0.66 |   0.66
0541 -     36.74 |   86.02 |     0.92 |   0.96
0542 -     43.03 |   98.60 |     0.92 |   0.94
0543 -     20.67 |   96.67 |     0.95 |   0.99
0544 -      0.00 |    0.00 |     0.24 |   0.28
0545 -     28.32 |   20.45 |     0.82 |   0.84
0546 -     93.01 |  100.00 |     0.97 |   1.00
0547 -     51.46 |   96.72 |     0.94 |   1.00
0548 -     93.86 |  100.00 |     0.97 |   1.00
0549 -     85.82 |  100.00 |     0.96 |   1.00
0550 -      0.00 |    0.00 |     0.88 |   0.90
0551 -     22.76 |  100.00 |     0.90 |   1.00
0552 -      0.00 |    4.84 |     0.87 |   0.89
0553 -     54.79 |  100.00 |     0.95 |   1.00
0554 -     63.13 |  100.00 |     0.99 |   1.00
0555 -     18.50 |   18.68 |     0.94 |   0.97
0556 -      0.00 |    0.00 |     0.97 |   0.93
0557 -     61.12 |   96.55 |     0.93 |   0.99
0558 -     98.13 |   96.43 |     0.91 |   0.91
0559 -     66.56 |   60.66 |     0.98 |   1.00
0560 -      0.00 |    0.00 |     0.92 |   0.95
0561 -      0.00 |    0.00 |     0.89 |   0.91
0562 -      0.00 |    0.00 |     0.81 |   0.89
0563 -      0.00 |    0.00 |     0.77 |   0.83
0564 -     47.87 |   37.32 |     0.93 |   0.96
0565 -     83.84 |   99.13 |     0.96 |   0.98
0566 -     26.85 |   14.83 |     0.96 |   0.95
0567 -     43.25 |  100.00 |     0.95 |   1.00
0568 -      0.00 |    0.00 |     0.98 |   0.99
0569 -     21.43 |   48.04 |     0.98 |   0.99
0570 -     91.53 |   94.15 |     0.94 |   0.96
0571 -     41.54 |   96.22 |     0.96 |   0.97
0572 -      0.00 |    0.00 |     0.90 |   0.93
0573 -      4.90 |   50.72 |     0.98 |   0.99
0574 -      0.00 |    0.00 |     0.89 |   0.92
0575 -      0.00 |    0.00 |     0.93 |   0.97
0576 -     71.83 |   81.50 |     0.97 |   1.00
0577 -     15.15 |   98.47 |     0.95 |   0.99
0578 -      0.00 |    6.31 |     0.95 |   0.96
0579 -      0.00 |   40.53 |     0.92 |   0.94
0580 -     69.59 |   77.74 |     0.84 |   0.90
0581 -      0.00 |    0.00 |     0.98 |   0.99
0582 -     68.07 |   76.42 |     0.95 |   0.98
0583 -     42.71 |   83.52 |     0.92 |   0.88
0584 -      8.89 |   38.51 |     0.93 |   0.95
0585 -     48.50 |   77.62 |     0.96 |   0.98
0586 -     58.35 |  100.00 |     0.98 |   1.00
0587 -     58.48 |   73.28 |     0.90 |   0.93
0588 -     24.34 |   98.69 |     0.94 |   0.95
0589 -      0.00 |    0.00 |     0.94 |   0.85
0590 -      0.00 |    0.00 |     0.89 |   0.92
0591 -     33.93 |  100.00 |     0.99 |   1.00
0592 -     90.88 |   96.65 |     0.98 |   0.99
0593 -     15.76 |   83.49 |     0.94 |   0.99
0594 -      0.00 |    0.00 |     0.97 |   0.99
0595 -     11.79 |   11.65 |     0.84 |   0.87
0596 -     21.07 |   99.41 |     0.94 |   1.00
0597 -      0.00 |    0.00 |     0.82 |   0.81
0598 -     24.21 |   24.12 |     0.96 |   0.99
0599 -      7.01 |  100.00 |     0.98 |   1.00
0600 -      0.00 |    7.34 |     0.94 |   0.96
0601 -      0.00 |    7.70 |     0.93 |   0.99
0602 -     76.98 |   79.89 |     0.97 |   0.96
0603 -     93.93 |   93.33 |     0.94 |   0.96
0604 -      7.48 |    7.40 |     0.97 |   0.99
0605 -     16.12 |   16.12 |     0.92 |   0.96
0606 -     78.27 |   99.16 |     0.98 |   1.00
0607 -      0.00 |    0.00 |     0.91 |   0.96
0608 -     61.17 |   90.44 |     0.95 |   0.97
0609 -      6.84 |    6.58 |     0.95 |   0.97
0610 -      0.00 |    0.00 |     0.92 |   0.97
0611 -     26.76 |   26.87 |     0.83 |   0.80
0612 -      0.00 |    0.00 |     0.96 |   0.97
0613 -     35.24 |  100.00 |     0.99 |   1.00
0614 -     76.83 |   91.59 |     0.91 |   0.95
0615 -      0.00 |    0.00 |     0.94 |   0.95
0616 -      4.43 |    4.43 |     0.93 |   0.97
0617 -      0.00 |    0.00 |     0.84 |   0.98
0618 -     50.46 |   50.46 |     0.87 |   0.88
0619 -     20.87 |   98.93 |     0.94 |   0.97
0620 -     89.88 |  100.00 |     0.94 |   1.00
0621 -     48.59 |   85.34 |     0.94 |   0.98
0622 -      0.00 |    0.00 |     0.94 |   0.96
0623 -     91.51 |  100.00 |     0.98 |   1.00
0624 -     98.70 |  100.00 |     0.99 |   1.00
0625 -      0.00 |    0.00 |     0.97 |   0.98
0626 -      0.00 |    0.00 |     0.95 |   1.00
0627 -      0.00 |    0.00 |     0.87 |   0.91
0628 -     36.02 |  100.00 |     0.96 |   1.00
0629 -      0.00 |    0.00 |     0.89 |   0.89
0630 -     25.52 |   92.51 |     0.93 |   0.98
0631 -     96.99 |  100.00 |     0.99 |   1.00
0632 -      0.00 |    0.00 |     0.82 |   0.88
0633 -     37.50 |   21.80 |     0.98 |   0.99
0634 -     47.47 |    0.00 |     0.97 |   0.98
0635 -     85.58 |   91.76 |     0.91 |   0.95
0636 -     18.38 |  100.00 |     0.99 |   1.00
0637 -     74.67 |   96.94 |     0.99 |   0.99
0638 -     36.49 |    7.84 |     0.64 |   0.65
0639 -     92.56 |   98.96 |     0.96 |   0.98
0640 -     12.35 |   12.46 |     0.87 |   0.96
0641 -     49.67 |  100.00 |     0.97 |   1.00
0642 -     80.52 |   92.72 |     0.94 |   0.96
0643 -     21.58 |   21.45 |     0.91 |   0.93
0644 -      0.00 |    0.00 |     0.92 |   0.93
0645 -     15.42 |  100.00 |     0.97 |   1.00
0646 -     57.15 |    0.00 |     0.95 |   0.96
0647 -     14.44 |    0.00 |     0.93 |   0.95
0648 -      0.00 |    0.00 |     0.87 |   0.88
0649 -     95.18 |  100.00 |     0.98 |   1.00
0650 -     12.22 |   13.30 |     0.83 |   0.90
0651 -     92.50 |  100.00 |     0.98 |   1.00
0652 -     84.58 |   97.48 |     0.92 |   0.94
0653 -      0.00 |    0.00 |     0.81 |   0.87
0654 -     16.26 |   54.19 |     0.92 |   0.92
0655 -     82.05 |  100.00 |     0.97 |   1.00
0656 -     25.86 |   26.38 |     0.97 |   0.97
0657 -      0.00 |    0.00 |     0.78 |   0.83
0658 -      0.00 |    0.00 |     0.83 |   0.91
0659 -      0.00 |    0.00 |     0.82 |   0.87
0660 -      0.00 |  100.00 |     0.90 |   1.00
0661 -     92.59 |  100.00 |     0.97 |   1.00
0662 -     27.32 |   92.74 |     0.97 |   1.00
0663 -      0.00 |    0.00 |     0.95 |   0.97
0664 -     52.88 |   55.17 |     0.94 |   0.96
0665 -      0.00 |   22.49 |     0.77 |   1.00
0666 -     75.29 |   83.51 |     0.94 |   0.97
0667 -      0.00 |   19.45 |     0.91 |   0.93
0668 -      0.00 |    0.00 |     0.90 |   0.95
0669 -     68.42 |   82.21 |     0.88 |   0.97
0670 -     91.95 |  100.00 |     0.96 |   1.00
0671 -     80.65 |  100.00 |     0.88 |   1.00
0672 -      0.00 |    0.00 |     0.92 |   0.98
0673 -     19.16 |  100.00 |     0.98 |   1.00
0674 -      0.00 |   29.78 |     0.95 |   1.00
0675 -     17.91 |   18.78 |     0.96 |   0.99
0676 -     93.97 |  100.00 |     0.96 |   1.00
0677 -     31.58 |   31.71 |     0.97 |   0.97
0678 -     67.78 |   98.77 |     0.92 |   0.94
0679 -     13.75 |   13.75 |     0.97 |   0.99
0680 -     42.90 |  100.00 |     0.93 |   1.00
0681 -      0.00 |    0.00 |     0.64 |   0.85
0682 -      0.00 |    0.00 |     0.89 |   0.89
0683 -      0.00 |    0.00 |     0.84 |   0.89
0684 -     30.73 |   77.38 |     0.96 |   1.00
0685 -     35.26 |   35.26 |     0.94 |   1.00
0686 -     72.44 |   96.36 |     0.94 |   0.99
0687 -     81.55 |    0.00 |     0.97 |   1.00
0688 -     78.92 |   81.35 |     0.94 |   0.99
0689 -     58.14 |   58.02 |     0.98 |   0.99
0690 -     26.27 |  100.00 |     0.99 |   1.00
0691 -     94.33 |   99.12 |     0.98 |   1.00
0692 -      7.07 |    7.25 |     0.95 |   0.95
0693 -      0.00 |    0.00 |     0.88 |   0.90
0694 -     95.39 |   99.38 |     0.95 |   0.97
0695 -     24.77 |   95.54 |     0.98 |   0.99
0696 -      0.00 |    0.00 |     0.95 |   0.96
0697 -     14.00 |   13.11 |     0.96 |   0.96
0698 -     40.46 |   88.72 |     0.94 |   0.93
0699 -     59.17 |   56.36 |     0.89 |   0.92
0700 -     91.32 |   96.07 |     0.98 |   1.00
0701 -      7.27 |    7.27 |     0.90 |   0.95
0702 -     79.15 |  100.00 |     0.97 |   1.00
0703 -      0.00 |    0.00 |     0.89 |   0.95
0704 -     60.42 |  100.00 |     0.97 |   1.00
0705 -     43.03 |   96.40 |     0.91 |   0.99
0706 -     63.09 |   62.91 |     0.95 |   0.98
0707 -     87.14 |  100.00 |     0.98 |   1.00
0708 -     14.07 |   14.07 |     0.89 |   1.00
0709 -     67.16 |   67.16 |     0.74 |   0.98
0710 -     28.69 |  100.00 |     1.00 |   1.00
0711 -     71.35 |  100.00 |     0.94 |   1.00
0712 -     78.68 |   99.00 |     0.97 |   0.98
0713 -     89.97 |  100.00 |     0.99 |   1.00
0714 -     54.26 |   58.66 |     0.96 |   0.98
0715 -      0.00 |    0.00 |     0.75 |   0.78
0716 -     92.35 |  100.00 |     0.93 |   1.00
0717 -     65.41 |  100.00 |     0.83 |   1.00
0718 -     43.03 |   89.93 |     0.97 |   0.98
0719 -      0.00 |    0.00 |     0.96 |   0.96
0720 -      9.46 |    9.32 |     0.95 |   0.96
0721 -      0.00 |    0.00 |     0.97 |   1.00
0722 -     95.83 |  100.00 |     0.97 |   1.00
0723 -     66.99 |  100.00 |     0.96 |   1.00
0724 -      0.00 |    0.00 |     0.93 |   0.91
0725 -     54.39 |  100.00 |     0.98 |   1.00
0726 -     87.15 |   99.40 |     0.99 |   0.99
0727 -     12.23 |   10.28 |     0.96 |   0.98
0728 -     50.68 |  100.00 |     0.97 |   0.98
0729 -     15.36 |   15.29 |     0.91 |   0.94
0730 -      0.00 |   88.57 |     0.96 |   0.99
0731 -     17.96 |  100.00 |     0.95 |   1.00
0732 -     32.37 |   64.24 |     0.95 |   0.95
0733 -     24.04 |   96.78 |     0.98 |   0.99
0734 -     47.68 |  100.00 |     0.99 |   1.00
0735 -     61.83 |  100.00 |     0.96 |   1.00
0736 -     42.53 |   94.23 |     0.99 |   1.00
0737 -      0.00 |    0.00 |     0.72 |   0.71
0738 -     34.26 |   27.44 |     0.81 |   0.82
0739 -     27.57 |   28.53 |     0.92 |   0.95
0740 -     94.78 |  100.00 |     0.99 |   1.00
0741 -      0.00 |    0.00 |     0.81 |   0.94
0742 -      0.00 |    0.00 |     0.96 |   0.98
0743 -     57.37 |   60.33 |     0.99 |   0.99
0744 -     68.92 |   94.79 |     0.93 |   0.95
0745 -     36.18 |   99.41 |     0.99 |   1.00
0746 -      0.00 |    0.00 |     0.81 |   0.81
0747 -      0.00 |    0.00 |     0.95 |   1.00
0748 -     84.81 |   90.87 |     0.95 |   0.97
0749 -     97.90 |  100.00 |     0.98 |   1.00
0750 -      0.00 |    5.77 |     0.93 |   0.94
0751 -      0.00 |    0.00 |     0.88 |   0.96
0752 -     92.29 |  100.00 |     0.99 |   1.00
0753 -      0.00 |    0.00 |     0.94 |   1.00
0754 -      0.00 |    0.00 |     0.92 |   0.96
0755 -      0.00 |    0.00 |     0.81 |   0.85
0756 -     83.68 |   86.02 |     0.91 |   0.93
0757 -     77.16 |  100.00 |     0.98 |   1.00
0758 -     63.38 |   63.38 |     0.90 |   0.88
0759 -      5.21 |    5.28 |     0.91 |   0.91
0760 -     93.17 |  100.00 |     0.93 |   1.00
0761 -     77.17 |  100.00 |     0.94 |   1.00
0762 -     87.21 |  100.00 |     0.95 |   1.00
0763 -      0.00 |   38.80 |     0.96 |   1.00
0764 -     95.40 |   99.52 |     0.99 |   1.00
0765 -     78.61 |  100.00 |     0.87 |   1.00
0766 -     19.32 |    0.00 |     0.99 |   1.00
0767 -      3.85 |    4.11 |     0.96 |   0.98
0768 -     58.19 |   96.99 |     0.65 |   0.87
0769 -     23.22 |   98.79 |     0.90 |   0.99
0770 -     75.92 |   88.42 |     0.93 |   0.95
0771 -      0.00 |    0.00 |     0.95 |   0.97
0772 -      0.00 |    0.00 |     0.42 |   0.48
0773 -     65.90 |   99.07 |     0.96 |   0.97
0774 -     20.24 |  100.00 |     0.96 |   1.00
0775 -     34.95 |   60.10 |     0.96 |   0.98
0776 -     81.76 |  100.00 |     0.78 |   1.00
0777 -     44.40 |   47.26 |     0.77 |   0.93
0778 -     56.43 |   62.22 |     0.76 |   0.77
0779 -     10.57 |   49.09 |     0.95 |   0.96
0780 -     63.80 |   53.15 |     0.97 |   1.00
0781 -     15.50 |    0.00 |     0.91 |   0.99
0782 -      0.00 |   13.76 |     0.86 |   0.96
0783 -      0.00 |    0.00 |     0.72 |   0.72
0784 -     40.62 |   39.59 |     0.97 |   0.99
0785 -     81.41 |  100.00 |     0.98 |   1.00
0786 -     86.86 |   93.49 |     0.94 |   0.97
0787 -      0.00 |    0.00 |     0.82 |   0.83
0788 -      0.00 |    0.00 |     0.71 |   0.71
0789 -      0.00 |    0.00 |     0.80 |   0.86
0790 -      0.00 |    0.00 |     0.88 |   0.91
0791 -     17.30 |   98.28 |     0.99 |   1.00
0792 -     57.91 |   57.91 |     0.89 |   1.00
0793 -      0.00 |    0.00 |     0.96 |   0.97
0794 -     36.91 |  100.00 |     0.93 |   0.95
0795 -     94.56 |  100.00 |     0.97 |   1.00
0796 -     86.23 |  100.00 |     0.88 |   1.00
0797 -      0.00 |    0.00 |     0.84 |   0.82
0798 -     25.12 |  100.00 |     0.97 |   1.00
0799 -      0.00 |    0.00 |     0.92 |   0.95
0800 -      0.00 |    0.00 |     0.55 |   0.60
0801 -      0.00 |    0.00 |     0.92 |   0.93
0802 -     84.20 |   95.82 |     0.97 |   0.99
0803 -     90.78 |  100.00 |     0.98 |   1.00
0804 -     44.00 |   87.44 |     0.91 |   0.95
0805 -      0.00 |    0.00 |     0.93 |   0.94
0806 -     86.85 |  100.00 |     0.96 |   1.00
0807 -     29.21 |   28.81 |     0.83 |   0.87
0808 -      0.00 |    0.00 |     0.91 |   0.92
0809 -      6.00 |    5.96 |     0.94 |   1.00
0810 -     21.72 |   21.72 |     0.97 |   0.99
0811 -     41.21 |   41.21 |     0.93 |   0.95
0812 -      0.00 |    0.00 |     0.86 |   0.93
0813 -      0.00 |    0.00 |     0.99 |   0.99
0814 -      6.52 |   31.42 |     0.90 |   0.94
0815 -     24.51 |   98.17 |     0.92 |   1.00
0816 -      0.00 |    0.00 |     0.90 |   0.95
0817 -     21.18 |   28.89 |     0.90 |   0.93
0818 -     28.38 |   93.71 |     0.97 |   0.99
0819 -     27.94 |   87.26 |     0.93 |   0.97
0820 -     29.34 |  100.00 |     0.95 |   1.00
0821 -     36.97 |  100.00 |     0.96 |   1.00
0822 -     25.35 |   24.99 |     0.98 |   0.99
0823 -     46.67 |   55.85 |     0.94 |   0.94
0824 -     40.53 |   39.43 |     0.96 |   0.97
0825 -     22.86 |   97.68 |     0.88 |   0.90
0826 -      0.00 |   10.87 |     0.74 |   0.87
0827 -      0.00 |    0.00 |     0.95 |   0.97
0828 -     84.88 |   98.89 |     0.95 |   0.97
0829 -     27.12 |  100.00 |     0.98 |   1.00
0830 -     34.36 |   33.07 |     0.97 |   0.98
0831 -     82.75 |  100.00 |     0.85 |   1.00
0832 -     48.33 |   98.28 |     0.95 |   0.99
==============================================
