==============================================
BLEU GOLD:                               31.45
BLEU IN:                                 58.27
SIM GOLD:                               0.8794
SIM IN:                                 0.9640
==============================================
       BLEU GOLD | BLEU IN | SIM GOLD | SIM IN
0001 -     87.82 |   96.12 |     0.96 |   0.99
0002 -     83.78 |  100.00 |     0.96 |   1.00
0003 -      0.00 |    0.00 |     0.76 |   0.95
0004 -     42.70 |  100.00 |     0.91 |   1.00
0005 -     62.78 |   43.97 |     0.93 |   0.91
0006 -      0.00 |    0.00 |     0.86 |   0.99
0007 -     45.38 |   85.84 |     0.87 |   0.93
0008 -      0.00 |   48.10 |     0.45 |   0.69
0009 -      0.00 |    0.00 |     0.40 |   0.56
0010 -     11.38 |  100.00 |     0.99 |   1.00
0011 -     98.94 |  100.00 |     0.87 |   1.00
0012 -     67.41 |   94.13 |     0.94 |   1.00
0013 -      0.00 |    0.00 |     0.96 |   1.00
0014 -      0.00 |    0.00 |     0.85 |   0.90
0015 -     52.66 |   52.42 |     0.93 |   0.98
0016 -     56.35 |   86.03 |     0.81 |   0.98
0017 -      0.00 |  100.00 |     0.62 |   1.00
0018 -      0.00 |    0.00 |     0.92 |   1.00
0019 -      0.00 |   95.88 |     0.95 |   0.98
0020 -     48.15 |   43.98 |     0.85 |   1.00
0021 -     80.85 |  100.00 |     0.96 |   1.00
0022 -      0.00 |   69.01 |     0.94 |   0.98
0023 -      0.00 |   98.74 |     0.90 |   0.97
0024 -     74.34 |  100.00 |     0.99 |   1.00
0025 -     54.20 |   11.84 |     0.82 |   0.92
0026 -     96.49 |   99.28 |     0.99 |   1.00
0027 -     39.94 |  100.00 |     0.93 |   1.00
0028 -     14.45 |   12.46 |     0.90 |   0.98
0029 -     61.38 |   64.65 |     0.91 |   0.96
0030 -     29.79 |   98.72 |     0.97 |   0.97
0031 -     25.11 |    0.00 |     0.75 |   0.82
0032 -     17.64 |   98.45 |     0.86 |   0.93
0033 -     44.14 |   86.76 |     0.87 |   1.00
0034 -      0.00 |    0.00 |     0.94 |   0.97
0035 -     46.43 |   93.57 |     0.87 |   1.00
0036 -      0.00 |    0.00 |     0.99 |   1.00
0037 -      7.56 |   21.03 |     0.87 |   0.99
0038 -     22.66 |   82.39 |     0.95 |   1.00
0039 -     26.93 |   20.87 |     0.94 |   1.00
0040 -     60.53 |   43.10 |     0.90 |   1.00
0041 -     47.76 |  100.00 |     0.93 |   1.00
0042 -     76.41 |   95.05 |     0.89 |   0.97
0043 -      0.00 |    0.00 |     0.91 |   0.91
0044 -     98.29 |  100.00 |     0.92 |   1.00
0045 -     38.31 |   32.37 |     0.91 |   0.98
0046 -      0.00 |    0.00 |     0.98 |   1.00
0047 -     19.15 |    0.00 |     0.90 |   0.99
0048 -     26.21 |   19.47 |     0.91 |   0.98
0049 -     57.99 |   97.94 |     0.98 |   1.00
0050 -     44.80 |   62.27 |     0.90 |   0.95
0051 -     19.74 |   44.34 |     0.88 |   0.94
0052 -     70.95 |   99.21 |     0.95 |   0.99
0053 -     89.19 |  100.00 |     0.93 |   1.00
0054 -      5.51 |    0.00 |     0.80 |   0.84
0055 -     99.08 |    4.86 |     0.92 |   1.00
0056 -     48.53 |   75.51 |     0.98 |   1.00
0057 -      3.92 |    3.59 |     0.98 |   0.96
0058 -      0.00 |    0.00 |     0.91 |   0.92
0059 -      0.00 |    0.00 |     0.73 |   0.92
0060 -      0.00 |    0.00 |     0.82 |   0.87
0061 -     17.76 |  100.00 |     0.99 |   0.99
0062 -     79.31 |   54.03 |     0.96 |   0.99
0063 -     25.80 |  100.00 |     0.96 |   1.00
0064 -      0.00 |    0.00 |     0.74 |   0.79
0065 -      6.24 |    7.01 |     0.97 |   0.99
0066 -     43.71 |  100.00 |     0.93 |   1.00
0067 -     63.12 |   95.15 |     0.98 |   0.99
0068 -     74.48 |  100.00 |     0.73 |   1.00
0069 -      0.00 |   76.41 |     0.93 |   1.00
0070 -      0.00 |    0.00 |     0.94 |   0.97
0071 -      4.33 |    8.68 |     0.91 |   0.95
0072 -      0.00 |    0.00 |     0.84 |   0.99
0073 -      0.00 |    0.00 |     0.77 |   0.69
0074 -      0.00 |    0.00 |     0.80 |   0.82
0075 -     12.36 |   12.50 |     0.95 |   0.98
0076 -     27.27 |   22.19 |     0.82 |   0.98
0077 -     48.97 |   57.33 |     0.89 |   0.94
0078 -      0.00 |    0.00 |     0.76 |   0.89
0079 -      0.00 |  100.00 |     0.96 |   1.00
0080 -     66.36 |  100.00 |     0.94 |   1.00
0081 -     82.45 |  100.00 |     0.94 |   1.00
0082 -      0.00 |   98.86 |     0.89 |   0.99
0083 -     19.54 |   98.51 |     0.96 |   0.97
0084 -     19.94 |   55.23 |     0.84 |   0.99
0085 -     57.91 |  100.00 |     0.73 |   1.00
0086 -      0.00 |   94.34 |     0.90 |   0.99
0087 -     81.95 |  100.00 |     0.90 |   1.00
0088 -     85.16 |   99.29 |     0.98 |   0.99
0089 -     29.68 |   30.23 |     0.93 |   0.95
0090 -     75.46 |   91.35 |     0.84 |   0.99
0091 -      0.00 |  100.00 |     0.91 |   1.00
0092 -     53.78 |   83.33 |     0.95 |   0.99
0093 -     10.67 |    0.00 |     0.85 |   0.98
0094 -      6.36 |   70.60 |     0.83 |   0.93
0095 -     98.06 |  100.00 |     0.94 |   1.00
0096 -      0.00 |    0.00 |     0.88 |   0.94
0097 -      0.00 |    0.00 |     0.91 |   0.99
0098 -     53.02 |   81.21 |     0.79 |   0.86
0099 -     76.50 |  100.00 |     0.87 |   1.00
0100 -     63.37 |   75.32 |     0.69 |   1.00
0101 -     39.95 |   98.76 |     0.84 |   0.98
0102 -     74.41 |  100.00 |     0.96 |   1.00
0103 -      0.00 |    0.00 |     0.89 |   0.92
0104 -     49.64 |   98.84 |     0.93 |   0.98
0105 -     12.01 |   10.08 |     0.93 |   1.00
0106 -     91.91 |   98.98 |     0.96 |   0.98
0107 -     51.37 |    0.00 |     0.81 |   0.93
0108 -     45.17 |   97.76 |     0.78 |   0.92
0109 -     98.26 |   87.07 |     0.88 |   0.94
0110 -     11.76 |   73.34 |     0.81 |   0.88
0111 -     56.54 |  100.00 |     0.95 |   1.00
0112 -      0.00 |    0.00 |     0.93 |   0.99
0113 -     15.24 |   92.49 |     0.93 |   0.99
0114 -     36.43 |   93.18 |     0.94 |   0.93
0115 -     66.04 |  100.00 |     0.99 |   1.00
0116 -     55.21 |  100.00 |     0.91 |   1.00
0117 -     19.16 |  100.00 |     0.99 |   1.00
0118 -     13.46 |   12.84 |     0.92 |   0.98
0119 -      0.00 |    0.00 |     0.91 |   0.99
0120 -      0.00 |   92.12 |     0.91 |   0.96
0121 -      0.00 |    0.00 |     0.83 |   0.99
0122 -      0.00 |    0.00 |     0.68 |   0.72
0123 -     25.14 |   62.21 |     0.92 |   0.98
0124 -     43.07 |  100.00 |     0.58 |   1.00
0125 -      0.00 |   95.97 |     0.95 |   1.00
0126 -      0.00 |   51.48 |     0.94 |   0.98
0127 -     71.34 |  100.00 |     0.94 |   1.00
0128 -      6.36 |    0.00 |     0.86 |   0.97
0129 -     11.71 |   10.56 |     0.71 |   0.94
0130 -     56.78 |   81.31 |     0.95 |   0.99
0131 -     68.96 |  100.00 |     0.96 |   1.00
0132 -     59.76 |  100.00 |     0.81 |   1.00
0133 -      0.00 |    0.00 |     0.92 |   0.96
0134 -     64.61 |   68.17 |     0.95 |   0.98
0135 -     41.14 |   95.54 |     0.97 |   1.00
0136 -      6.39 |    5.79 |     0.90 |   0.94
0137 -     13.34 |   83.70 |     0.92 |   0.96
0138 -      0.00 |  100.00 |     0.80 |   1.00
0139 -     60.84 |   99.54 |     0.95 |   1.00
0140 -     21.00 |   94.69 |     0.91 |   0.99
0141 -     97.61 |   98.59 |     0.87 |   0.99
0142 -     64.43 |   98.50 |     0.75 |   0.95
0143 -     70.19 |   60.03 |     0.88 |   0.93
0144 -      0.00 |    0.00 |     0.77 |   0.88
0145 -     31.46 |   99.49 |     0.97 |   0.99
0146 -     56.94 |   72.69 |     0.96 |   0.99
0147 -      0.00 |    3.29 |     0.73 |   0.89
0148 -      0.00 |    0.00 |     0.10 |   0.12
0149 -      0.00 |  100.00 |     0.96 |   1.00
0150 -     36.99 |   79.58 |     0.80 |   0.98
0151 -      0.00 |   23.52 |     0.69 |   0.87
0152 -     98.08 |  100.00 |     0.95 |   1.00
0153 -      0.00 |    0.00 |     0.93 |   0.94
0154 -     14.04 |  100.00 |     0.80 |   1.00
0155 -     61.45 |   93.36 |     0.92 |   1.00
0156 -     58.10 |    0.00 |     0.96 |   0.94
0157 -      0.00 |  100.00 |     0.82 |   1.00
0158 -     59.36 |  100.00 |     0.88 |   1.00
0159 -     25.40 |   59.60 |     0.90 |   0.93
0160 -     37.91 |   64.45 |     0.87 |   0.99
0161 -      0.00 |    0.00 |     0.85 |   0.98
0162 -     29.16 |   35.10 |     0.90 |   0.89
0163 -     76.74 |  100.00 |     0.99 |   1.00
0164 -      0.00 |    0.00 |     0.65 |   0.85
0165 -      0.00 |    0.00 |     0.61 |   0.63
0166 -     21.23 |  100.00 |     0.88 |   1.00
0167 -      0.00 |    0.00 |     0.89 |   0.90
0168 -     30.89 |   95.87 |     0.77 |   0.96
0169 -      0.00 |   17.16 |     0.72 |   0.93
0170 -     42.81 |  100.00 |     0.95 |   1.00
0171 -     51.27 |   49.33 |     0.92 |   0.93
0172 -     44.63 |   97.50 |     0.95 |   0.99
0173 -     96.11 |  100.00 |     0.85 |   1.00
0174 -      0.00 |    0.00 |     0.73 |   1.00
0175 -     25.84 |   99.05 |     0.91 |   0.96
0176 -     12.82 |   26.12 |     0.85 |   1.00
0177 -      0.00 |   42.65 |     0.90 |   1.00
0178 -      0.00 |    0.00 |     0.94 |   0.98
0179 -      0.00 |    6.63 |     0.87 |   1.00
0180 -     37.45 |   73.86 |     0.83 |   0.97
0181 -      9.80 |    7.49 |     0.90 |   0.97
0182 -     11.04 |   97.76 |     0.85 |   0.96
0183 -     91.08 |   97.72 |     0.89 |   0.90
0184 -      0.00 |  100.00 |     0.98 |   1.00
0185 -     33.83 |  100.00 |     0.59 |   1.00
0186 -      0.00 |   45.37 |     0.76 |   0.99
0187 -      0.00 |    0.00 |     0.91 |   0.93
0188 -      0.00 |    0.00 |     0.95 |   1.00
0189 -      0.00 |    0.00 |     0.83 |   0.93
0190 -     20.92 |   21.79 |     0.95 |   1.00
0191 -      8.39 |  100.00 |     0.98 |   1.00
0192 -      0.00 |   44.77 |     0.56 |   0.84
0193 -      0.00 |    0.00 |     0.83 |   0.83
0194 -     70.08 |   93.35 |     0.94 |   0.97
0195 -     16.99 |   16.25 |     0.92 |   0.97
0196 -     30.62 |   29.43 |     0.91 |   0.99
0197 -     97.88 |  100.00 |     0.89 |   1.00
0198 -      0.00 |    0.00 |     0.63 |   0.88
0199 -     20.45 |  100.00 |     0.96 |   1.00
0200 -      0.00 |    0.00 |     0.90 |   1.00
0201 -     58.05 |  100.00 |     0.86 |   1.00
0202 -     11.16 |    5.18 |     0.88 |   0.93
0203 -      0.00 |   98.71 |     0.94 |   0.98
0204 -      0.00 |   13.31 |     0.69 |   0.85
0205 -     94.03 |   99.04 |     0.95 |   0.97
0206 -     11.00 |   11.19 |     0.95 |   0.97
0207 -     40.20 |   40.69 |     0.98 |   0.99
0208 -      0.00 |  100.00 |     0.98 |   1.00
0209 -     52.60 |   88.89 |     0.93 |   1.00
0210 -      0.00 |    0.00 |     0.92 |   0.96
0211 -      0.00 |    0.00 |     0.72 |   0.92
0212 -     37.00 |   38.15 |     0.91 |   1.00
0213 -     39.40 |   98.81 |     0.86 |   0.98
0214 -     68.50 |   22.26 |     0.88 |   0.98
0215 -     86.43 |   81.73 |     0.96 |   1.00
0216 -      6.30 |  100.00 |     0.96 |   1.00
0217 -      0.00 |    0.00 |     0.94 |   0.98
0218 -      0.00 |   98.35 |     0.81 |   0.94
0219 -      0.00 |    0.00 |     0.93 |   1.00
0220 -     77.63 |   37.66 |     0.94 |   0.98
0221 -     19.90 |    8.20 |     0.97 |   0.99
0222 -      0.00 |   43.97 |     0.82 |   0.92
0223 -     79.78 |   98.99 |     0.94 |   0.99
0224 -      0.00 |   35.72 |     0.85 |   0.89
0225 -     11.50 |   10.11 |     0.80 |   0.98
0226 -     82.31 |  100.00 |     0.94 |   1.00
0227 -      0.00 |   27.99 |     0.94 |   0.97
0228 -     27.70 |   96.12 |     0.94 |   1.00
0229 -     51.48 |  100.00 |     0.51 |   1.00
0230 -     10.38 |    0.00 |     0.90 |   0.99
0231 -     41.45 |   34.48 |     0.90 |   0.98
0232 -      0.00 |   50.28 |     0.95 |   1.00
0233 -     18.09 |   98.92 |     0.93 |   1.00
0234 -     88.79 |  100.00 |     0.98 |   1.00
0235 -     51.67 |    0.00 |     0.95 |   0.91
0236 -     29.81 |   71.23 |     0.96 |   0.99
0237 -      9.04 |   65.28 |     0.86 |   0.93
0238 -      0.00 |    0.00 |     0.87 |   0.98
0239 -     12.17 |   10.45 |     0.85 |   0.92
0240 -     43.61 |  100.00 |     0.88 |   1.00
0241 -     17.82 |  100.00 |     0.98 |   1.00
0242 -      0.00 |    0.00 |     0.89 |   0.93
0243 -      0.00 |    0.00 |     0.97 |   0.99
0244 -     70.70 |   91.02 |     0.91 |   0.98
0245 -     57.50 |   97.49 |     0.83 |   1.00
0246 -      0.00 |   26.64 |     0.77 |   0.92
0247 -      0.00 |    0.00 |     0.92 |   0.96
0248 -     95.24 |  100.00 |     0.97 |   1.00
0249 -     16.25 |  100.00 |     0.98 |   1.00
0250 -      0.00 |    0.00 |     0.77 |   0.71
0251 -      0.00 |   99.10 |     0.95 |   0.98
0252 -      0.00 |   21.49 |     0.74 |   0.88
0253 -      4.26 |    4.11 |     0.81 |   1.00
0254 -      0.00 |    0.00 |     0.94 |   0.96
0255 -      0.00 |   22.03 |     0.88 |   0.99
0256 -      0.00 |    0.00 |     0.80 |   0.82
0257 -      0.00 |    0.00 |     0.71 |   0.86
0258 -     44.19 |   97.35 |     0.84 |   0.99
0259 -     60.58 |   89.49 |     0.85 |   0.96
0260 -     42.15 |   99.11 |     0.95 |   1.00
0261 -      0.00 |    0.00 |     0.97 |   0.96
0262 -     65.33 |   86.66 |     0.94 |   0.99
0263 -     69.37 |   18.50 |     0.81 |   0.92
0264 -     18.76 |   98.53 |     0.96 |   0.97
0265 -     43.33 |  100.00 |     0.74 |   1.00
0266 -     20.06 |   97.43 |     0.96 |   0.98
0267 -      0.00 |  100.00 |     0.89 |   1.00
0268 -     56.53 |   82.69 |     0.77 |   0.97
0269 -     48.19 |  100.00 |     0.92 |   1.00
0270 -     99.40 |  100.00 |     0.97 |   1.00
0271 -     20.22 |   23.66 |     0.96 |   1.00
0272 -     33.73 |  100.00 |     0.86 |   1.00
0273 -      6.95 |   31.47 |     0.98 |   1.00
0274 -     89.10 |   98.97 |     0.96 |   0.98
0275 -     98.40 |  100.00 |     0.88 |   1.00
0276 -      0.00 |    0.00 |     0.96 |   1.00
0277 -     46.62 |  100.00 |     0.91 |   1.00
0278 -     69.02 |  100.00 |     0.86 |   1.00
0279 -     42.73 |   37.03 |     0.84 |   0.99
0280 -     90.52 |   97.77 |     0.86 |   1.00
0281 -      0.00 |    0.00 |     0.92 |   1.00
0282 -      0.00 |    0.00 |     0.95 |   0.96
0283 -     41.87 |  100.00 |     0.88 |   1.00
0284 -     22.76 |   89.32 |     0.87 |   0.98
0285 -     58.87 |  100.00 |     0.95 |   1.00
0286 -     63.43 |   98.91 |     0.92 |   0.98
0287 -     86.32 |   91.86 |     0.86 |   0.98
0288 -     16.09 |   15.91 |     0.94 |   0.99
0289 -     52.34 |   67.85 |     0.86 |   0.95
0290 -     98.62 |  100.00 |     0.93 |   1.00
0291 -     35.72 |  100.00 |     0.87 |   0.98
0292 -     55.37 |   90.31 |     0.94 |   0.98
0293 -     39.55 |  100.00 |     0.99 |   1.00
0294 -      0.00 |    0.00 |     0.87 |   0.96
0295 -     22.12 |  100.00 |     0.95 |   1.00
0296 -      0.00 |   42.26 |     0.98 |   1.00
0297 -     56.87 |  100.00 |     0.95 |   1.00
0298 -     11.55 |   51.80 |     0.93 |   1.00
0299 -     21.36 |   99.45 |     0.98 |   1.00
0300 -      0.00 |    0.00 |     0.89 |   0.95
0301 -     52.10 |   90.53 |     0.93 |   0.98
0302 -     66.78 |  100.00 |     0.95 |   1.00
0303 -      0.00 |    0.00 |     0.90 |   0.94
0304 -      0.00 |  100.00 |     0.72 |   1.00
0305 -     99.00 |  100.00 |     0.94 |   1.00
0306 -     13.34 |    5.83 |     0.89 |   0.86
0307 -     27.10 |  100.00 |     0.87 |   1.00
0308 -     98.40 |  100.00 |     0.91 |   1.00
0309 -     13.42 |   58.36 |     0.90 |   0.99
0310 -     51.99 |  100.00 |     0.95 |   1.00
0311 -     35.47 |   94.57 |     0.77 |   0.99
0312 -     64.20 |   61.46 |     0.81 |   0.99
0313 -      0.00 |    0.00 |     0.86 |   0.93
0314 -      0.00 |    0.00 |     0.96 |   0.99
0315 -     84.35 |  100.00 |     0.90 |   1.00
0316 -     14.75 |   10.38 |     0.96 |   1.00
0317 -      0.00 |    0.00 |     0.90 |   0.95
0318 -     44.54 |   42.46 |     0.96 |   0.99
0319 -     71.74 |   39.21 |     0.97 |   0.99
0320 -     78.79 |  100.00 |     0.99 |   1.00
0321 -      0.00 |    0.00 |     0.93 |   0.99
0322 -      0.00 |    0.00 |     0.65 |   0.82
0323 -     21.44 |   93.04 |     0.97 |   1.00
0324 -      0.00 |   98.69 |     0.94 |   0.95
0325 -     11.96 |   12.31 |     0.88 |   0.95
0326 -      0.00 |   54.49 |     0.97 |   1.00
0327 -     43.23 |  100.00 |     0.80 |   1.00
0328 -     44.34 |   87.08 |     0.93 |   0.96
0329 -      0.00 |    0.00 |     0.95 |   1.00
0330 -     85.91 |  100.00 |     0.92 |   1.00
0331 -     33.37 |  100.00 |     0.86 |   1.00
0332 -      0.00 |    0.00 |     0.82 |   1.00
0333 -      0.00 |    0.00 |     0.93 |   0.97
0334 -     30.91 |    0.00 |     0.95 |   0.97
0335 -      0.00 |   37.51 |     0.95 |   0.99
0336 -      7.02 |  100.00 |     0.95 |   1.00
0337 -     82.76 |   84.98 |     0.97 |   0.98
0338 -     11.15 |   97.74 |     0.90 |   0.99
0339 -      0.00 |    0.00 |     0.93 |   0.97
0340 -     86.87 |   97.84 |     0.90 |   1.00
0341 -     58.16 |   78.26 |     0.72 |   0.92
0342 -     47.53 |  100.00 |     0.96 |   1.00
0343 -     19.14 |   38.08 |     0.80 |   0.87
0344 -     46.09 |   59.22 |     0.91 |   0.99
0345 -      0.00 |    8.39 |     0.92 |   0.95
0346 -     16.74 |   18.35 |     0.93 |   0.98
0347 -     76.74 |   97.45 |     0.96 |   0.98
0348 -     65.75 |   99.10 |     0.92 |   0.97
0349 -     31.79 |   33.85 |     0.77 |   0.98
0350 -     61.46 |  100.00 |     0.83 |   1.00
0351 -     27.98 |   20.84 |     0.94 |   0.99
0352 -     98.73 |  100.00 |     0.95 |   1.00
0353 -     39.78 |  100.00 |     0.97 |   1.00
0354 -     11.45 |    9.90 |     0.96 |   0.99
0355 -     15.24 |   15.29 |     0.87 |   0.96
0356 -     97.84 |  100.00 |     0.94 |   1.00
0357 -     77.69 |  100.00 |     0.96 |   1.00
0358 -     18.39 |   29.08 |     0.72 |   0.92
0359 -     38.33 |   34.53 |     0.87 |   0.92
0360 -     10.83 |    0.00 |     0.94 |   0.96
0361 -     74.47 |   66.38 |     0.98 |   1.00
0362 -     30.51 |   71.85 |     0.96 |   0.98
0363 -     53.92 |   93.22 |     0.93 |   0.97
0364 -     56.43 |  100.00 |     0.96 |   1.00
0365 -     13.34 |   12.96 |     0.89 |   1.00
0366 -     73.26 |  100.00 |     0.97 |   1.00
0367 -      0.00 |  100.00 |     0.97 |   1.00
0368 -     47.48 |  100.00 |     0.76 |   1.00
0369 -     52.11 |  100.00 |     0.93 |   1.00
0370 -      0.00 |  100.00 |     0.96 |   1.00
0371 -      0.00 |   24.84 |     0.96 |   0.99
0372 -      0.00 |   50.71 |     0.95 |   1.00
0373 -     17.23 |   99.38 |     0.85 |   0.97
0374 -     30.39 |  100.00 |     0.98 |   1.00
0375 -     49.82 |   95.97 |     0.94 |   0.99
0376 -      0.00 |    0.00 |     0.93 |   1.00
0377 -     45.65 |  100.00 |     0.81 |   1.00
0378 -     68.64 |   95.20 |     0.91 |   0.98
0379 -     31.55 |   93.28 |     0.92 |   0.99
0380 -      0.00 |    4.98 |     0.96 |   0.96
0381 -     62.13 |   92.43 |     0.92 |   0.98
0382 -      0.00 |    0.00 |     0.87 |   1.00
0383 -      0.00 |    0.00 |     0.81 |   1.00
0384 -     26.00 |   98.04 |     0.98 |   1.00
0385 -      0.00 |    0.00 |     0.95 |   0.92
0386 -      0.00 |    5.64 |     0.89 |   0.93
0387 -      5.62 |    0.00 |     0.85 |   0.85
0388 -     56.28 |  100.00 |     0.94 |   1.00
0389 -     83.71 |   92.21 |     0.86 |   0.89
0390 -     90.02 |    0.00 |     0.89 |   0.95
0391 -     25.06 |   36.17 |     0.72 |   0.90
0392 -     97.97 |  100.00 |     0.93 |   1.00
0393 -      0.00 |  100.00 |     0.79 |   1.00
0394 -     50.22 |  100.00 |     0.91 |   1.00
0395 -     57.62 |   98.54 |     0.93 |   0.95
0396 -     48.43 |  100.00 |     0.98 |   1.00
0397 -     78.29 |   98.33 |     0.93 |   0.96
0398 -      0.00 |    0.00 |     0.90 |   0.98
0399 -     70.76 |  100.00 |     0.87 |   1.00
0400 -      0.00 |    0.00 |     0.84 |   0.93
0401 -      0.00 |   45.20 |     0.87 |   0.87
0402 -     40.34 |   37.23 |     0.94 |   0.96
0403 -     76.10 |   97.92 |     0.90 |   0.98
0404 -      0.00 |   75.39 |     0.96 |   1.00
0405 -     79.98 |   97.58 |     0.95 |   1.00
0406 -      0.00 |    0.00 |     0.93 |   1.00
0407 -     61.97 |  100.00 |     0.86 |   1.00
0408 -      7.87 |   99.48 |     0.99 |   1.00
0409 -     17.68 |    0.00 |     0.70 |   0.80
0410 -     15.18 |    0.00 |     0.81 |   0.85
0411 -      0.00 |   92.67 |     0.85 |   1.00
0412 -     57.40 |   98.67 |     0.97 |   1.00
0413 -      0.00 |    9.25 |     0.85 |   1.00
0414 -     15.21 |   98.79 |     0.80 |   1.00
0415 -      0.00 |    8.18 |     0.92 |   0.98
0416 -      6.76 |   10.49 |     0.89 |   0.95
0417 -      0.00 |    0.00 |     0.91 |   0.90
0418 -     74.84 |   71.22 |     0.90 |   0.92
0419 -      0.00 |    0.00 |     0.73 |   0.97
0420 -     22.95 |   50.22 |     0.95 |   0.98
0421 -      0.00 |    0.00 |     0.73 |   0.91
0422 -     47.25 |   99.09 |     0.71 |   0.92
0423 -     41.57 |   34.83 |     0.85 |   0.96
0424 -     26.90 |  100.00 |     0.95 |   1.00
0425 -     30.19 |   57.27 |     0.84 |   0.99
0426 -      0.00 |    0.00 |     0.80 |   0.82
0427 -     25.41 |   98.26 |     0.94 |   0.96
0428 -      6.77 |  100.00 |     0.94 |   1.00
0429 -      0.00 |    0.00 |     0.82 |   0.91
0430 -     28.40 |   21.81 |     0.95 |   0.96
0431 -      0.00 |    0.00 |     0.78 |   0.87
0432 -     70.23 |  100.00 |     0.97 |   1.00
0433 -     36.55 |   87.67 |     0.72 |   1.00
0434 -     25.73 |   45.53 |     0.87 |   0.95
0435 -     99.27 |  100.00 |     0.89 |   1.00
0436 -     21.63 |   14.64 |     0.99 |   0.97
0437 -      0.00 |   86.31 |     0.85 |   0.97
0438 -     64.12 |   64.34 |     0.96 |   0.96
0439 -      8.01 |  100.00 |     0.91 |   1.00
0440 -     20.48 |   16.24 |     0.96 |   1.00
0441 -     27.59 |   26.84 |     0.69 |   0.90
0442 -      0.00 |   93.11 |     0.92 |   0.93
0443 -      0.00 |    0.00 |     0.81 |   0.94
0444 -      0.00 |    0.00 |     0.75 |   0.75
0445 -     75.72 |   99.17 |     0.99 |   1.00
0446 -     94.43 |  100.00 |     0.98 |   1.00
0447 -      0.00 |    0.00 |     0.78 |   0.93
0448 -      0.00 |    0.00 |     0.64 |   0.90
0449 -     34.56 |   91.76 |     0.91 |   0.99
0450 -      0.00 |    0.00 |     0.87 |   0.90
0451 -      0.00 |   98.77 |     0.80 |   0.98
0452 -      0.00 |  100.00 |     0.79 |   1.00
0453 -     46.93 |  100.00 |     0.60 |   1.00
0454 -     59.54 |  100.00 |     0.93 |   1.00
0455 -     97.52 |   99.31 |     0.89 |   1.00
0456 -     57.44 |   49.99 |     0.92 |   0.95
0457 -     38.88 |   19.52 |     0.96 |   1.00
0458 -     51.47 |  100.00 |     0.69 |   1.00
0459 -      0.00 |  100.00 |     0.89 |   0.96
0460 -     89.32 |    5.10 |     0.97 |   0.98
0461 -      7.87 |   82.34 |     0.87 |   0.97
0462 -     53.53 |  100.00 |     0.91 |   1.00
0463 -     98.96 |   79.44 |     0.92 |   1.00
0464 -      7.00 |    0.00 |     0.76 |   0.86
0465 -      0.00 |    0.00 |     0.91 |   0.93
0466 -      0.00 |    0.00 |     0.87 |   0.97
0467 -     21.39 |   32.81 |     0.98 |   1.00
0468 -      0.00 |    0.00 |     0.98 |   1.00
0469 -      8.36 |    0.00 |     0.87 |   0.93
0470 -     95.19 |    0.00 |     0.93 |   0.97
0471 -     43.06 |   36.32 |     0.95 |   0.99
0472 -     13.09 |   17.69 |     0.44 |   0.59
0473 -      5.93 |   98.83 |     0.93 |   0.97
0474 -      0.00 |   42.44 |     0.94 |   1.00
0475 -     39.52 |  100.00 |     0.96 |   1.00
0476 -      4.70 |    8.42 |     0.88 |   0.93
0477 -     35.04 |   35.21 |     0.97 |   1.00
0478 -     70.00 |   54.39 |     0.81 |   0.90
0479 -     84.69 |  100.00 |     0.94 |   1.00
0480 -      0.00 |   65.18 |     0.85 |   1.00
0481 -     80.39 |   97.90 |     0.97 |   1.00
0482 -     21.44 |  100.00 |     0.94 |   1.00
0483 -     18.91 |   99.26 |     0.96 |   1.00
0484 -     17.14 |   49.94 |     0.81 |   0.92
0485 -     63.15 |   91.85 |     0.92 |   0.96
0486 -     75.30 |   99.30 |     0.94 |   0.97
0487 -     98.98 |  100.00 |     0.95 |   0.99
0488 -      0.00 |    0.00 |     0.88 |   0.91
0489 -     43.85 |   43.94 |     0.92 |   0.94
0490 -     40.73 |  100.00 |     0.97 |   1.00
0491 -      0.00 |    0.00 |     0.91 |   0.92
0492 -      0.00 |   60.97 |     0.77 |   0.92
0493 -     98.79 |  100.00 |     0.92 |   1.00
0494 -     24.64 |  100.00 |     0.81 |   1.00
0495 -     23.34 |   54.05 |     0.91 |   0.92
0496 -     29.28 |   93.16 |     0.88 |   0.96
0497 -      8.04 |  100.00 |     0.87 |   1.00
0498 -     29.49 |  100.00 |     0.97 |   1.00
0499 -      0.00 |    0.00 |     0.79 |   0.84
0500 -     11.85 |  100.00 |     0.90 |   1.00
0501 -     62.81 |  100.00 |     0.91 |   1.00
0502 -     20.82 |   99.06 |     0.86 |   0.98
0503 -      0.00 |    0.00 |     0.81 |   0.86
0504 -     25.11 |   31.66 |     0.78 |   0.99
0505 -      9.91 |   80.87 |     0.71 |   0.92
0506 -     70.69 |  100.00 |     0.98 |   1.00
0507 -      0.00 |  100.00 |     0.65 |   1.00
0508 -      0.00 |    0.00 |     0.91 |   0.96
0509 -     99.26 |  100.00 |     0.94 |   1.00
0510 -     92.79 |  100.00 |     0.95 |   1.00
0511 -     48.45 |   46.03 |     0.92 |   0.95
0512 -     86.60 |  100.00 |     0.92 |   1.00
0513 -     16.98 |  100.00 |     0.97 |   1.00
0514 -     56.81 |  100.00 |     0.91 |   1.00
0515 -     28.29 |   94.42 |     0.96 |   0.98
0516 -     68.02 |   66.53 |     0.84 |   1.00
0517 -     26.29 |  100.00 |     0.91 |   1.00
0518 -      0.00 |    0.00 |     0.92 |   0.96
0519 -     59.15 |   93.87 |     0.97 |   0.99
0520 -     26.66 |   24.64 |     0.94 |   0.98
0521 -     46.78 |   97.83 |     0.87 |   1.00
0522 -     98.46 |   22.96 |     0.96 |   0.91
0523 -     57.59 |   99.13 |     0.95 |   0.97
0524 -      0.00 |    5.46 |     0.85 |   0.94
0525 -     68.01 |   97.03 |     0.92 |   0.96
0526 -      0.00 |    0.00 |     0.95 |   0.99
0527 -     71.74 |  100.00 |     0.97 |   1.00
0528 -      0.00 |   78.85 |     0.90 |   0.92
0529 -      7.94 |   16.75 |     0.74 |   0.87
0530 -      0.00 |    0.00 |     0.79 |   0.83
0531 -     74.96 |  100.00 |     0.82 |   1.00
0532 -     75.33 |  100.00 |     0.83 |   1.00
0533 -     55.97 |    0.00 |     0.85 |   0.90
0534 -     93.35 |  100.00 |     0.96 |   1.00
0535 -      0.00 |  100.00 |     0.81 |   1.00
0536 -      0.00 |    0.00 |     0.96 |   0.99
0537 -      0.00 |    0.00 |     0.77 |   0.93
0538 -     10.83 |    8.10 |     0.89 |   0.94
0539 -      0.00 |    0.00 |     0.82 |   0.87
0540 -     85.94 |  100.00 |     0.91 |   1.00
0541 -     63.60 |  100.00 |     0.91 |   1.00
0542 -     20.34 |   15.80 |     0.88 |   0.97
0543 -      0.00 |    0.00 |     0.90 |   0.94
0544 -      6.53 |    0.00 |     0.85 |   0.97
0545 -     98.95 |   83.44 |     0.86 |   0.95
0546 -     78.55 |  100.00 |     0.90 |   1.00
0547 -     30.59 |   26.08 |     0.97 |   0.99
0548 -     46.35 |  100.00 |     0.86 |   1.00
0549 -     59.91 |   52.71 |     0.93 |   0.98
0550 -      0.00 |   10.55 |     0.89 |   1.00
0551 -     39.00 |   28.59 |     0.87 |   0.97
0552 -     88.68 |  100.00 |     0.96 |   1.00
0553 -      0.00 |  100.00 |     0.93 |   1.00
0554 -     48.47 |  100.00 |     0.94 |   1.00
0555 -     38.68 |   99.29 |     0.93 |   0.94
0556 -      0.00 |   69.60 |     0.78 |   0.78
0557 -     70.72 |  100.00 |     0.76 |   1.00
0558 -     76.79 |  100.00 |     0.98 |   1.00
0559 -      0.00 |   96.47 |     0.61 |   1.00
0560 -      0.00 |    0.00 |     0.92 |   1.00
0561 -     12.21 |   12.12 |     0.89 |   1.00
0562 -     17.13 |   97.55 |     0.98 |   1.00
0563 -     15.80 |   14.00 |     0.97 |   0.99
0564 -      0.00 |    0.00 |     0.77 |   0.85
0565 -     13.70 |   75.16 |     0.90 |   1.00
0566 -     12.00 |   61.19 |     0.90 |   0.98
0567 -      5.55 |    8.71 |     0.94 |   0.99
0568 -      0.00 |    0.00 |     0.86 |   0.98
0569 -      9.21 |   95.08 |     0.96 |   0.99
0570 -     14.60 |   99.29 |     0.94 |   1.00
0571 -      0.00 |    0.00 |     0.94 |   0.99
0572 -      0.00 |    0.00 |     0.96 |   0.98
0573 -     59.47 |   75.39 |     0.94 |   0.99
0574 -      0.00 |   16.12 |     0.89 |   0.91
0575 -      0.00 |    0.00 |     0.77 |   0.98
0576 -     37.15 |  100.00 |     0.96 |   1.00
0577 -      0.00 |    0.00 |     0.89 |   0.91
0578 -     32.81 |    4.01 |     0.94 |   0.95
0579 -     59.03 |   94.56 |     0.94 |   1.00
0580 -     26.15 |   65.57 |     0.86 |   0.86
0581 -     56.64 |  100.00 |     0.92 |   1.00
0582 -     35.25 |  100.00 |     0.89 |   1.00
0583 -    100.00 |   74.26 |     1.00 |   0.97
0584 -     20.45 |   70.97 |     0.92 |   0.98
0585 -     58.29 |  100.00 |     0.85 |   1.00
0586 -     29.99 |   99.26 |     0.97 |   1.00
0587 -     73.66 |   84.29 |     0.86 |   1.00
0588 -      0.00 |    0.00 |     0.71 |   0.96
0589 -      0.00 |    0.00 |     0.84 |   0.92
0590 -      8.24 |   98.11 |     0.95 |   1.00
0591 -      0.00 |   24.83 |     0.71 |   0.82
0592 -      0.00 |    0.00 |     0.70 |   0.86
0593 -     92.97 |  100.00 |     0.98 |   1.00
0594 -     22.14 |  100.00 |     0.91 |   1.00
0595 -     28.18 |  100.00 |     0.96 |   1.00
0596 -     99.02 |   71.94 |     0.86 |   0.82
0597 -      0.00 |   98.80 |     0.90 |   0.97
0598 -     24.79 |   47.66 |     0.94 |   0.97
0599 -      0.00 |  100.00 |     0.82 |   1.00
0600 -     20.08 |   64.67 |     0.75 |   1.00
0601 -     55.00 |   81.62 |     0.90 |   1.00
0602 -      0.00 |    0.00 |     0.91 |   1.00
0603 -     38.62 |  100.00 |     0.88 |   1.00
0604 -     11.21 |   23.88 |     0.86 |   0.95
0605 -     37.85 |  100.00 |     0.94 |   1.00
0606 -     25.48 |   96.95 |     0.94 |   1.00
0607 -     68.52 |    0.00 |     0.96 |   1.00
0608 -     27.00 |   61.29 |     0.88 |   0.98
0609 -      0.00 |   12.02 |     0.57 |   0.68
0610 -     68.94 |   97.10 |     0.87 |   0.99
0611 -     73.86 |   88.39 |     0.82 |   0.95
0612 -     28.34 |   26.76 |     0.93 |   0.98
0613 -     13.89 |   13.89 |     0.97 |   0.98
0614 -     50.99 |   97.45 |     0.91 |   0.99
0615 -     71.85 |   95.69 |     0.90 |   1.00
0616 -      0.00 |    0.00 |     0.80 |   0.94
0617 -      0.00 |    0.00 |     0.90 |   0.97
0618 -     25.81 |    0.00 |     0.87 |   0.97
0619 -      8.21 |   51.43 |     0.92 |   1.00
0620 -     58.38 |   97.67 |     0.95 |   0.99
0621 -     35.18 |  100.00 |     0.96 |   1.00
0622 -     67.67 |  100.00 |     0.93 |   1.00
0623 -     63.04 |   87.56 |     0.96 |   0.99
0624 -      0.00 |    0.00 |     0.92 |   0.98
0625 -     19.69 |   28.83 |     0.91 |   0.96
0626 -     75.30 |  100.00 |     0.95 |   1.00
0627 -      0.00 |    0.00 |     0.95 |   1.00
0628 -      0.00 |    0.00 |     0.92 |   0.96
0629 -      0.00 |    0.00 |     0.91 |   0.93
0630 -      6.10 |  100.00 |     0.96 |   1.00
0631 -      0.00 |    0.00 |     0.85 |   0.96
0632 -     52.01 |   97.89 |     0.70 |   0.94
0633 -     59.11 |   61.55 |     0.98 |   1.00
0634 -     15.23 |   54.42 |     0.57 |   0.94
0635 -    100.00 |  100.00 |     0.93 |   1.00
0636 -      0.00 |    0.00 |     0.82 |   0.88
0637 -     21.50 |   70.11 |     0.83 |   1.00
0638 -      0.00 |   32.32 |     0.83 |   0.87
0639 -      0.00 |    0.00 |     0.92 |   0.99
0640 -      0.00 |    0.00 |     0.91 |   0.95
0641 -     33.50 |   98.61 |     0.91 |   1.00
0642 -     36.78 |   47.82 |     0.91 |   0.95
0643 -      0.00 |    0.00 |     0.96 |   0.97
0644 -     22.02 |   99.07 |     0.88 |   0.96
0645 -      0.00 |    0.00 |     0.90 |   0.99
0646 -     21.47 |  100.00 |     0.77 |   1.00
0647 -     98.62 |  100.00 |     0.88 |   1.00
0648 -      8.41 |    9.11 |     0.86 |   0.99
0649 -      0.00 |    0.00 |     0.86 |   1.00
0650 -     79.68 |  100.00 |     0.92 |   1.00
0651 -      0.00 |    0.00 |     0.95 |   0.99
0652 -      8.39 |   84.48 |     0.90 |   0.93
0653 -     14.55 |   93.59 |     0.96 |   0.97
0654 -     74.72 |   87.34 |     0.74 |   1.00
0655 -     13.64 |   61.58 |     0.81 |   0.99
0656 -     54.17 |   99.78 |     0.98 |   1.00
0657 -     36.60 |   62.49 |     0.98 |   1.00
0658 -      0.00 |   67.16 |     0.98 |   0.99
0659 -     31.79 |   34.79 |     0.92 |   0.99
0660 -      0.00 |    0.00 |     0.84 |   1.00
0661 -      0.00 |   48.20 |     0.59 |   0.94
0662 -     34.75 |   29.25 |     0.89 |   0.93
0663 -     15.83 |   73.43 |     0.84 |   0.98
0664 -     32.25 |   87.16 |     0.72 |   0.81
0665 -      0.00 |    0.00 |     0.95 |   0.96
0666 -      0.00 |   17.00 |     0.88 |   0.88
0667 -     25.07 |   25.64 |     1.00 |   0.96
0668 -      0.00 |    0.00 |     0.71 |   0.84
0669 -      0.00 |   93.40 |     0.91 |   0.95
0670 -     55.75 |  100.00 |     0.89 |   1.00
0671 -     57.95 |   67.92 |     0.92 |   1.00
0672 -     74.32 |  100.00 |     0.96 |   1.00
0673 -     31.91 |   23.38 |     0.89 |   0.90
0674 -     14.88 |  100.00 |     0.99 |   1.00
0675 -      0.00 |   99.27 |     0.87 |   1.00
0676 -      9.80 |   33.26 |     0.85 |   0.97
0677 -      5.97 |   98.44 |     0.68 |   0.94
0678 -     75.90 |   83.36 |     0.90 |   1.00
0679 -     88.75 |  100.00 |     0.97 |   1.00
0680 -     98.37 |   81.91 |     0.87 |   0.87
0681 -     10.81 |    0.00 |     0.92 |   0.96
0682 -      0.00 |    8.62 |     0.97 |   0.98
0683 -      0.00 |    0.00 |     0.91 |   0.96
0684 -     29.90 |  100.00 |     0.66 |   1.00
0685 -     46.27 |  100.00 |     0.97 |   1.00
0686 -     44.71 |  100.00 |     0.86 |   1.00
0687 -      0.00 |  100.00 |     0.95 |   1.00
0688 -     58.08 |  100.00 |     0.95 |   1.00
0689 -     81.60 |   95.67 |     0.94 |   0.96
0690 -     36.74 |   99.18 |     0.97 |   0.99
0691 -     98.69 |   87.83 |     0.91 |   0.94
0692 -     86.86 |   87.20 |     0.89 |   0.96
0693 -     32.16 |   70.99 |     0.97 |   0.98
0694 -     13.44 |    0.00 |     0.91 |   0.87
0695 -     75.86 |  100.00 |     0.97 |   1.00
0696 -     98.63 |  100.00 |     0.95 |   1.00
0697 -     61.69 |  100.00 |     0.89 |   1.00
0698 -      0.00 |    0.00 |     0.57 |   0.86
0699 -      0.00 |    0.00 |     0.90 |   0.98
0700 -      0.00 |  100.00 |     0.91 |   1.00
0701 -     63.90 |  100.00 |     0.77 |   1.00
0702 -      0.00 |   98.04 |     0.90 |   1.00
0703 -      5.69 |   36.30 |     0.84 |   0.87
0704 -     37.92 |   92.68 |     0.79 |   0.92
0705 -      0.00 |    0.00 |     0.90 |   0.96
0706 -     75.11 |  100.00 |     0.89 |   1.00
0707 -     58.21 |   92.70 |     0.96 |   0.97
0708 -     48.56 |   66.88 |     0.84 |   0.99
0709 -      9.21 |    0.00 |     0.89 |   1.00
0710 -      0.00 |  100.00 |     0.95 |   1.00
0711 -     31.91 |  100.00 |     0.71 |   1.00
0712 -      0.00 |  100.00 |     0.69 |   1.00
0713 -      0.00 |   40.94 |     0.92 |   1.00
0714 -     10.42 |   98.02 |     0.87 |   0.97
0715 -     13.36 |   13.86 |     0.81 |   0.84
0716 -      0.00 |   47.62 |     0.90 |   1.00
0717 -     23.82 |    5.41 |     0.86 |   0.95
0718 -     84.86 |  100.00 |     0.92 |   1.00
0719 -     10.57 |    9.03 |     0.64 |   0.60
0720 -      0.00 |    0.00 |     0.84 |   0.85
0721 -     28.59 |   10.74 |     0.86 |   0.90
0722 -     98.65 |  100.00 |     0.92 |   1.00
0723 -     69.11 |   98.90 |     0.90 |   0.97
0724 -      3.95 |   98.38 |     0.89 |   0.97
0725 -     14.52 |   16.07 |     0.91 |   0.99
0726 -      0.00 |   98.45 |     0.92 |   0.95
0727 -     18.54 |  100.00 |     0.88 |   1.00
0728 -    100.00 |  100.00 |     0.76 |   1.00
0729 -     90.47 |  100.00 |     0.96 |   1.00
0730 -     77.71 |  100.00 |     0.85 |   1.00
0731 -     33.04 |   59.70 |     0.81 |   0.97
0732 -     61.14 |  100.00 |     0.95 |   1.00
0733 -      0.00 |    0.00 |     0.94 |   0.98
0734 -      0.00 |  100.00 |     0.92 |   1.00
0735 -     46.55 |    0.00 |     0.84 |   0.94
0736 -     99.18 |  100.00 |     0.94 |   1.00
0737 -      0.00 |    0.00 |     0.66 |   0.77
0738 -     77.31 |   77.09 |     0.86 |   1.00
0739 -     22.57 |   58.59 |     0.89 |   0.94
0740 -     16.25 |  100.00 |     0.92 |   1.00
0741 -      0.00 |  100.00 |     0.92 |   1.00
0742 -      8.39 |   98.99 |     0.83 |   0.99
0743 -     40.14 |  100.00 |     0.96 |   1.00
0744 -      0.00 |    0.00 |     0.88 |   0.93
0745 -     18.86 |   23.62 |     0.78 |   0.88
0746 -     28.64 |   37.35 |     0.93 |   1.00
0747 -     71.73 |  100.00 |     0.91 |   1.00
0748 -      0.00 |    0.00 |     0.84 |   0.94
0749 -     80.30 |  100.00 |     0.89 |   1.00
0750 -     16.21 |  100.00 |     0.96 |   1.00
0751 -      0.00 |    0.00 |     0.73 |   0.89
0752 -     29.58 |   29.04 |     0.84 |   1.00
0753 -     38.99 |   95.60 |     0.94 |   0.96
0754 -     10.02 |   98.91 |     0.87 |   0.96
0755 -     81.61 |   96.93 |     0.75 |   1.00
0756 -      3.47 |    0.00 |     0.93 |   0.98
0757 -      0.00 |    0.00 |     0.94 |   0.96
0758 -      0.00 |  100.00 |     0.93 |   1.00
0759 -      0.00 |    0.00 |     0.92 |   0.97
0760 -     14.30 |   99.09 |     0.70 |   0.96
0761 -     32.25 |  100.00 |     0.97 |   1.00
0762 -     31.21 |   25.32 |     0.80 |   1.00
0763 -     21.22 |   19.35 |     0.86 |   0.90
0764 -     65.54 |   95.65 |     0.84 |   0.98
0765 -      0.00 |    0.00 |     0.88 |   0.99
0766 -     78.31 |  100.00 |     0.86 |   1.00
0767 -     43.89 |   42.45 |     0.98 |   0.99
0768 -     84.58 |  100.00 |     0.95 |   1.00
0769 -      0.00 |    0.00 |     0.84 |   0.93
0770 -     22.35 |  100.00 |     0.91 |   1.00
0771 -      0.00 |    0.00 |     0.65 |   0.92
0772 -      0.00 |    0.00 |     0.64 |   0.86
0773 -      0.00 |   69.92 |     0.79 |   0.87
0774 -     23.45 |   17.95 |     0.86 |   0.98
0775 -     18.79 |   95.69 |     0.88 |   1.00
0776 -      0.00 |    0.00 |     0.82 |   0.97
0777 -     73.73 |   82.50 |     0.77 |   0.94
0778 -     77.57 |  100.00 |     0.82 |   1.00
0779 -     58.31 |   60.92 |     0.97 |   1.00
0780 -      0.00 |    0.00 |     0.62 |   0.83
0781 -     60.84 |   44.60 |     0.80 |   0.98
0782 -     17.32 |  100.00 |     0.86 |   1.00
0783 -     72.89 |  100.00 |     0.95 |   1.00
0784 -     55.93 |  100.00 |     0.87 |   1.00
0785 -     35.35 |  100.00 |     0.98 |   1.00
0786 -     61.06 |   89.73 |     0.81 |   0.97
0787 -     12.96 |    0.00 |     0.80 |   0.87
0788 -     53.76 |  100.00 |     0.81 |   1.00
0789 -     10.49 |   90.32 |     0.70 |   0.94
0790 -     18.53 |   18.66 |     0.89 |   1.00
0791 -     13.81 |    0.00 |     0.85 |   0.92
0792 -     48.40 |  100.00 |     0.89 |   1.00
0793 -     70.48 |  100.00 |     0.97 |   1.00
0794 -     70.51 |   74.98 |     0.97 |   0.99
0795 -     44.39 |   78.21 |     0.72 |   0.81
0796 -     43.62 |   42.25 |     0.95 |   0.97
0797 -      0.00 |   26.59 |     0.74 |   0.94
0798 -      0.00 |  100.00 |     0.93 |   1.00
0799 -      0.00 |    0.00 |     0.79 |   0.95
0800 -      0.00 |    0.00 |     0.82 |   0.99
0801 -      0.00 |    0.00 |     0.18 |   0.33
0802 -      0.00 |    0.00 |     0.79 |   0.81
0803 -     38.60 |  100.00 |     0.52 |   1.00
0804 -      0.00 |   72.01 |     0.82 |   1.00
0805 -     14.66 |  100.00 |     0.88 |   1.00
0806 -     98.86 |  100.00 |     0.98 |   1.00
0807 -      0.00 |  100.00 |     0.91 |   1.00
0808 -      0.00 |    0.00 |     0.96 |   1.00
0809 -     25.34 |   24.88 |     0.83 |   0.87
0810 -     98.93 |   96.73 |     0.89 |   0.99
0811 -     16.90 |   87.85 |     0.95 |   0.97
0812 -     20.38 |   98.86 |     0.79 |   0.95
0813 -     95.15 |   96.96 |     0.89 |   0.97
0814 -     12.48 |  100.00 |     0.95 |   1.00
0815 -     46.55 |   45.95 |     0.66 |   0.69
0816 -      0.00 |  100.00 |     0.82 |   1.00
0817 -      0.00 |    0.00 |     0.79 |   0.98
0818 -     62.07 |   65.81 |     0.83 |   0.96
0819 -     31.51 |   92.22 |     0.89 |   0.95
0820 -      0.00 |    0.00 |     0.84 |   0.96
0821 -      0.00 |    0.00 |     0.93 |   0.98
0822 -      0.00 |  100.00 |     0.90 |   1.00
0823 -     19.93 |   81.74 |     0.84 |   0.93
0824 -      0.00 |    0.00 |     0.56 |   0.66
0825 -     45.27 |   98.50 |     0.95 |   0.97
0826 -     52.80 |  100.00 |     0.99 |   1.00
0827 -     34.33 |    0.00 |     0.85 |   0.90
0828 -      0.00 |   13.75 |     0.70 |   0.87
0829 -      0.00 |    0.00 |     0.78 |   0.99
0830 -     65.32 |   88.27 |     0.93 |   0.96
0831 -     37.04 |   16.55 |     0.90 |   1.00
0832 -      9.25 |    8.08 |     0.88 |   0.99
0833 -     51.47 |   60.39 |     0.95 |   1.00
0834 -     68.29 |  100.00 |     0.98 |   1.00
0835 -      0.00 |    0.00 |     0.95 |   1.00
0836 -      0.00 |   83.13 |     0.85 |   1.00
0837 -     41.82 |   98.93 |     0.93 |   0.99
0838 -      0.00 |    0.00 |     0.89 |   0.90
0839 -      5.41 |    4.25 |     0.92 |   1.00
0840 -     15.93 |   54.34 |     0.79 |   0.97
0841 -      5.70 |    6.41 |     0.91 |   0.93
0842 -      0.00 |   57.37 |     0.93 |   0.99
0843 -      0.00 |  100.00 |     0.92 |   1.00
0844 -      0.00 |  100.00 |     0.95 |   1.00
0845 -     65.46 |  100.00 |     0.97 |   1.00
0846 -     13.72 |   91.40 |     0.93 |   0.97
0847 -      0.00 |    0.00 |     0.85 |   0.98
0848 -     55.81 |   89.92 |     0.96 |   0.98
0849 -      0.00 |    0.00 |     0.91 |   1.00
0850 -      6.49 |   12.17 |     0.81 |   0.96
0851 -     98.68 |  100.00 |     0.92 |   1.00
0852 -     71.25 |   76.84 |     0.92 |   0.97
0853 -     83.92 |  100.00 |     0.93 |   1.00
0854 -      0.00 |    0.00 |     0.87 |   0.96
0855 -     21.44 |    0.00 |     0.93 |   0.97
0856 -     53.75 |   86.28 |     0.92 |   0.98
0857 -     10.11 |   96.44 |     0.97 |   1.00
0858 -     58.95 |  100.00 |     0.98 |   1.00
0859 -      0.00 |    0.00 |     0.83 |   0.98
0860 -      0.00 |    0.00 |     0.75 |   0.95
0861 -     72.35 |  100.00 |     0.85 |   1.00
0862 -     33.96 |   99.38 |     0.86 |   1.00
0863 -     78.58 |  100.00 |     0.91 |   1.00
0864 -     16.15 |   16.05 |     0.92 |   0.94
0865 -     28.64 |  100.00 |     0.92 |   1.00
0866 -     10.97 |  100.00 |     0.94 |   1.00
0867 -      0.00 |    6.77 |     0.74 |   0.75
0868 -      0.00 |   11.30 |     0.82 |   0.88
0869 -     37.55 |   41.95 |     0.96 |   0.98
0870 -     43.01 |  100.00 |     0.99 |   1.00
0871 -     81.30 |   98.21 |     0.88 |   0.95
0872 -     56.25 |   74.42 |     0.92 |   0.97
0873 -      0.00 |    0.00 |     0.86 |   1.00
0874 -      0.00 |    0.00 |     0.80 |   0.93
0875 -     99.27 |  100.00 |     0.97 |   1.00
0876 -     37.89 |  100.00 |     0.90 |   1.00
0877 -     38.42 |    0.00 |     0.94 |   0.97
0878 -      0.00 |    0.00 |     0.42 |   0.69
0879 -     19.21 |  100.00 |     0.90 |   1.00
0880 -      0.00 |   97.50 |     0.71 |   0.95
0881 -     43.89 |  100.00 |     0.94 |   1.00
0882 -     88.94 |   87.18 |     0.88 |   0.97
0883 -      0.00 |   66.46 |     0.89 |   1.00
0884 -     30.91 |  100.00 |     0.93 |   1.00
0885 -      0.00 |    0.00 |     0.97 |   0.98
0886 -      0.00 |    0.00 |     0.83 |   0.98
0887 -      0.00 |   12.22 |     0.91 |   0.96
0888 -     43.04 |  100.00 |     0.85 |   1.00
0889 -     64.05 |  100.00 |     0.94 |   1.00
0890 -      7.65 |    0.00 |     0.90 |   0.96
0891 -     26.97 |   43.46 |     0.91 |   0.98
0892 -     58.03 |   54.43 |     0.94 |   1.00
0893 -      0.00 |   97.68 |     0.96 |   0.99
0894 -     24.39 |   22.23 |     0.97 |   1.00
0895 -     46.28 |  100.00 |     0.75 |   1.00
0896 -     10.93 |  100.00 |     0.91 |   1.00
0897 -     99.36 |  100.00 |     0.97 |   1.00
0898 -     23.24 |   84.63 |     0.94 |   0.98
0899 -     99.28 |  100.00 |     0.86 |   1.00
0900 -     58.08 |   98.83 |     0.93 |   0.97
0901 -     12.09 |   96.09 |     0.96 |   1.00
0902 -     30.61 |  100.00 |     0.90 |   1.00
0903 -      0.00 |    0.00 |     0.84 |   0.99
0904 -      8.74 |    8.83 |     0.93 |   0.99
0905 -      0.00 |   91.49 |     0.92 |   0.99
0906 -     30.30 |  100.00 |     0.88 |   1.00
0907 -     14.61 |   14.49 |     0.85 |   0.92
0908 -     59.52 |  100.00 |     0.94 |   1.00
0909 -      0.00 |    0.00 |     0.94 |   1.00
0910 -      0.00 |    0.00 |     0.97 |   0.99
0911 -      0.00 |   79.77 |     0.87 |   0.97
0912 -      0.00 |   64.56 |     0.91 |   0.99
0913 -     19.74 |   91.19 |     0.95 |   0.98
0914 -      0.00 |  100.00 |     0.81 |   1.00
0915 -      0.00 |    0.00 |     0.92 |   0.96
0916 -      0.00 |  100.00 |     0.88 |   1.00
0917 -     87.24 |  100.00 |     0.95 |   1.00
0918 -     81.98 |   93.81 |     0.93 |   0.99
0919 -     95.34 |  100.00 |     0.97 |   1.00
0920 -     77.69 |   98.89 |     0.76 |   0.97
0921 -     15.33 |  100.00 |     0.88 |   1.00
0922 -      0.00 |    0.00 |     0.88 |   0.98
0923 -     71.79 |  100.00 |     0.81 |   1.00
0924 -      0.00 |    3.70 |     0.90 |   0.93
0925 -     68.50 |   98.40 |     0.84 |   0.96
0926 -     12.07 |  100.00 |     0.98 |   1.00
0927 -     96.31 |   86.93 |     0.77 |   0.92
0928 -     26.75 |   94.22 |     0.92 |   0.99
0929 -     28.46 |   97.84 |     0.88 |   0.93
0930 -      0.00 |    0.00 |     0.98 |   1.00
0931 -      0.00 |    3.60 |     0.85 |   0.92
0932 -      0.00 |    0.00 |     0.91 |   0.90
0933 -     12.49 |  100.00 |     0.99 |   1.00
0934 -      0.00 |    0.00 |     0.91 |   0.90
0935 -     37.40 |   67.89 |     0.91 |   0.94
0936 -     33.91 |  100.00 |     0.95 |   1.00
0937 -     80.37 |  100.00 |     0.93 |   1.00
0938 -      0.00 |    0.00 |     0.90 |   0.91
0939 -     99.22 |  100.00 |     0.96 |   1.00
0940 -     61.71 |  100.00 |     0.88 |   1.00
0941 -     47.85 |   84.33 |     0.76 |   0.92
0942 -      0.00 |    0.00 |     0.93 |   0.98
0943 -      8.59 |    9.58 |     0.86 |   0.97
0944 -     83.95 |  100.00 |     0.89 |   1.00
0945 -     16.70 |   37.00 |     0.62 |   0.66
0946 -      0.00 |    0.00 |     0.95 |   0.96
0947 -     68.10 |   63.69 |     0.88 |   1.00
0948 -     13.58 |  100.00 |     0.93 |   1.00
0949 -     25.66 |   98.36 |     0.80 |   0.95
0950 -     60.67 |   53.71 |     0.74 |   1.00
0951 -      0.00 |    0.00 |     0.80 |   0.82
0952 -     98.73 |  100.00 |     0.90 |   1.00
0953 -      0.00 |    0.00 |     0.97 |   0.96
0954 -     17.18 |   49.18 |     0.87 |   0.90
0955 -      0.00 |    0.00 |     0.94 |   0.94
0956 -     53.51 |  100.00 |     0.70 |   1.00
0957 -      0.00 |    0.00 |     0.91 |   0.99
0958 -     84.69 |   98.59 |     0.92 |   0.98
0959 -     43.24 |   43.24 |     0.95 |   1.00
0960 -      9.41 |  100.00 |     0.64 |   1.00
0961 -     11.52 |   92.21 |     0.83 |   0.99
0962 -     71.62 |   98.74 |     0.83 |   0.96
0963 -     71.17 |   98.58 |     0.78 |   1.00
0964 -      0.00 |    0.00 |     0.94 |   1.00
0965 -     98.77 |  100.00 |     0.94 |   1.00
0966 -     84.30 |   85.38 |     0.70 |   1.00
0967 -     10.67 |   10.67 |     0.82 |   0.99
0968 -      0.00 |    0.00 |     0.90 |   0.99
0969 -     30.49 |   96.60 |     0.76 |   0.99
0970 -     23.70 |   24.90 |     0.86 |   0.94
0971 -      0.00 |    0.00 |     0.94 |   0.89
0972 -      0.00 |    0.00 |     0.99 |   0.99
0973 -     27.70 |   88.82 |     0.90 |   0.95
0974 -      0.00 |    0.00 |     0.97 |   0.98
0975 -      0.00 |    0.00 |     0.88 |   0.94
0976 -     59.63 |   68.92 |     0.45 |   0.99
0977 -      0.00 |    0.00 |     0.94 |   0.99
0978 -     76.50 |  100.00 |     0.97 |   1.00
0979 -     23.89 |   23.49 |     0.88 |   1.00
0980 -      0.00 |    0.00 |     0.78 |   0.90
0981 -     98.96 |   99.36 |     0.94 |   0.98
0982 -      0.00 |   87.10 |     0.70 |   0.94
0983 -     84.80 |  100.00 |     0.83 |   1.00
0984 -     33.44 |   62.97 |     0.91 |   1.00
0985 -      0.00 |  100.00 |     0.75 |   1.00
0986 -      0.00 |   57.73 |     0.91 |   1.00
0987 -     78.66 |   98.78 |     0.97 |   1.00
0988 -      0.00 |    0.00 |     0.95 |   0.97
0989 -      0.00 |    0.00 |     0.59 |   0.96
0990 -     13.56 |   84.43 |     0.92 |   0.92
0991 -     30.37 |   26.78 |     0.90 |   0.93
0992 -      0.00 |    0.00 |     0.88 |   0.94
0993 -     85.08 |   99.05 |     0.87 |   0.97
0994 -     21.62 |   94.38 |     0.73 |   0.99
0995 -      0.00 |    0.00 |     0.93 |   0.97
0996 -     71.41 |  100.00 |     0.89 |   1.00
0997 -     95.63 |   99.45 |     0.94 |   0.98
0998 -     34.36 |   34.15 |     0.92 |   0.96
0999 -      0.00 |    0.00 |     0.72 |   0.81
1000 -     43.24 |    0.00 |     0.86 |   0.82
==============================================
