==============================================
BLEU GOLD:                               32.64
BLEU IN:                                 43.54
SIM GOLD:                               0.8837
SIM IN:                                 0.9164
==============================================
       BLEU GOLD | BLEU IN | SIM GOLD | SIM IN
0001 -     26.80 |   29.82 |     0.91 |   0.95
0002 -      0.00 |    0.00 |     0.91 |   0.93
0003 -     46.44 |   79.50 |     0.96 |   0.97
0004 -      0.00 |    0.00 |     0.87 |   0.93
0005 -     28.03 |  100.00 |     0.97 |   1.00
0006 -     88.37 |   93.83 |     0.95 |   0.95
0007 -     69.46 |   85.34 |     0.74 |   0.77
0008 -     36.47 |  100.00 |     0.93 |   1.00
0009 -     90.35 |   96.50 |     0.97 |   0.99
0010 -      9.35 |    0.00 |     0.94 |   0.97
0011 -     89.23 |  100.00 |     0.95 |   1.00
0012 -     45.97 |   51.40 |     0.94 |   0.96
0013 -     41.24 |   41.86 |     0.91 |   0.93
0014 -     44.73 |   48.80 |     0.95 |   0.97
0015 -     25.62 |   24.45 |     0.67 |   0.69
0016 -     89.02 |   99.03 |     0.96 |   1.00
0017 -      0.00 |    0.00 |     0.92 |   0.98
0018 -      0.00 |    0.00 |     0.75 |   0.76
0019 -     36.58 |   32.52 |     0.85 |   0.86
0020 -     51.27 |   50.69 |     0.99 |   1.00
0021 -      0.00 |    0.00 |     0.80 |   0.82
0022 -      0.00 |    0.00 |     0.94 |   0.98
0023 -     97.61 |  100.00 |     0.98 |   1.00
0024 -     39.94 |   37.34 |     0.84 |   0.87
0025 -      7.31 |    8.86 |     0.82 |   0.92
0026 -      0.00 |    0.00 |     0.95 |   0.94
0027 -      0.00 |    0.00 |     0.89 |   0.98
0028 -     60.64 |  100.00 |     0.97 |   1.00
0029 -     81.95 |   16.04 |     0.94 |   0.98
0030 -      0.00 |    0.00 |     0.91 |   0.93
0031 -      0.00 |    0.00 |     0.82 |   0.83
0032 -     85.93 |   86.98 |     0.97 |   0.98
0033 -      0.00 |    0.00 |     0.89 |   0.91
0034 -     12.81 |   26.97 |     0.88 |   0.90
0035 -      0.00 |   54.89 |     0.78 |   0.81
0036 -     23.92 |   26.36 |     0.76 |   0.80
0037 -     13.29 |  100.00 |     0.92 |   1.00
0038 -     34.96 |   59.90 |     0.91 |   0.93
0039 -     63.99 |  100.00 |     0.99 |   1.00
0040 -     49.91 |   73.45 |     0.95 |   0.96
0041 -      0.00 |    0.00 |     0.87 |   0.88
0042 -     24.81 |   28.73 |     0.89 |   0.95
0043 -      0.00 |    0.00 |     0.84 |   0.84
0044 -      0.00 |    0.00 |     0.94 |   0.96
0045 -     90.78 |   96.70 |     0.96 |   0.99
0046 -      0.00 |   69.40 |     0.94 |   0.97
0047 -     37.21 |   33.81 |     0.58 |   0.91
0048 -      0.00 |    0.00 |     0.88 |   0.88
0049 -      0.00 |    0.00 |     0.83 |   0.85
0050 -      0.00 |    0.00 |     0.96 |   0.98
0051 -      0.00 |    0.00 |     0.84 |   0.94
0052 -     14.97 |   35.31 |     0.94 |   0.97
0053 -     42.31 |   98.47 |     0.95 |   0.97
0054 -      0.00 |    0.00 |     0.64 |   0.65
0055 -     89.68 |  100.00 |     0.96 |   1.00
0056 -     84.08 |  100.00 |     0.96 |   1.00
0057 -     28.37 |   69.93 |     0.92 |   0.96
0058 -     48.00 |   86.08 |     0.91 |   0.96
0059 -     75.10 |   87.36 |     0.96 |   0.95
0060 -      0.00 |    0.00 |     0.77 |   0.79
0061 -     92.61 |   97.17 |     0.98 |   1.00
0062 -      0.00 |    0.00 |     0.89 |   0.91
0063 -      0.00 |    0.00 |     0.50 |   0.60
0064 -      5.93 |    5.36 |     0.93 |   0.94
0065 -     49.46 |   48.67 |     0.95 |   0.99
0066 -     66.67 |  100.00 |     0.98 |   1.00
0067 -      0.00 |    0.00 |     0.94 |   0.95
0068 -      0.00 |    0.00 |     0.73 |   0.76
0069 -     70.24 |   15.75 |     0.90 |   0.93
0070 -     41.44 |   59.80 |     0.86 |   0.87
0071 -      0.00 |    0.00 |     0.80 |   0.82
0072 -     21.30 |   74.22 |     0.73 |   0.75
0073 -      0.00 |  100.00 |     0.92 |   1.00
0074 -      0.00 |    0.00 |     0.77 |   0.84
0075 -     89.68 |  100.00 |     0.96 |   1.00
0076 -      9.28 |    9.25 |     0.96 |   0.97
0077 -     32.54 |   18.48 |     0.83 |   0.81
0078 -      0.00 |    0.00 |     0.48 |   0.52
0079 -     31.13 |   93.64 |     0.94 |   0.95
0080 -     91.05 |  100.00 |     0.94 |   1.00
0081 -     36.72 |  100.00 |     0.98 |   1.00
0082 -      0.00 |    0.00 |     0.94 |   0.95
0083 -     51.59 |   51.47 |     0.88 |   0.95
0084 -      0.00 |    0.00 |     0.90 |   0.96
0085 -      6.18 |   44.36 |     0.88 |   0.90
0086 -     88.51 |  100.00 |     0.87 |   1.00
0087 -      0.00 |    0.00 |     0.41 |   0.42
0088 -     11.79 |   11.73 |     0.92 |   0.94
0089 -     60.97 |   48.20 |     0.88 |   0.86
0090 -     85.92 |   99.13 |     0.91 |   0.95
0091 -     91.56 |  100.00 |     0.92 |   1.00
0092 -     56.61 |   90.74 |     0.93 |   0.99
0093 -     63.79 |   70.52 |     0.90 |   0.98
0094 -     72.61 |  100.00 |     0.54 |   1.00
0095 -      4.26 |    4.30 |     0.97 |   0.96
0096 -     63.21 |    0.00 |     0.91 |   0.90
0097 -     58.54 |   59.73 |     0.85 |   0.87
0098 -     82.32 |   80.45 |     0.95 |   0.99
0099 -     62.56 |   62.68 |     0.96 |   0.98
0100 -      0.00 |    0.00 |     0.86 |   0.83
0101 -     38.21 |   34.74 |     0.82 |   0.85
0102 -     49.51 |   45.96 |     0.86 |   0.88
0103 -     72.99 |   38.55 |     0.88 |   0.94
0104 -     72.97 |   15.06 |     0.97 |   0.98
0105 -      0.00 |    0.00 |     0.94 |   0.96
0106 -      0.00 |   29.68 |     0.61 |   0.59
0107 -      0.00 |   10.94 |     0.90 |   0.91
0108 -      0.00 |    0.00 |     0.73 |   0.95
0109 -      0.00 |    0.00 |     0.90 |   0.92
0110 -     54.20 |   52.07 |     0.97 |   0.96
0111 -     82.42 |  100.00 |     0.96 |   1.00
0112 -      0.00 |    0.00 |     0.53 |   0.52
0113 -      0.00 |    3.75 |     0.97 |   0.98
0114 -     22.67 |  100.00 |     0.99 |   1.00
0115 -      4.81 |    4.92 |     0.79 |   0.81
0116 -     75.31 |  100.00 |     0.95 |   1.00
0117 -     18.78 |    0.00 |     0.77 |   0.76
0118 -      0.00 |    0.00 |     0.89 |   0.90
0119 -      0.00 |    6.43 |     0.64 |   0.68
0120 -     77.94 |  100.00 |     0.87 |   1.00
0121 -      0.00 |    0.00 |     0.74 |   0.78
0122 -     96.56 |  100.00 |     0.94 |   0.98
0123 -     39.39 |   74.04 |     0.85 |   0.89
0124 -      8.42 |    8.86 |     0.98 |   1.00
0125 -     84.88 |   91.28 |     0.93 |   0.94
0126 -     86.99 |   91.05 |     0.90 |   0.95
0127 -     25.45 |   24.85 |     0.93 |   0.97
0128 -     89.85 |   34.41 |     0.88 |   0.91
0129 -     84.40 |   84.62 |     0.89 |   0.83
0130 -      0.00 |    0.00 |     0.90 |   0.91
0131 -      0.00 |   98.44 |     0.96 |   0.99
0132 -     40.64 |   70.76 |     0.87 |   0.94
0133 -     50.98 |   50.98 |     0.88 |   0.93
0134 -     12.30 |   91.96 |     0.91 |   0.96
0135 -     51.01 |   86.40 |     0.90 |   0.91
0136 -      0.00 |    0.00 |     0.77 |   0.92
0137 -     28.39 |  100.00 |     0.99 |   1.00
0138 -      0.00 |    0.00 |     0.90 |   0.97
0139 -      0.00 |   84.24 |     0.94 |   0.97
0140 -     33.78 |   54.75 |     0.90 |   1.00
0141 -      0.00 |    0.00 |     0.90 |   0.88
0142 -      0.00 |   11.30 |     0.96 |   0.97
0143 -     36.52 |   88.72 |     0.96 |   0.98
0144 -     18.95 |    6.53 |     0.94 |   0.95
0145 -      0.00 |    0.00 |     0.53 |   0.51
0146 -      0.00 |    0.00 |     0.90 |   0.96
0147 -     77.79 |   82.10 |     0.90 |   0.91
0148 -     10.34 |  100.00 |     0.98 |   1.00
0149 -     39.13 |   44.47 |     0.96 |   0.99
0150 -     30.86 |   43.37 |     0.91 |   0.93
0151 -      6.48 |   86.52 |     0.98 |   1.00
0152 -      0.00 |    0.00 |     0.83 |   0.89
0153 -     20.71 |   20.71 |     0.69 |   0.81
0154 -     26.14 |   86.15 |     0.94 |   0.97
0155 -      0.00 |    0.00 |     0.97 |   1.00
0156 -     98.39 |  100.00 |     0.99 |   1.00
0157 -      0.00 |    0.00 |     0.88 |   0.87
0158 -     21.35 |   37.48 |     0.96 |   0.99
0159 -     17.31 |    0.00 |     0.63 |   0.67
0160 -      0.00 |    0.00 |     0.77 |   0.79
0161 -      0.00 |    0.00 |     0.90 |   0.94
0162 -     29.58 |   30.53 |     0.97 |   0.97
0163 -     10.99 |   31.97 |     0.76 |   0.76
0164 -     36.85 |   42.61 |     0.98 |   0.99
0165 -     27.66 |   25.47 |     0.73 |   0.75
0166 -     60.42 |   33.83 |     0.94 |   0.94
0167 -     27.96 |   28.20 |     0.70 |   0.73
0168 -      0.00 |    0.00 |     0.92 |   0.93
0169 -     91.41 |   98.47 |     0.94 |   0.95
0170 -     47.51 |   61.64 |     0.87 |   0.92
0171 -      0.00 |    0.00 |     0.92 |   0.95
0172 -     86.94 |  100.00 |     0.98 |   1.00
0173 -     16.91 |   25.23 |     0.97 |   0.99
0174 -     48.45 |   77.70 |     0.86 |   0.90
0175 -     21.59 |   23.29 |     0.94 |   0.97
0176 -     79.51 |  100.00 |     0.99 |   1.00
0177 -     76.08 |   76.08 |     0.95 |   0.94
0178 -     79.16 |  100.00 |     0.91 |   1.00
0179 -     52.47 |   49.07 |     1.00 |   0.91
0180 -     47.03 |   48.27 |     0.84 |   0.85
0181 -      0.00 |    0.00 |     0.57 |   0.57
0182 -      0.00 |    0.00 |     0.77 |   0.75
0183 -     73.94 |   92.58 |     0.89 |   0.93
0184 -     92.89 |  100.00 |     0.96 |   1.00
0185 -      0.00 |    0.00 |     0.90 |   0.94
0186 -      0.00 |    0.00 |     0.82 |   0.84
0187 -     21.03 |   74.82 |     0.81 |   0.87
0188 -     82.11 |   89.37 |     0.89 |   0.94
0189 -     36.72 |   27.81 |     0.76 |   0.93
0190 -      0.00 |    0.00 |     0.54 |   0.54
0191 -     32.18 |  100.00 |     0.94 |   1.00
0192 -      0.00 |    0.00 |     0.96 |   1.00
0193 -      0.00 |    0.00 |     0.79 |   0.81
0194 -      0.00 |    0.00 |     0.93 |   0.95
0195 -     70.45 |  100.00 |     0.99 |   1.00
0196 -      0.00 |   80.40 |     0.89 |   0.90
0197 -      0.00 |    0.00 |     0.90 |   0.96
0198 -     56.51 |   56.51 |     0.95 |   0.97
0199 -     92.39 |  100.00 |     0.93 |   1.00
0200 -      0.00 |    0.00 |     0.98 |   1.00
0201 -     38.61 |    0.00 |     0.83 |   0.83
0202 -     33.36 |   32.69 |     0.88 |   0.90
0203 -     77.24 |   83.21 |     0.89 |   0.92
0204 -     20.12 |   99.36 |     0.99 |   0.99
0205 -      0.00 |    0.00 |     0.86 |   0.88
0206 -     26.08 |   31.31 |     0.94 |   0.95
0207 -     86.89 |   95.49 |     0.97 |   0.99
0208 -      0.00 |    0.00 |     0.98 |   0.94
0209 -     75.53 |   85.83 |     0.89 |   0.93
0210 -     53.26 |   27.18 |     0.88 |   0.90
0211 -     77.16 |   13.21 |     0.97 |   1.00
0212 -     30.45 |   95.20 |     0.97 |   0.99
0213 -      9.23 |    9.17 |     0.97 |   0.99
0214 -     75.09 |   26.97 |     0.95 |   0.99
0215 -     50.60 |   59.98 |     0.88 |   0.95
0216 -     74.36 |   79.42 |     0.98 |   0.99
0217 -      0.00 |    0.00 |     0.65 |   0.78
0218 -     51.03 |   63.23 |     0.87 |   0.89
0219 -     37.47 |   92.19 |     0.92 |   0.96
0220 -     50.67 |   53.60 |     0.90 |   0.99
0221 -     74.13 |   90.15 |     0.84 |   0.95
0222 -     77.33 |    9.23 |     0.97 |   0.97
0223 -      0.00 |    0.00 |     0.81 |   0.86
0224 -     88.07 |   92.44 |     0.97 |   0.98
0225 -     42.61 |   98.20 |     0.92 |   0.95
0226 -     91.53 |  100.00 |     0.96 |   1.00
0227 -      0.00 |    6.11 |     0.88 |   0.93
0228 -      6.68 |    6.72 |     0.91 |   0.93
0229 -      0.00 |    0.00 |     0.83 |   0.86
0230 -     68.36 |   61.62 |     0.93 |   0.96
0231 -     89.79 |  100.00 |     0.99 |   1.00
0232 -      0.00 |    0.00 |     0.88 |   0.91
0233 -      0.00 |    0.00 |     0.94 |   0.99
0234 -     12.39 |   12.29 |     0.96 |   0.98
0235 -      0.00 |    0.00 |     0.83 |   0.90
0236 -      0.00 |  100.00 |     0.94 |   1.00
0237 -      0.00 |    0.00 |     0.92 |   0.95
0238 -     65.56 |  100.00 |     0.98 |   1.00
0239 -      0.00 |   40.01 |     0.91 |   0.94
0240 -     11.68 |   59.93 |     0.94 |   0.96
0241 -     40.97 |   82.05 |     0.88 |   0.91
0242 -     49.26 |    8.92 |     0.97 |   0.97
0243 -     67.08 |   87.74 |     0.77 |   0.88
0244 -     26.08 |   99.40 |     0.98 |   1.00
0245 -      0.00 |    0.00 |     0.93 |   0.94
0246 -      0.00 |    0.00 |     0.67 |   0.79
0247 -     96.91 |  100.00 |     0.99 |   1.00
0248 -      0.00 |    0.00 |     0.82 |   0.86
0249 -     25.58 |   24.37 |     0.87 |   0.98
0250 -      0.00 |   15.79 |     0.90 |   0.91
0251 -      0.00 |    0.00 |     0.94 |   1.00
0252 -      0.00 |    0.00 |     0.87 |   0.90
0253 -      4.41 |    0.00 |     0.89 |   0.92
0254 -      5.18 |   66.26 |     0.91 |   0.94
0255 -     85.86 |   89.92 |     0.92 |   0.95
0256 -     14.91 |  100.00 |     0.98 |   1.00
0257 -      0.00 |    0.00 |     0.69 |   0.69
0258 -      0.00 |    0.00 |     0.86 |   0.91
0259 -     43.13 |   40.04 |     0.86 |   0.92
0260 -     78.85 |   96.50 |     0.68 |   0.81
0261 -     82.71 |   98.22 |     0.81 |   0.91
0262 -      5.70 |    0.00 |     0.88 |   0.87
0263 -     82.21 |   81.61 |     0.82 |   0.97
0264 -     86.48 |  100.00 |     0.90 |   1.00
0265 -     87.61 |  100.00 |     0.94 |   1.00
0266 -     67.92 |   92.37 |     0.92 |   0.97
0267 -      0.00 |    0.00 |     0.97 |   0.99
0268 -     42.08 |   41.62 |     0.90 |   0.97
0269 -      0.00 |    0.00 |     0.96 |   0.96
0270 -     46.35 |  100.00 |     0.96 |   1.00
0271 -     17.86 |   97.47 |     0.98 |   1.00
0272 -      0.00 |    0.00 |     0.27 |   0.26
0273 -      8.52 |   22.03 |     0.87 |   0.93
0274 -     10.29 |   10.66 |     0.91 |   0.92
0275 -     92.53 |  100.00 |     1.00 |   1.00
0276 -     29.09 |   29.22 |     0.95 |   0.96
0277 -     74.80 |   74.93 |     0.98 |   1.00
0278 -     74.84 |   82.14 |     0.85 |   0.94
0279 -     70.20 |   80.23 |     0.85 |   0.87
0280 -     50.62 |   68.67 |     0.95 |   0.96
0281 -      0.00 |    0.00 |     0.92 |   0.94
0282 -     17.26 |   54.95 |     0.86 |   0.87
0283 -    100.00 |   53.61 |     1.00 |   0.98
0284 -     74.76 |   82.70 |     0.95 |   0.97
0285 -     21.18 |   17.15 |     0.88 |   0.88
0286 -     64.16 |   62.94 |     0.74 |   0.76
0287 -     42.22 |   90.90 |     0.89 |   0.91
0288 -      0.00 |   53.25 |     0.97 |   0.97
0289 -     15.78 |    0.00 |     0.90 |   0.92
0290 -     64.98 |   90.32 |     0.95 |   0.97
0291 -     62.20 |  100.00 |     0.87 |   1.00
0292 -      9.65 |    0.00 |     0.73 |   0.73
0293 -     58.35 |   75.04 |     0.95 |   0.99
0294 -      0.00 |    0.00 |     0.89 |   0.91
0295 -     10.47 |   25.28 |     0.71 |   0.84
0296 -     94.69 |   98.65 |     0.95 |   0.96
0297 -      9.84 |   10.28 |     0.92 |   0.93
0298 -      0.00 |    0.00 |     0.90 |   0.92
0299 -     21.82 |   81.72 |     0.93 |   0.94
0300 -     30.49 |   13.95 |     0.93 |   0.95
0301 -     75.85 |   89.10 |     0.87 |   0.95
0302 -     28.43 |   79.55 |     0.94 |   0.95
0303 -     51.40 |   45.42 |     0.94 |   0.99
0304 -      0.00 |    0.00 |     0.57 |   0.61
0305 -     25.61 |   24.50 |     0.95 |   0.96
0306 -      0.00 |    0.00 |     0.87 |   0.89
0307 -     27.39 |  100.00 |     0.93 |   1.00
0308 -      0.00 |    0.00 |     0.78 |   0.78
0309 -     39.88 |   54.19 |     0.83 |   0.85
0310 -     35.42 |   37.91 |     0.94 |   0.99
0311 -     70.57 |   98.75 |     0.95 |   0.96
0312 -      0.00 |    0.00 |     0.93 |   0.94
0313 -     87.52 |   99.15 |     0.87 |   0.95
0314 -      0.00 |    0.00 |     0.81 |   0.85
0315 -     85.16 |  100.00 |     0.97 |   1.00
0316 -     96.98 |   98.97 |     0.99 |   1.00
0317 -      0.00 |    0.00 |     0.91 |   0.92
0318 -     15.32 |   15.32 |     0.85 |   0.98
0319 -     47.90 |   48.78 |     0.96 |   0.99
0320 -      0.00 |   24.78 |     0.90 |   0.93
0321 -     55.47 |   80.39 |     0.93 |   0.94
0322 -     41.44 |   41.60 |     0.95 |   0.96
0323 -     12.04 |   11.88 |     0.92 |   0.93
0324 -      0.00 |   63.16 |     0.80 |   0.89
0325 -      0.00 |    0.00 |     0.80 |   0.91
0326 -     35.86 |   35.86 |     0.96 |   0.98
0327 -     92.88 |   98.94 |     0.97 |   0.99
0328 -     14.00 |  100.00 |     1.00 |   1.00
0329 -     19.06 |   16.91 |     0.78 |   0.82
0330 -     47.88 |   47.88 |     0.90 |   1.00
0331 -     22.02 |   35.61 |     0.84 |   0.88
0332 -     62.28 |   53.66 |     0.99 |   0.95
0333 -      6.04 |    6.22 |     0.95 |   1.00
0334 -      0.00 |   19.89 |     0.93 |   0.96
0335 -     13.96 |   13.96 |     0.75 |   0.74
0336 -     59.25 |   98.39 |     0.88 |   0.96
0337 -     20.54 |   33.56 |     0.94 |   0.95
0338 -      0.00 |   83.18 |     0.91 |   0.90
0339 -     22.51 |  100.00 |     0.97 |   1.00
0340 -     12.96 |   20.18 |     0.93 |   0.93
0341 -      0.00 |    0.00 |     0.82 |   0.83
0342 -      0.00 |    0.00 |     0.73 |   0.77
0343 -      5.27 |    5.73 |     0.93 |   0.94
0344 -     43.95 |   78.85 |     0.88 |   0.90
0345 -     92.10 |   99.15 |     0.96 |   0.98
0346 -      0.00 |    0.00 |     0.81 |   0.81
0347 -      0.00 |   16.87 |     0.71 |   0.71
0348 -     15.66 |   15.09 |     0.95 |   0.97
0349 -    100.00 |   72.74 |     1.00 |   0.98
0350 -     45.52 |  100.00 |     0.95 |   1.00
0351 -      0.00 |    0.00 |     0.96 |   0.98
0352 -     84.54 |  100.00 |     0.87 |   1.00
0353 -     64.12 |   63.59 |     0.94 |   0.95
0354 -     15.02 |   14.07 |     0.93 |   0.93
0355 -     85.36 |   97.18 |     0.94 |   0.95
0356 -     10.30 |   13.86 |     0.92 |   0.92
0357 -     81.18 |  100.00 |     0.98 |   1.00
0358 -     73.84 |  100.00 |     0.92 |   1.00
0359 -     33.55 |   38.87 |     0.97 |   0.99
0360 -     86.54 |   99.31 |     0.94 |   1.00
0361 -      0.00 |    0.00 |     0.79 |   0.79
0362 -     21.33 |    0.00 |     0.98 |   1.00
0363 -      7.01 |   74.16 |     0.86 |   0.89
0364 -     70.31 |   71.50 |     0.89 |   0.95
0365 -     35.06 |   37.45 |     0.96 |   0.98
0366 -     54.60 |   69.08 |     0.53 |   0.61
0367 -     27.84 |   27.89 |     0.96 |   0.99
0368 -      0.00 |    0.00 |     0.81 |   0.86
0369 -     63.77 |   88.50 |     0.93 |   0.94
0370 -     55.85 |   62.08 |     0.92 |   0.94
0371 -     19.33 |   88.89 |     0.97 |   0.99
0372 -     56.13 |   46.72 |     0.98 |   0.98
0373 -     79.66 |   83.27 |     0.94 |   0.98
0374 -      0.00 |   42.83 |     0.95 |   0.97
0375 -     91.28 |  100.00 |     0.91 |   1.00
0376 -      0.00 |    0.00 |     0.93 |   0.96
0377 -     39.18 |   39.01 |     0.87 |   0.90
0378 -     23.36 |   50.52 |     0.70 |   0.77
0379 -     11.90 |   11.84 |     0.91 |   0.94
0380 -      0.00 |    0.00 |     0.92 |   0.93
0381 -      0.00 |    0.00 |     0.81 |   0.82
0382 -     72.62 |   69.24 |     0.95 |   0.91
0383 -     27.32 |   35.02 |     0.94 |   0.99
0384 -     14.35 |   94.72 |     0.96 |   0.99
0385 -     22.40 |   14.30 |     0.91 |   0.93
0386 -     14.17 |   13.31 |     0.72 |   0.73
0387 -     87.35 |   35.00 |     0.92 |   0.93
0388 -     23.70 |   99.32 |     0.96 |   0.98
0389 -     91.37 |  100.00 |     0.95 |   1.00
0390 -     60.80 |   16.37 |     0.73 |   0.73
0391 -      0.00 |    0.00 |     0.27 |   0.30
0392 -      5.84 |    5.54 |     0.92 |   0.94
0393 -     11.81 |   60.47 |     0.87 |   0.85
0394 -      0.00 |    0.00 |     0.93 |   0.95
0395 -     85.20 |   96.61 |     0.99 |   1.00
0396 -     23.76 |   23.76 |     0.91 |   0.92
0397 -     14.28 |   19.86 |     0.73 |   0.76
0398 -     23.82 |   52.55 |     0.92 |   0.94
0399 -     42.86 |  100.00 |     0.96 |   1.00
0400 -      0.00 |    0.00 |     0.84 |   0.84
0401 -      7.96 |    7.96 |     0.94 |   0.96
0402 -     35.33 |   99.04 |     0.97 |   0.98
0403 -     66.07 |    0.00 |     0.96 |   0.99
0404 -     46.66 |   52.51 |     0.84 |   0.85
0405 -     67.64 |   85.30 |     0.89 |   0.91
0406 -     53.37 |   57.27 |     0.92 |   0.96
0407 -     52.00 |   51.55 |     0.94 |   0.97
0408 -      0.00 |    0.00 |     0.98 |   0.99
0409 -      0.00 |    0.00 |     0.85 |   0.87
0410 -     81.14 |   88.77 |     0.96 |   0.99
0411 -      0.00 |    0.00 |     0.94 |   0.92
0412 -      0.00 |    0.00 |     0.66 |   0.69
0413 -      0.00 |    0.00 |     0.87 |   0.88
0414 -      0.00 |    0.00 |     0.85 |   0.87
0415 -     62.03 |   49.39 |     0.94 |   0.96
0416 -     42.26 |   42.26 |     0.93 |   0.96
0417 -      0.00 |    0.00 |     0.94 |   0.98
0418 -     30.76 |   30.88 |     0.94 |   0.96
0419 -      0.00 |    0.00 |     0.93 |   0.93
0420 -      0.00 |    0.00 |     0.81 |   0.89
0421 -      0.00 |    0.00 |     0.87 |   0.90
0422 -      0.00 |    0.00 |     0.99 |   0.99
0423 -      0.00 |    0.00 |     0.71 |   0.73
0424 -      0.00 |    0.00 |     0.96 |   0.98
0425 -      0.00 |    7.81 |     0.95 |   0.96
0426 -      0.00 |    0.00 |     0.67 |   0.63
0427 -     84.54 |   94.62 |     0.93 |   0.96
0428 -     60.00 |   57.26 |     0.91 |   0.93
0429 -      5.51 |    5.51 |     0.96 |   1.00
0430 -     87.69 |  100.00 |     0.94 |   1.00
0431 -     56.86 |   91.65 |     0.92 |   0.94
0432 -     94.31 |   99.39 |     0.99 |   1.00
0433 -     27.46 |   27.18 |     0.94 |   0.95
0434 -     59.76 |   87.72 |     0.94 |   0.98
0435 -     36.15 |   87.70 |     0.96 |   0.98
0436 -      7.76 |   98.48 |     0.98 |   1.00
0437 -      6.30 |    5.32 |     0.81 |   0.83
0438 -     75.42 |   79.33 |     0.91 |   0.92
0439 -      0.00 |    0.00 |     0.63 |   0.64
0440 -      0.00 |    0.00 |     0.88 |   0.89
0441 -     87.35 |   94.41 |     0.96 |   0.97
0442 -     20.89 |   46.79 |     0.96 |   0.98
0443 -     47.40 |  100.00 |     0.74 |   0.80
0444 -      7.52 |    0.00 |     0.81 |   0.83
0445 -     86.13 |  100.00 |     0.91 |   1.00
0446 -     44.30 |   75.22 |     0.99 |   1.00
0447 -     46.61 |  100.00 |     0.90 |   1.00
0448 -     93.71 |  100.00 |     0.99 |   1.00
0449 -     67.93 |  100.00 |     0.96 |   1.00
0450 -     92.89 |  100.00 |     1.00 |   1.00
0451 -     27.20 |   33.45 |     0.98 |   1.00
0452 -     94.94 |   94.94 |     0.98 |   0.99
0453 -     23.57 |   10.61 |     0.93 |   0.96
0454 -     90.82 |   93.23 |     0.96 |   0.99
0455 -      0.00 |    0.00 |     0.73 |   0.73
0456 -      0.00 |    0.00 |     0.86 |   0.88
0457 -      0.00 |    0.00 |     0.91 |   0.97
0458 -     23.02 |   83.65 |     1.00 |   1.00
0459 -     34.35 |   46.18 |     0.84 |   0.93
0460 -     34.72 |   99.15 |     0.99 |   0.99
0461 -     52.92 |   81.28 |     0.80 |   0.86
0462 -     65.60 |   98.93 |     0.95 |   0.97
0463 -     22.27 |  100.00 |     0.95 |   1.00
0464 -      0.00 |   27.54 |     0.68 |   0.73
0465 -     87.30 |   88.02 |     0.94 |   0.95
0466 -     17.08 |   30.24 |     0.84 |   0.94
0467 -     11.44 |   22.73 |     0.95 |   0.96
0468 -     13.75 |   25.90 |     0.77 |   0.92
0469 -     79.93 |  100.00 |     0.89 |   1.00
0470 -      0.00 |    0.00 |     0.95 |   1.00
0471 -     18.53 |   98.49 |     0.98 |   0.99
0472 -     50.90 |   58.67 |     0.93 |   0.95
0473 -     19.06 |  100.00 |     0.94 |   1.00
0474 -      4.61 |    4.76 |     0.91 |   0.97
0475 -     40.61 |   79.69 |     0.97 |   0.97
0476 -     58.75 |   74.25 |     0.85 |   0.88
0477 -      0.00 |    0.00 |     0.70 |   0.69
0478 -      0.00 |    0.00 |     0.90 |   0.90
0479 -      0.00 |    0.00 |     0.82 |   0.79
0480 -     31.23 |   30.19 |     0.83 |   0.89
0481 -     35.97 |  100.00 |     0.98 |   1.00
0482 -      0.00 |    0.00 |     0.77 |   0.83
0483 -     12.70 |   60.01 |     0.95 |   0.97
0484 -      0.00 |    0.00 |     0.91 |   0.92
0485 -      0.00 |    0.00 |     0.74 |   0.84
0486 -      0.00 |    0.00 |     0.91 |   0.93
0487 -     13.75 |    9.30 |     0.89 |   0.89
0488 -      0.00 |  100.00 |     0.97 |   1.00
0489 -      0.00 |    0.00 |     0.93 |   0.95
0490 -     57.31 |   87.76 |     0.91 |   0.94
0491 -     36.21 |   66.26 |     0.93 |   0.94
0492 -      0.00 |   10.09 |     0.96 |   0.98
0493 -      0.00 |    0.00 |     0.55 |   0.58
0494 -     56.42 |  100.00 |     0.97 |   1.00
0495 -      0.00 |    0.00 |     0.92 |   0.93
0496 -      0.00 |   70.81 |     0.72 |   0.81
0497 -     31.46 |   34.49 |     0.96 |   0.99
0498 -      0.00 |    0.00 |     0.84 |   0.91
0499 -     58.02 |   24.81 |     0.97 |   1.00
0500 -     57.91 |   56.02 |     0.96 |   0.97
0501 -      0.00 |   15.32 |     0.90 |   0.91
0502 -     20.52 |   21.01 |     0.92 |   0.96
0503 -     24.41 |   35.56 |     0.78 |   0.90
0504 -    100.00 |   93.35 |     1.00 |   0.96
0505 -     43.05 |   42.63 |     0.88 |   0.93
0506 -     89.86 |  100.00 |     0.98 |   1.00
0507 -     14.13 |   95.66 |     0.97 |   0.99
0508 -      0.00 |    0.00 |     0.74 |   0.77
0509 -     21.09 |   19.85 |     0.84 |   0.86
0510 -      0.00 |    0.00 |     0.46 |   0.50
0511 -      0.00 |   24.54 |     0.93 |   0.96
0512 -     91.58 |  100.00 |     0.95 |   1.00
0513 -     76.23 |  100.00 |     0.88 |   1.00
0514 -      0.00 |    0.00 |     0.59 |   0.87
0515 -      0.00 |    0.00 |     0.93 |   0.94
0516 -     82.87 |  100.00 |     0.99 |   1.00
0517 -     65.95 |   65.95 |     0.91 |   0.93
0518 -     50.11 |   99.12 |     0.90 |   0.93
0519 -      0.00 |    0.00 |     0.73 |   0.79
0520 -      0.00 |    5.22 |     0.91 |   0.92
0521 -      0.00 |    0.00 |     0.83 |   0.88
0522 -     68.44 |   86.72 |     0.94 |   0.95
0523 -      0.00 |    0.00 |     0.86 |   0.92
0524 -      0.00 |    0.00 |     0.77 |   0.78
0525 -     39.54 |    0.00 |     0.57 |   0.60
0526 -     65.45 |   93.65 |     0.94 |   0.99
0527 -     31.59 |   31.59 |     0.83 |   0.83
0528 -     88.44 |   91.96 |     0.92 |   0.95
0529 -     43.85 |   57.55 |     0.84 |   0.84
0530 -      0.00 |    0.00 |     0.97 |   1.00
0531 -     76.78 |   89.09 |     0.82 |   0.89
0532 -      0.00 |   70.99 |     0.93 |   0.96
0533 -     80.82 |   80.82 |     0.93 |   0.99
0534 -      0.00 |    0.00 |     0.97 |   0.97
0535 -      0.00 |    0.00 |     0.80 |   0.79
0536 -      0.00 |    0.00 |     0.77 |   0.84
0537 -     32.49 |   57.62 |     0.71 |   0.92
0538 -      0.00 |    4.50 |     0.96 |   0.98
0539 -      0.00 |    0.00 |     0.85 |   0.84
0540 -     87.31 |   87.31 |     0.92 |   0.91
0541 -      0.00 |    0.00 |     0.92 |   0.85
0542 -     43.03 |  100.00 |     0.99 |   1.00
0543 -      0.00 |   45.08 |     0.95 |   1.00
0544 -      0.00 |    0.00 |     0.10 |   0.08
0545 -     19.27 |   41.89 |     0.94 |   0.97
0546 -     93.01 |  100.00 |     0.97 |   1.00
0547 -     38.34 |   30.55 |     0.89 |   0.95
0548 -     92.65 |   98.71 |     0.97 |   1.00
0549 -     85.82 |  100.00 |     0.96 |   1.00
0550 -      0.00 |    0.00 |     0.96 |   0.97
0551 -     22.76 |  100.00 |     0.90 |   1.00
0552 -     31.03 |  100.00 |     0.98 |   1.00
0553 -     54.79 |  100.00 |     0.95 |   1.00
0554 -     53.50 |   87.65 |     0.90 |   0.92
0555 -     38.30 |   38.30 |     0.97 |   1.00
0556 -      0.00 |  100.00 |     0.96 |   1.00
0557 -     58.24 |   66.05 |     0.93 |   0.94
0558 -     98.13 |  100.00 |     0.99 |   1.00
0559 -     63.49 |   90.47 |     0.93 |   0.95
0560 -      0.00 |    0.00 |     0.83 |   0.88
0561 -      0.00 |    0.00 |     0.90 |   0.91
0562 -      0.00 |    0.00 |     0.80 |   0.87
0563 -      0.00 |    0.00 |     0.87 |   0.91
0564 -     39.71 |   98.97 |     0.95 |   0.98
0565 -     84.70 |  100.00 |     0.99 |   1.00
0566 -     25.96 |   14.28 |     0.98 |   0.97
0567 -     43.25 |  100.00 |     0.95 |   1.00
0568 -     84.53 |   91.63 |     0.94 |   0.95
0569 -      0.00 |    0.00 |     0.93 |   0.94
0570 -     88.54 |   91.15 |     0.94 |   0.96
0571 -     87.95 |   36.80 |     0.94 |   0.95
0572 -     28.21 |   27.92 |     0.83 |   0.84
0573 -     43.39 |   36.77 |     0.95 |   0.96
0574 -      0.00 |    0.00 |     0.53 |   0.57
0575 -     11.86 |   10.81 |     0.94 |   0.97
0576 -     70.56 |   80.79 |     0.97 |   0.99
0577 -     15.15 |   87.53 |     0.92 |   0.96
0578 -      5.56 |    0.00 |     0.86 |   0.86
0579 -      0.00 |    0.00 |     0.82 |   0.83
0580 -     36.14 |   36.99 |     0.70 |   0.83
0581 -      0.00 |    0.00 |     0.99 |   1.00
0582 -     90.68 |  100.00 |     0.98 |   1.00
0583 -     33.86 |  100.00 |     0.96 |   1.00
0584 -      4.41 |   13.59 |     0.82 |   0.84
0585 -     25.88 |   13.48 |     0.88 |   0.91
0586 -     19.18 |   17.70 |     0.86 |   0.89
0587 -     53.03 |   87.00 |     0.88 |   0.90
0588 -     23.82 |   92.75 |     0.97 |   0.99
0589 -      0.00 |   30.73 |     0.83 |   0.95
0590 -      0.00 |    0.00 |     0.96 |   0.99
0591 -     43.80 |   27.91 |     0.95 |   0.96
0592 -     89.76 |   95.54 |     0.95 |   0.96
0593 -     16.84 |   98.35 |     0.94 |   1.00
0594 -      0.00 |    0.00 |     0.91 |   0.93
0595 -     11.53 |   11.30 |     0.80 |   0.85
0596 -      0.00 |    0.00 |     0.71 |   0.76
0597 -      0.00 |    0.00 |     0.84 |   0.84
0598 -      8.21 |    8.95 |     0.93 |   0.96
0599 -      7.01 |  100.00 |     0.98 |   1.00
0600 -     15.38 |    5.56 |     0.67 |   0.71
0601 -      0.00 |    7.70 |     0.93 |   0.99
0602 -     85.19 |   92.81 |     0.98 |   0.99
0603 -      5.22 |    5.22 |     0.89 |   0.92
0604 -      0.00 |    0.00 |     0.93 |   0.95
0605 -     17.76 |   17.30 |     0.91 |   0.94
0606 -     45.75 |   45.00 |     0.98 |   1.00
0607 -      0.00 |    0.00 |     0.91 |   0.96
0608 -     40.83 |   53.60 |     0.94 |   0.96
0609 -     16.46 |   16.75 |     0.94 |   0.95
0610 -     11.89 |   23.69 |     0.90 |   0.95
0611 -      0.00 |    0.00 |     0.69 |   0.66
0612 -      0.00 |    0.00 |     0.98 |   1.00
0613 -      7.07 |    0.00 |     0.82 |   0.83
0614 -     85.33 |  100.00 |     0.97 |   1.00
0615 -     53.01 |   53.16 |     0.85 |   0.85
0616 -      0.00 |    0.00 |     0.86 |   0.85
0617 -     10.32 |   10.34 |     0.72 |   0.84
0618 -     76.60 |  100.00 |     0.99 |   1.00
0619 -     73.55 |   43.30 |     0.89 |   0.92
0620 -     83.51 |   93.12 |     0.93 |   0.99
0621 -      0.00 |    0.00 |     0.89 |   0.91
0622 -      0.00 |    0.00 |     0.85 |   0.87
0623 -      0.00 |    0.00 |     0.91 |   0.92
0624 -     81.93 |   81.93 |     0.99 |   1.00
0625 -     73.46 |   73.46 |     0.99 |   1.00
0626 -      0.00 |    0.00 |     0.82 |   0.87
0627 -     87.26 |   12.12 |     0.80 |   0.85
0628 -     59.04 |   71.40 |     0.96 |   0.99
0629 -      0.00 |    0.00 |     0.92 |   0.92
0630 -     27.17 |   96.13 |     0.94 |   0.99
0631 -     82.65 |   85.10 |     0.97 |   0.98
0632 -     66.45 |   72.19 |     0.91 |   0.93
0633 -     37.66 |   47.20 |     0.96 |   0.97
0634 -      0.00 |    0.00 |     0.74 |   0.77
0635 -     56.07 |   62.49 |     0.92 |   0.96
0636 -     18.38 |   95.72 |     0.98 |   0.99
0637 -      0.00 |    0.00 |     0.90 |   0.91
0638 -     72.19 |   38.75 |     0.91 |   0.92
0639 -      0.00 |    0.00 |     0.94 |   0.96
0640 -     12.06 |   12.43 |     0.89 |   0.98
0641 -     46.72 |   65.94 |     0.90 |   0.94
0642 -     47.57 |   48.67 |     0.85 |   0.88
0643 -     21.05 |   20.93 |     0.91 |   0.94
0644 -      0.00 |    0.00 |     0.89 |   0.89
0645 -     15.57 |   75.44 |     0.93 |   0.96
0646 -      0.00 |    0.00 |     0.93 |   0.94
0647 -      0.00 |    0.00 |     0.83 |   0.85
0648 -      0.00 |    0.00 |     0.91 |   0.94
0649 -      5.33 |    5.46 |     0.87 |   0.89
0650 -      0.00 |    0.00 |     0.72 |   0.75
0651 -     92.50 |  100.00 |     0.98 |   1.00
0652 -     84.59 |   85.06 |     0.96 |   0.99
0653 -      0.00 |  100.00 |     0.94 |   1.00
0654 -     16.14 |   54.54 |     0.93 |   0.94
0655 -     80.28 |   67.29 |     0.96 |   0.99
0656 -      0.00 |    0.00 |     0.79 |   0.81
0657 -      0.00 |    0.00 |     0.79 |   0.86
0658 -     40.77 |   41.75 |     0.81 |   0.87
0659 -      0.00 |    0.00 |     0.81 |   0.86
0660 -      0.00 |   75.64 |     0.80 |   0.90
0661 -     92.59 |  100.00 |     0.97 |   1.00
0662 -     26.46 |  100.00 |     0.97 |   1.00
0663 -     59.00 |   63.14 |     0.97 |   1.00
0664 -      0.00 |    0.00 |     0.69 |   0.70
0665 -     20.17 |   22.91 |     0.77 |   1.00
0666 -     77.96 |   86.33 |     0.96 |   0.97
0667 -      0.00 |    0.00 |     0.89 |   0.89
0668 -      0.00 |    0.00 |     0.87 |   0.90
0669 -     68.42 |   82.21 |     0.88 |   0.97
0670 -     12.14 |   12.42 |     0.87 |   0.91
0671 -     78.93 |   94.31 |     0.82 |   0.93
0672 -      0.00 |    0.00 |     0.88 |   0.94
0673 -     90.56 |   28.92 |     0.98 |   1.00
0674 -      0.00 |    8.92 |     0.74 |   0.82
0675 -     11.37 |   11.67 |     0.97 |   0.98
0676 -     44.25 |   50.86 |     0.96 |   0.99
0677 -     27.28 |   27.35 |     0.94 |   0.95
0678 -     67.78 |   98.77 |     0.91 |   0.93
0679 -      9.38 |    9.38 |     0.96 |   0.98
0680 -     42.90 |  100.00 |     0.93 |   1.00
0681 -      0.00 |    0.00 |     0.67 |   0.88
0682 -      5.20 |    5.20 |     0.85 |   0.88
0683 -      0.00 |    0.00 |     0.77 |   0.82
0684 -      0.00 |   47.94 |     0.70 |   0.72
0685 -      0.00 |    0.00 |     0.54 |   0.55
0686 -      0.00 |    0.00 |     0.48 |   0.56
0687 -      0.00 |    0.00 |     0.92 |   0.95
0688 -     78.22 |   80.68 |     0.94 |   0.99
0689 -     77.47 |   77.34 |     0.98 |   1.00
0690 -     53.60 |   27.18 |     0.90 |   0.89
0691 -     94.40 |  100.00 |     0.98 |   1.00
0692 -     76.23 |   19.85 |     0.95 |   0.95
0693 -      0.00 |    0.00 |     0.88 |   0.91
0694 -     14.28 |   14.10 |     0.91 |   0.93
0695 -     25.18 |   49.25 |     0.96 |   0.97
0696 -     64.95 |   26.98 |     0.99 |   1.00
0697 -      0.00 |   12.18 |     0.91 |   0.91
0698 -     38.14 |   46.24 |     0.74 |   0.73
0699 -      0.00 |    0.00 |     0.64 |   0.77
0700 -     84.89 |   89.43 |     0.93 |   0.95
0701 -      0.00 |    0.00 |     0.66 |   0.71
0702 -     79.15 |  100.00 |     0.97 |   1.00
0703 -     14.46 |   14.33 |     0.62 |   0.69
0704 -      0.00 |    0.00 |     0.95 |   0.98
0705 -      0.00 |    0.00 |     0.83 |   0.89
0706 -      0.00 |    0.00 |     0.95 |   0.98
0707 -     87.14 |  100.00 |     0.98 |   1.00
0708 -     14.07 |   14.07 |     0.89 |   1.00
0709 -     75.58 |   91.97 |     0.65 |   0.89
0710 -     26.47 |   62.54 |     0.96 |   0.97
0711 -     71.35 |  100.00 |     0.94 |   1.00
0712 -     75.31 |   88.63 |     0.96 |   0.98
0713 -      0.00 |    0.00 |     0.79 |   0.82
0714 -     14.42 |  100.00 |     0.98 |   1.00
0715 -      0.00 |    0.00 |     0.66 |   0.66
0716 -     92.35 |  100.00 |     0.93 |   1.00
0717 -     65.41 |  100.00 |     0.83 |   1.00
0718 -     43.03 |   89.93 |     0.97 |   0.98
0719 -      0.00 |    0.00 |     0.90 |   0.91
0720 -      6.76 |    6.76 |     0.84 |   0.85
0721 -     68.38 |   71.86 |     0.94 |   0.97
0722 -     95.83 |  100.00 |     0.97 |   1.00
0723 -     18.49 |   19.56 |     0.88 |   0.92
0724 -      0.00 |    0.00 |     0.80 |   0.80
0725 -    100.00 |   54.13 |     1.00 |   0.98
0726 -      0.00 |    0.00 |     0.94 |   0.95
0727 -      0.00 |    0.00 |     0.92 |   0.94
0728 -     14.71 |   13.95 |     0.94 |   0.96
0729 -      0.00 |    0.00 |     0.94 |   0.97
0730 -      0.00 |   88.24 |     0.90 |   0.92
0731 -     19.41 |   79.29 |     0.82 |   0.86
0732 -      0.00 |    0.00 |     0.89 |   0.87
0733 -      4.14 |    4.34 |     0.98 |   0.98
0734 -     42.05 |   64.26 |     0.95 |   0.96
0735 -      0.00 |    0.00 |     0.90 |   0.92
0736 -     39.95 |   40.24 |     0.98 |   0.99
0737 -     75.45 |   93.62 |     0.96 |   0.98
0738 -     45.28 |   44.98 |     0.83 |   0.83
0739 -     30.11 |   29.61 |     0.87 |   0.91
0740 -     10.30 |   10.51 |     0.79 |   0.79
0741 -     86.24 |  100.00 |     0.90 |   1.00
0742 -     49.92 |   54.51 |     0.96 |   0.97
0743 -     40.67 |   44.71 |     0.99 |   0.99
0744 -     36.84 |   64.57 |     0.87 |   0.90
0745 -      0.00 |    0.00 |     0.96 |   0.96
0746 -      0.00 |    0.00 |     0.87 |   0.87
0747 -     18.57 |   10.91 |     0.84 |   0.86
0748 -     84.17 |   80.85 |     0.99 |   0.98
0749 -     96.64 |   98.71 |     0.98 |   1.00
0750 -      6.44 |    0.00 |     0.91 |   0.92
0751 -      0.00 |    0.00 |     0.38 |   0.51
0752 -     83.45 |   91.21 |     0.92 |   0.93
0753 -     66.19 |   73.52 |     0.87 |   0.92
0754 -     35.77 |   16.14 |     0.94 |   0.98
0755 -      0.00 |    0.00 |     0.92 |   0.96
0756 -     83.68 |  100.00 |     0.98 |   1.00
0757 -     47.67 |   23.17 |     0.92 |   0.96
0758 -    100.00 |   84.38 |     1.00 |   0.90
0759 -      5.17 |    5.24 |     0.91 |   0.91
0760 -     30.34 |   29.65 |     0.93 |   1.00
0761 -     77.17 |  100.00 |     0.94 |   1.00
0762 -     49.22 |   54.75 |     0.89 |   0.94
0763 -     11.60 |   11.31 |     0.92 |   0.96
0764 -     85.08 |   88.54 |     0.98 |   0.99
0765 -     78.61 |  100.00 |     0.87 |   1.00
0766 -      0.00 |    0.00 |     0.82 |   0.81
0767 -     93.62 |  100.00 |     0.97 |   1.00
0768 -     58.19 |   93.97 |     0.56 |   0.73
0769 -     64.33 |   36.01 |     0.77 |   0.88
0770 -      0.00 |    0.00 |     0.87 |   0.89
0771 -     47.44 |   83.12 |     0.94 |   0.96
0772 -      0.00 |    0.00 |     0.62 |   0.66
0773 -     63.57 |   58.81 |     0.94 |   0.95
0774 -     19.76 |   83.45 |     0.92 |   0.96
0775 -     34.95 |   60.10 |     0.96 |   0.98
0776 -     81.76 |  100.00 |     0.78 |   1.00
0777 -     47.85 |   50.93 |     0.82 |   1.00
0778 -      0.00 |    0.00 |     0.95 |   0.96
0779 -     76.93 |   30.40 |     0.95 |   0.96
0780 -     42.54 |   45.77 |     0.93 |   0.95
0781 -     16.01 |    0.00 |     0.91 |   0.99
0782 -      0.00 |   87.27 |     0.87 |   0.95
0783 -     39.79 |    0.00 |     0.61 |   0.62
0784 -      0.00 |    0.00 |     0.17 |   0.18
0785 -      0.00 |    0.00 |     0.57 |   0.56
0786 -     86.86 |   93.49 |     0.94 |   0.97
0787 -     21.47 |   21.47 |     0.95 |   0.98
0788 -      0.00 |    4.88 |     0.77 |   0.78
0789 -      0.00 |    0.00 |     0.91 |   0.98
0790 -      0.00 |    0.00 |     0.95 |   0.98
0791 -     17.64 |   98.83 |     0.97 |   0.97
0792 -     24.26 |   24.83 |     0.64 |   0.74
0793 -     28.09 |    0.00 |     0.95 |   0.96
0794 -     36.91 |  100.00 |     0.96 |   1.00
0795 -     94.56 |  100.00 |     0.97 |   1.00
0796 -      7.64 |    7.64 |     0.81 |   0.91
0797 -      0.00 |    0.00 |     0.74 |   0.75
0798 -     25.12 |  100.00 |     0.97 |   1.00
0799 -     63.32 |   63.47 |     0.96 |   0.99
0800 -      0.00 |    0.00 |     0.83 |   0.90
0801 -      0.00 |    0.00 |     0.82 |   0.82
0802 -     20.62 |   20.62 |     0.82 |   0.85
0803 -     90.78 |  100.00 |     0.98 |   1.00
0804 -     26.62 |   25.33 |     0.91 |   0.93
0805 -      0.00 |    0.00 |     0.93 |   0.94
0806 -     86.85 |  100.00 |     0.96 |   1.00
0807 -     36.97 |   33.39 |     0.78 |   0.84
0808 -     78.49 |    0.00 |     0.94 |   0.95
0809 -      6.00 |    5.96 |     0.94 |   1.00
0810 -     22.56 |   21.91 |     0.89 |   0.89
0811 -      0.00 |    0.00 |     0.93 |   0.95
0812 -      0.00 |    0.00 |     0.85 |   0.88
0813 -      0.00 |    0.00 |     0.65 |   0.66
0814 -     66.01 |   86.07 |     0.85 |   0.90
0815 -     55.44 |    0.00 |     0.90 |   0.98
0816 -      0.00 |    0.00 |     0.96 |   0.99
0817 -     22.94 |   53.85 |     0.91 |   0.89
0818 -     17.92 |   19.57 |     0.84 |   0.84
0819 -      8.84 |    6.62 |     0.91 |   0.95
0820 -     32.70 |   45.76 |     0.77 |   0.82
0821 -     36.97 |  100.00 |     0.96 |   1.00
0822 -     25.06 |   24.95 |     0.98 |   0.99
0823 -     43.98 |   90.45 |     0.98 |   0.98
0824 -      0.00 |    0.00 |     0.98 |   0.99
0825 -     19.77 |   80.35 |     0.89 |   0.90
0826 -      0.00 |   20.25 |     0.68 |   0.78
0827 -      0.00 |    0.00 |     0.97 |   0.99
0828 -      0.00 |    0.00 |     0.85 |   0.88
0829 -     27.12 |  100.00 |     0.98 |   1.00
0830 -     56.05 |  100.00 |     0.99 |   1.00
0831 -     28.44 |   44.09 |     0.72 |   0.79
0832 -     36.11 |   34.43 |     0.86 |   0.90
==============================================
