==============================================
BLEU GOLD:                               20.80
BLEU IN:                                 34.70
SIM GOLD:                               0.8180
SIM IN:                                 0.8918
==============================================
       BLEU GOLD | BLEU IN | SIM GOLD | SIM IN
0001 -     52.16 |   63.52 |     0.85 |   0.89
0002 -     27.99 |   26.33 |     0.91 |   0.93
0003 -      0.00 |    0.00 |     0.76 |   0.95
0004 -     37.27 |   91.67 |     0.84 |   0.95
0005 -     25.15 |   22.32 |     0.91 |   0.90
0006 -     19.69 |    0.00 |     0.84 |   0.95
0007 -     32.92 |   16.26 |     0.85 |   0.89
0008 -      0.00 |   42.43 |     0.54 |   0.68
0009 -      0.00 |    0.00 |     0.48 |   0.63
0010 -      9.67 |   92.18 |     0.98 |   1.00
0011 -     98.94 |  100.00 |     0.87 |   1.00
0012 -     19.23 |   17.34 |     0.94 |   0.99
0013 -      0.00 |    0.00 |     0.93 |   0.97
0014 -      0.00 |    0.00 |     0.71 |   0.89
0015 -     78.47 |   74.84 |     0.96 |   0.92
0016 -      6.04 |    6.12 |     0.77 |   0.91
0017 -      0.00 |   82.26 |     0.59 |   0.97
0018 -      0.00 |    0.00 |     0.86 |   0.94
0019 -      0.00 |    0.00 |     0.93 |   0.97
0020 -     48.15 |   43.98 |     0.85 |   1.00
0021 -     36.37 |   39.02 |     0.93 |   0.97
0022 -      0.00 |    0.00 |     0.67 |   0.74
0023 -      0.00 |   94.09 |     0.86 |   0.93
0024 -     74.87 |   91.39 |     0.96 |   0.98
0025 -     11.59 |   13.94 |     0.69 |   0.77
0026 -     31.68 |   31.68 |     0.97 |   0.97
0027 -     10.28 |    6.68 |     0.87 |   0.94
0028 -      4.88 |    5.15 |     0.87 |   0.95
0029 -     61.52 |   58.23 |     0.91 |   0.95
0030 -      0.00 |    0.00 |     0.90 |   0.91
0031 -     57.46 |   90.47 |     0.84 |   0.91
0032 -     17.90 |   58.04 |     0.86 |   0.95
0033 -     44.14 |   86.47 |     0.83 |   0.95
0034 -      0.00 |    0.00 |     0.90 |   0.92
0035 -     50.47 |  100.00 |     0.87 |   1.00
0036 -     14.49 |    0.00 |     0.74 |   0.77
0037 -      8.03 |   51.96 |     0.80 |   0.95
0038 -     14.51 |   12.70 |     0.91 |   0.96
0039 -      0.00 |    0.00 |     0.80 |   0.85
0040 -      0.00 |    0.00 |     0.87 |   0.80
0041 -     47.76 |  100.00 |     0.93 |   1.00
0042 -     76.79 |   71.70 |     0.85 |   0.92
0043 -      0.00 |   33.56 |     0.82 |   0.83
0044 -      0.00 |    0.00 |     0.91 |   0.98
0045 -     37.05 |   31.47 |     0.92 |   0.97
0046 -      0.00 |    0.00 |     0.68 |   0.71
0047 -     19.15 |    0.00 |     0.92 |   0.99
0048 -     32.30 |   17.18 |     0.87 |   0.93
0049 -     58.74 |   55.70 |     0.98 |   1.00
0050 -     42.63 |   59.25 |     0.90 |   0.95
0051 -      0.00 |    0.00 |     0.83 |   0.90
0052 -      0.00 |    0.00 |     0.89 |   0.94
0053 -      0.00 |    0.00 |     0.79 |   0.87
0054 -      0.00 |    0.00 |     0.73 |   0.81
0055 -     99.08 |    4.86 |     0.92 |   1.00
0056 -      0.00 |    0.00 |     0.93 |   0.95
0057 -     94.05 |   94.64 |     0.96 |   0.96
0058 -      0.00 |    0.00 |     0.82 |   0.90
0059 -      0.00 |    0.00 |     0.69 |   0.84
0060 -      0.00 |    0.00 |     0.87 |   0.92
0061 -     10.40 |   93.20 |     0.97 |   0.98
0062 -     48.77 |   48.43 |     0.72 |   0.73
0063 -     26.21 |   92.77 |     0.90 |   0.95
0064 -     21.42 |   31.99 |     0.95 |   0.93
0065 -      5.96 |    5.44 |     0.90 |   0.92
0066 -     43.86 |   96.36 |     0.93 |   0.99
0067 -     63.12 |   95.15 |     0.98 |   0.99
0068 -     74.48 |  100.00 |     0.73 |   1.00
0069 -      0.00 |  100.00 |     0.93 |   1.00
0070 -      0.00 |    0.00 |     0.76 |   0.82
0071 -      5.94 |    0.00 |     0.92 |   0.94
0072 -     71.66 |   87.72 |     0.84 |   0.99
0073 -     36.70 |   30.63 |     0.81 |   0.90
0074 -      0.00 |   16.41 |     0.80 |   0.84
0075 -     10.53 |   11.60 |     0.75 |   0.77
0076 -      0.00 |    0.00 |     0.77 |   0.90
0077 -     30.59 |   50.76 |     0.88 |   0.91
0078 -      0.00 |    0.00 |     0.65 |   0.72
0079 -     20.76 |    7.40 |     0.76 |   0.82
0080 -     59.96 |   94.31 |     0.90 |   0.97
0081 -     67.78 |   80.45 |     0.92 |   0.97
0082 -      0.00 |   97.11 |     0.89 |   0.99
0083 -      0.00 |    0.00 |     0.92 |   0.94
0084 -      0.00 |    0.00 |     0.77 |   0.86
0085 -     27.29 |   62.45 |     0.65 |   0.84
0086 -      0.00 |   99.17 |     0.83 |   0.94
0087 -     79.99 |   97.77 |     0.90 |   1.00
0088 -     28.43 |   25.73 |     0.69 |   0.73
0089 -     17.99 |   16.04 |     0.85 |   0.86
0090 -     27.94 |   30.72 |     0.67 |   0.84
0091 -      0.00 |   47.15 |     0.75 |   0.83
0092 -     53.81 |   47.91 |     0.92 |   0.97
0093 -     12.67 |   28.93 |     0.87 |   1.00
0094 -      3.53 |    4.21 |     0.80 |   0.85
0095 -     94.34 |   96.85 |     0.93 |   0.99
0096 -      0.00 |    0.00 |     0.98 |   0.92
0097 -      0.00 |    0.00 |     0.79 |   0.68
0098 -     14.66 |   32.33 |     0.77 |   0.84
0099 -     49.01 |   50.56 |     0.86 |   0.98
0100 -     34.15 |   51.65 |     0.65 |   0.95
0101 -     39.95 |   99.18 |     0.78 |   0.96
0102 -     49.65 |   34.98 |     0.84 |   0.88
0103 -      0.00 |    0.00 |     0.80 |   0.86
0104 -     49.64 |   98.84 |     0.93 |   0.97
0105 -     12.26 |    9.63 |     0.85 |   0.93
0106 -     68.99 |   75.75 |     0.92 |   0.95
0107 -     24.36 |    0.00 |     0.77 |   0.86
0108 -     45.17 |   97.76 |     0.73 |   0.87
0109 -     48.32 |   39.29 |     0.75 |   0.77
0110 -     10.56 |    0.00 |     0.20 |   0.19
0111 -     20.05 |   21.19 |     0.95 |   1.00
0112 -     50.31 |   43.72 |     0.84 |   0.89
0113 -      8.89 |    8.15 |     0.87 |   0.91
0114 -     36.32 |   54.81 |     0.81 |   0.81
0115 -     66.04 |  100.00 |     0.99 |   1.00
0116 -     55.21 |  100.00 |     0.91 |   1.00
0117 -     18.85 |   62.55 |     0.93 |   0.94
0118 -      0.00 |    0.00 |     0.91 |   0.98
0119 -      0.00 |    0.00 |     0.92 |   1.00
0120 -     30.92 |   23.97 |     0.70 |   0.70
0121 -      0.00 |    0.00 |     0.83 |   0.99
0122 -     21.44 |   20.78 |     0.94 |   0.97
0123 -     26.06 |   98.96 |     0.92 |   0.99
0124 -      0.00 |    0.00 |     0.58 |   0.98
0125 -      0.00 |   18.40 |     0.88 |   0.94
0126 -      0.00 |    0.00 |     0.62 |   0.65
0127 -     35.80 |   40.53 |     0.90 |   0.95
0128 -      6.40 |    0.00 |     0.79 |   0.76
0129 -      9.02 |   12.13 |     0.59 |   0.78
0130 -     14.02 |   18.06 |     0.90 |   0.95
0131 -     85.11 |   78.62 |     0.96 |   0.98
0132 -     46.99 |   78.59 |     0.79 |   0.96
0133 -      0.00 |    0.00 |     0.80 |   0.83
0134 -     58.51 |   75.61 |     0.93 |   0.98
0135 -     23.30 |   18.06 |     0.73 |   0.76
0136 -      0.00 |    0.00 |     0.92 |   0.95
0137 -      0.00 |    0.00 |     0.58 |   0.64
0138 -      0.00 |   39.42 |     0.40 |   0.70
0139 -     58.23 |   97.06 |     0.91 |   0.97
0140 -     11.67 |   10.40 |     0.80 |   0.90
0141 -     29.83 |   23.09 |     0.80 |   0.96
0142 -     56.02 |   93.16 |     0.70 |   0.92
0143 -      0.00 |   29.41 |     0.81 |   0.88
0144 -     29.45 |   30.66 |     0.69 |   0.76
0145 -     31.46 |   99.26 |     0.95 |   0.98
0146 -     57.99 |   69.34 |     0.92 |   0.96
0147 -      4.44 |    0.00 |     0.65 |   0.79
0148 -      0.00 |    0.00 |     0.21 |   0.27
0149 -      0.00 |   38.97 |     0.84 |   0.87
0150 -     30.26 |   57.76 |     0.76 |   0.91
0151 -      0.00 |   18.10 |     0.63 |   0.83
0152 -     14.66 |   13.11 |     0.89 |   0.94
0153 -      0.00 |    0.00 |     0.90 |   0.92
0154 -     12.78 |   89.09 |     0.80 |   1.00
0155 -      0.00 |    0.00 |     0.88 |   0.93
0156 -      0.00 |    0.00 |     0.91 |   0.90
0157 -      0.00 |    8.83 |     0.82 |   1.00
0158 -      0.00 |    0.00 |     0.58 |   0.53
0159 -     43.04 |   11.01 |     0.85 |   0.83
0160 -     16.32 |    0.00 |     0.78 |   0.82
0161 -     72.01 |  100.00 |     0.88 |   1.00
0162 -     16.28 |   23.63 |     0.92 |   0.91
0163 -     35.67 |   34.42 |     0.93 |   0.94
0164 -     19.40 |   58.19 |     0.69 |   0.96
0165 -     39.21 |    7.94 |     0.79 |   0.78
0166 -      7.30 |    0.00 |     0.65 |   0.72
0167 -      0.00 |    0.00 |     0.79 |   0.79
0168 -     23.27 |   20.22 |     0.86 |   0.90
0169 -      0.00 |    0.00 |     0.64 |   0.85
0170 -     42.60 |   56.54 |     0.93 |   0.96
0171 -      0.00 |    0.00 |     0.93 |   0.93
0172 -     45.66 |   53.08 |     0.87 |   0.90
0173 -      0.00 |    0.00 |     0.78 |   0.93
0174 -      0.00 |    0.00 |     0.71 |   0.86
0175 -      0.00 |    0.00 |     0.87 |   0.94
0176 -     15.19 |  100.00 |     0.85 |   1.00
0177 -      0.00 |   18.26 |     0.86 |   0.93
0178 -      0.00 |    0.00 |     0.89 |   0.93
0179 -      0.00 |    0.00 |     0.87 |   0.93
0180 -     37.45 |   72.56 |     0.82 |   0.95
0181 -      0.00 |    0.00 |     0.74 |   0.85
0182 -      9.56 |   68.84 |     0.85 |   0.90
0183 -      0.00 |    0.00 |     0.66 |   0.65
0184 -      0.00 |    0.00 |     0.48 |   0.54
0185 -     33.83 |   98.77 |     0.56 |   0.95
0186 -      0.00 |   41.96 |     0.74 |   0.96
0187 -      0.00 |    0.00 |     0.87 |   0.80
0188 -      0.00 |    0.00 |     0.81 |   0.81
0189 -     13.55 |   16.50 |     0.88 |   0.95
0190 -     19.17 |   20.28 |     0.91 |   0.96
0191 -      0.00 |    0.00 |     0.96 |   0.98
0192 -      0.00 |   34.39 |     0.43 |   0.69
0193 -     67.24 |   97.08 |     0.88 |   1.00
0194 -     19.75 |   18.46 |     0.92 |   0.95
0195 -     29.33 |   27.32 |     0.89 |   0.93
0196 -     32.17 |   15.35 |     0.89 |   0.97
0197 -     96.42 |   99.01 |     0.88 |   1.00
0198 -      0.00 |    0.00 |     0.63 |   0.88
0199 -      0.00 |    0.00 |     0.88 |   0.93
0200 -      0.00 |    0.00 |     0.90 |   0.99
0201 -     29.83 |   28.98 |     0.84 |   0.97
0202 -      0.00 |    0.00 |     0.46 |   0.49
0203 -      0.00 |   99.10 |     0.94 |   0.98
0204 -      0.00 |   19.26 |     0.74 |   0.93
0205 -     92.21 |   97.15 |     0.96 |   0.98
0206 -     12.33 |   55.90 |     0.93 |   0.95
0207 -     39.79 |   38.38 |     0.97 |   0.98
0208 -      0.00 |   76.80 |     0.95 |   0.97
0209 -      8.26 |   25.02 |     0.92 |   0.89
0210 -     33.05 |   66.79 |     0.89 |   0.95
0211 -     11.47 |   91.17 |     0.84 |   0.99
0212 -     34.33 |   36.34 |     0.84 |   0.91
0213 -      0.00 |   15.14 |     0.82 |   0.86
0214 -      0.00 |    0.00 |     0.81 |   0.83
0215 -     33.57 |   34.53 |     0.73 |   0.77
0216 -      8.36 |   15.62 |     0.94 |   0.98
0217 -     16.30 |   47.36 |     0.57 |   0.63
0218 -      0.00 |   98.35 |     0.80 |   0.95
0219 -      7.15 |    0.00 |     0.88 |   0.95
0220 -     77.62 |   38.44 |     0.93 |   0.98
0221 -      0.00 |    0.00 |     0.80 |   0.81
0222 -      0.00 |   33.29 |     0.78 |   0.79
0223 -     56.30 |   54.77 |     0.94 |   0.98
0224 -     20.94 |   14.49 |     0.82 |   0.86
0225 -      0.00 |    0.00 |     0.81 |   0.96
0226 -     28.64 |   28.63 |     0.90 |   0.92
0227 -      7.73 |   99.35 |     0.91 |   0.95
0228 -      0.00 |    0.00 |     0.92 |   0.96
0229 -     49.99 |   97.88 |     0.51 |   1.00
0230 -      0.00 |    0.00 |     0.86 |   0.87
0231 -      0.00 |    6.18 |     0.84 |   0.83
0232 -      0.00 |   31.19 |     0.85 |   0.89
0233 -     43.98 |   75.55 |     0.92 |   0.99
0234 -     65.71 |   76.41 |     0.97 |   0.99
0235 -     27.92 |    0.00 |     0.71 |   0.79
0236 -     29.61 |   73.10 |     0.96 |   0.98
0237 -      8.85 |   98.32 |     0.92 |   0.99
0238 -      0.00 |    0.00 |     0.81 |   0.89
0239 -     49.33 |   41.62 |     0.92 |   0.97
0240 -     45.61 |   63.03 |     0.85 |   0.96
0241 -     17.82 |   98.73 |     0.95 |   0.97
0242 -      0.00 |    0.00 |     0.80 |   0.86
0243 -      0.00 |    0.00 |     0.93 |   0.96
0244 -      0.00 |    0.00 |     0.73 |   0.73
0245 -     57.50 |   82.69 |     0.82 |   0.96
0246 -      0.00 |  100.00 |     0.86 |   1.00
0247 -      0.00 |    0.00 |     0.67 |   0.71
0248 -     95.24 |  100.00 |     0.97 |   1.00
0249 -     19.30 |   69.44 |     0.87 |   0.90
0250 -      0.00 |    0.00 |     0.65 |   0.62
0251 -      0.00 |    0.00 |     0.67 |   0.73
0252 -     24.80 |   75.53 |     0.73 |   0.85
0253 -      0.00 |    0.00 |     0.81 |   0.92
0254 -      0.00 |    0.00 |     0.67 |   0.70
0255 -     27.47 |   67.57 |     0.79 |   0.93
0256 -      0.00 |    0.00 |     0.77 |   0.82
0257 -      0.00 |   14.53 |     0.67 |   0.76
0258 -     44.83 |   91.65 |     0.75 |   0.89
0259 -     36.70 |   23.40 |     0.70 |   0.80
0260 -     69.17 |    0.00 |     0.92 |   0.97
0261 -      0.00 |    0.00 |     0.86 |   0.88
0262 -      0.00 |    0.00 |     0.75 |   0.79
0263 -     36.28 |   93.09 |     0.81 |   0.94
0264 -     20.60 |   74.22 |     0.96 |   0.97
0265 -     37.41 |   82.07 |     0.73 |   0.99
0266 -     18.64 |   17.00 |     0.95 |   0.97
0267 -      0.00 |    0.00 |     0.66 |   0.65
0268 -     66.81 |   95.60 |     0.79 |   1.00
0269 -     44.73 |   94.89 |     0.91 |   0.99
0270 -     75.75 |   75.61 |     0.97 |   0.98
0271 -     22.51 |   24.97 |     0.90 |   0.92
0272 -     33.55 |   98.12 |     0.87 |   1.00
0273 -      0.00 |    0.00 |     0.94 |   0.96
0274 -     16.27 |   16.48 |     0.89 |   0.91
0275 -     51.27 |   37.48 |     0.73 |   0.88
0276 -     10.52 |    0.00 |     0.91 |   0.96
0277 -     46.62 |  100.00 |     0.91 |   1.00
0278 -     24.83 |   23.14 |     0.81 |   0.96
0279 -     42.73 |   37.03 |     0.84 |   0.97
0280 -     90.52 |   81.10 |     0.84 |   0.94
0281 -     92.97 |   99.25 |     0.82 |   0.88
0282 -      0.00 |    0.00 |     0.90 |   0.90
0283 -     43.38 |   89.50 |     0.88 |   1.00
0284 -     23.94 |   93.75 |     0.88 |   0.99
0285 -     64.96 |   70.51 |     0.78 |   0.85
0286 -      0.00 |    0.00 |     0.88 |   0.94
0287 -     64.47 |   52.74 |     0.93 |   0.84
0288 -     18.25 |   18.31 |     0.88 |   0.90
0289 -     39.21 |   51.74 |     0.85 |   0.95
0290 -      0.00 |    0.00 |     0.77 |   0.87
0291 -     32.75 |   39.34 |     0.87 |   0.98
0292 -     55.74 |  100.00 |     0.93 |   1.00
0293 -     39.55 |  100.00 |     0.99 |   1.00
0294 -      0.00 |    0.00 |     0.81 |   0.89
0295 -      0.00 |    0.00 |     0.94 |   0.99
0296 -      0.00 |    0.00 |     0.92 |   0.93
0297 -      8.13 |    7.41 |     0.93 |   0.97
0298 -      0.00 |   18.34 |     0.78 |   0.81
0299 -     15.67 |    5.12 |     0.97 |   0.97
0300 -      0.00 |    0.00 |     0.83 |   0.90
0301 -     52.10 |   90.53 |     0.93 |   0.98
0302 -     66.78 |  100.00 |     0.95 |   1.00
0303 -      0.00 |    0.00 |     0.88 |   0.94
0304 -      0.00 |   84.08 |     0.71 |   0.95
0305 -     36.18 |   29.44 |     0.93 |   0.99
0306 -      0.00 |    0.00 |     0.80 |   0.84
0307 -     25.39 |   76.17 |     0.83 |   0.98
0308 -     55.14 |   38.05 |     0.80 |   0.88
0309 -     11.25 |   53.09 |     0.85 |   0.94
0310 -      8.26 |    7.93 |     0.93 |   0.98
0311 -      0.00 |    0.00 |     0.69 |   0.79
0312 -     64.25 |   84.15 |     0.80 |   0.98
0313 -      0.00 |    0.00 |     0.78 |   0.81
0314 -      0.00 |   44.01 |     0.94 |   0.97
0315 -     84.35 |  100.00 |     0.90 |   1.00
0316 -      0.00 |    0.00 |     0.71 |   0.69
0317 -     13.94 |   31.52 |     0.89 |   0.94
0318 -      0.00 |    0.00 |     0.83 |   0.86
0319 -     10.81 |    8.37 |     0.92 |   0.94
0320 -     78.79 |  100.00 |     0.99 |   1.00
0321 -      0.00 |    0.00 |     0.86 |   0.92
0322 -      9.92 |    0.00 |     0.63 |   0.81
0323 -     22.55 |   69.83 |     0.88 |   0.90
0324 -      0.00 |    0.00 |     0.94 |   0.95
0325 -     76.99 |   24.12 |     0.93 |   0.99
0326 -      0.00 |  100.00 |     0.97 |   1.00
0327 -     43.23 |  100.00 |     0.80 |   1.00
0328 -      0.00 |    0.00 |     0.91 |   0.95
0329 -      0.00 |    0.00 |     0.72 |   0.74
0330 -     82.90 |   96.83 |     0.91 |   1.00
0331 -      0.00 |    0.00 |     0.48 |   0.66
0332 -     41.20 |   99.14 |     0.78 |   0.92
0333 -      0.00 |    0.00 |     0.92 |   0.97
0334 -      8.46 |    3.83 |     0.82 |   0.83
0335 -      0.00 |   35.85 |     0.91 |   0.95
0336 -      6.93 |   43.23 |     0.90 |   0.96
0337 -     85.76 |   85.95 |     0.93 |   0.95
0338 -      0.00 |    0.00 |     0.64 |   0.67
0339 -     60.02 |   60.02 |     0.84 |   0.85
0340 -     88.44 |   69.68 |     0.81 |   0.78
0341 -     62.76 |   75.86 |     0.78 |   0.96
0342 -     47.53 |  100.00 |     0.96 |   1.00
0343 -      0.00 |   13.14 |     0.70 |   0.77
0344 -     40.96 |    6.04 |     0.89 |   0.95
0345 -      0.00 |    0.00 |     0.76 |   0.77
0346 -      0.00 |    0.00 |     0.86 |   0.93
0347 -      0.00 |    5.60 |     0.89 |   0.90
0348 -      0.00 |    0.00 |     0.91 |   0.92
0349 -      0.00 |    5.57 |     0.73 |   0.82
0350 -      0.00 |    0.00 |     0.82 |   0.97
0351 -     23.04 |   97.70 |     0.83 |   0.90
0352 -      7.68 |    6.91 |     0.72 |   0.80
0353 -     39.19 |   60.09 |     0.92 |   0.95
0354 -      0.00 |   10.70 |     0.91 |   0.94
0355 -     14.33 |   50.59 |     0.79 |   0.89
0356 -     27.75 |   39.71 |     0.89 |   0.94
0357 -     16.10 |   16.58 |     0.73 |   0.78
0358 -     17.66 |   33.86 |     0.84 |   0.94
0359 -     36.64 |   29.36 |     0.86 |   0.93
0360 -      0.00 |    0.00 |     0.90 |   0.93
0361 -     74.11 |   97.90 |     0.98 |   1.00
0362 -      0.00 |    0.00 |     0.65 |   0.65
0363 -      0.00 |    0.00 |     0.79 |   0.84
0364 -     56.57 |   98.73 |     0.96 |   1.00
0365 -      0.00 |    0.00 |     0.81 |   0.88
0366 -      5.44 |    4.09 |     0.94 |   0.96
0367 -      0.00 |    9.78 |     0.81 |   0.84
0368 -     47.48 |  100.00 |     0.76 |   1.00
0369 -     52.11 |  100.00 |     0.93 |   1.00
0370 -      0.00 |    0.00 |     0.96 |   0.99
0371 -      0.00 |   13.38 |     0.95 |   0.96
0372 -     67.67 |   75.09 |     0.85 |   0.90
0373 -      0.00 |   51.75 |     0.68 |   0.79
0374 -     30.39 |  100.00 |     0.98 |   1.00
0375 -     51.35 |   84.45 |     0.93 |   0.98
0376 -      0.00 |    0.00 |     0.82 |   0.80
0377 -     45.65 |  100.00 |     0.81 |   1.00
0378 -      0.00 |    0.00 |     0.78 |   0.84
0379 -      0.00 |    0.00 |     0.93 |   1.00
0380 -      0.00 |    0.00 |     0.83 |   0.85
0381 -      0.00 |    0.00 |     0.81 |   0.89
0382 -     14.66 |   12.72 |     0.82 |   0.87
0383 -      0.00 |    0.00 |     0.81 |   0.90
0384 -      0.00 |    0.00 |     0.93 |   0.95
0385 -      0.00 |    0.00 |     0.94 |   0.97
0386 -      0.00 |    0.00 |     0.42 |   0.49
0387 -      0.00 |    0.00 |     0.90 |   0.90
0388 -     29.22 |    7.59 |     0.86 |   0.94
0389 -     82.82 |   91.03 |     0.90 |   0.94
0390 -     91.83 |    0.00 |     0.92 |   0.95
0391 -     30.71 |   30.06 |     0.53 |   0.66
0392 -     79.39 |   53.85 |     0.89 |   0.97
0393 -      0.00 |   71.02 |     0.79 |   0.97
0394 -      0.00 |    8.90 |     0.70 |   0.84
0395 -     45.95 |   43.62 |     0.79 |   0.82
0396 -     36.74 |   43.12 |     0.92 |   0.91
0397 -     55.59 |   52.22 |     0.75 |   0.75
0398 -      0.00 |    0.00 |     0.90 |   0.89
0399 -      0.00 |    0.00 |     0.76 |   0.89
0400 -     58.01 |   65.54 |     0.79 |   0.91
0401 -     21.41 |   96.33 |     0.89 |   0.90
0402 -      0.00 |    0.00 |     0.80 |   0.85
0403 -     70.73 |   91.97 |     0.89 |   0.97
0404 -      0.00 |    9.33 |     0.92 |   0.98
0405 -      6.90 |    6.03 |     0.85 |   0.90
0406 -      0.00 |    0.00 |     0.86 |   0.95
0407 -     61.97 |  100.00 |     0.86 |   1.00
0408 -      7.62 |   37.82 |     0.92 |   0.93
0409 -      0.00 |   49.03 |     0.85 |   0.92
0410 -     57.83 |   54.97 |     0.91 |   0.95
0411 -      0.00 |   12.68 |     0.56 |   0.62
0412 -     57.40 |   98.67 |     0.97 |   1.00
0413 -      0.00 |    0.00 |     0.67 |   0.83
0414 -      6.71 |    0.00 |     0.61 |   0.60
0415 -      0.00 |    0.00 |     0.86 |   0.93
0416 -      0.00 |    7.97 |     0.91 |   0.96
0417 -      0.00 |   96.77 |     0.74 |   0.96
0418 -      0.00 |    0.00 |     0.85 |   0.84
0419 -     14.75 |   11.01 |     0.54 |   0.78
0420 -      0.00 |    0.00 |     0.94 |   0.96
0421 -      0.00 |    0.00 |     0.85 |   0.83
0422 -     53.54 |   68.83 |     0.74 |   1.00
0423 -     18.06 |   17.08 |     0.86 |   0.87
0424 -     26.90 |  100.00 |     0.92 |   0.97
0425 -      0.00 |    0.00 |     0.48 |   0.62
0426 -     44.19 |    0.00 |     0.78 |   0.87
0427 -     16.28 |   17.44 |     0.82 |   0.85
0428 -      6.77 |   99.26 |     0.89 |   0.96
0429 -      0.00 |    0.00 |     0.59 |   0.74
0430 -      4.06 |    3.24 |     0.89 |   0.92
0431 -      0.00 |   24.18 |     0.82 |   0.86
0432 -     26.20 |   51.48 |     0.96 |   0.94
0433 -      0.00 |   10.03 |     0.72 |   0.92
0434 -      0.00 |    0.00 |     0.87 |   0.94
0435 -     19.90 |   14.73 |     0.84 |   0.94
0436 -      0.00 |    0.00 |     0.92 |   0.93
0437 -      0.00 |   41.12 |     0.78 |   0.93
0438 -     56.51 |   54.33 |     0.77 |   0.81
0439 -      0.00 |    0.00 |     0.77 |   0.88
0440 -     12.27 |   11.48 |     0.90 |   0.96
0441 -     31.24 |   72.40 |     0.73 |   0.97
0442 -      0.00 |    0.00 |     0.91 |   0.93
0443 -     11.59 |   12.28 |     0.88 |   0.88
0444 -      0.00 |    0.00 |     0.84 |   0.82
0445 -     23.72 |    0.00 |     0.93 |   0.94
0446 -      0.00 |    0.00 |     0.88 |   0.90
0447 -      0.00 |    0.00 |     0.72 |   0.94
0448 -      0.00 |    0.00 |     0.45 |   0.75
0449 -     35.38 |   87.46 |     0.86 |   0.92
0450 -      0.00 |    0.00 |     0.85 |   0.88
0451 -      0.00 |   95.79 |     0.81 |   0.98
0452 -      0.00 |   78.94 |     0.78 |   0.99
0453 -      0.00 |    0.00 |     0.53 |   0.83
0454 -      0.00 |    0.00 |     0.87 |   0.94
0455 -      5.38 |    4.08 |     0.79 |   0.92
0456 -     98.93 |   99.14 |     0.95 |   0.98
0457 -      0.00 |    0.00 |     0.88 |   0.92
0458 -     51.47 |  100.00 |     0.69 |   1.00
0459 -     77.54 |    0.00 |     0.84 |   0.93
0460 -     17.96 |   32.87 |     0.89 |   0.92
0461 -      8.77 |   60.90 |     0.86 |   0.92
0462 -     73.11 |   79.07 |     0.89 |   0.97
0463 -      0.00 |    0.00 |     0.45 |   0.48
0464 -      0.00 |    0.00 |     0.65 |   0.76
0465 -      0.00 |    0.00 |     0.95 |   0.96
0466 -     38.74 |  100.00 |     0.90 |   1.00
0467 -     13.82 |   22.81 |     0.92 |   0.92
0468 -      0.00 |    0.00 |     0.81 |   0.83
0469 -      0.00 |    0.00 |     0.93 |   0.98
0470 -     21.46 |    0.00 |     0.94 |   0.98
0471 -      3.28 |    3.72 |     0.80 |   0.84
0472 -      8.20 |   11.00 |     0.48 |   0.61
0473 -     16.25 |   13.83 |     0.81 |   0.87
0474 -      0.00 |   16.94 |     0.80 |   0.84
0475 -     39.52 |  100.00 |     0.96 |   1.00
0476 -      6.06 |   18.02 |     0.80 |   0.83
0477 -     34.88 |   35.73 |     0.97 |   1.00
0478 -     70.00 |   55.06 |     0.81 |   0.95
0479 -      0.00 |    0.00 |     0.77 |   0.80
0480 -      0.00 |   66.43 |     0.64 |   0.76
0481 -     81.78 |  100.00 |     0.98 |   1.00
0482 -      8.81 |   52.00 |     0.90 |   0.95
0483 -     18.90 |   97.32 |     0.96 |   1.00
0484 -     17.14 |   50.12 |     0.81 |   0.91
0485 -     63.60 |   83.43 |     0.90 |   0.93
0486 -      0.00 |    0.00 |     0.83 |   0.89
0487 -     44.89 |   36.87 |     0.92 |   0.96
0488 -      0.00 |    0.00 |     0.86 |   0.87
0489 -      0.00 |    0.00 |     0.63 |   0.67
0490 -     40.73 |   98.76 |     0.95 |   0.98
0491 -      0.00 |    0.00 |     0.65 |   0.66
0492 -      0.00 |    0.00 |     0.79 |   0.90
0493 -     25.18 |   20.60 |     0.91 |   0.99
0494 -     24.64 |   71.90 |     0.67 |   0.84
0495 -     43.59 |   47.91 |     0.93 |   0.94
0496 -     25.47 |   24.96 |     0.88 |   0.95
0497 -     40.91 |   64.94 |     0.85 |   0.98
0498 -     29.27 |   98.98 |     0.96 |   1.00
0499 -      0.00 |    0.00 |     0.76 |   0.81
0500 -      0.00 |    0.00 |     0.88 |   0.99
0501 -     62.81 |  100.00 |     0.91 |   1.00
0502 -     21.27 |   71.60 |     0.86 |   0.98
0503 -      0.00 |    0.00 |     0.51 |   0.57
0504 -     22.17 |   32.37 |     0.77 |   0.98
0505 -      0.00 |    0.00 |     0.52 |   0.69
0506 -     67.80 |   59.04 |     0.92 |   0.96
0507 -      0.00 |    0.00 |     0.61 |   0.90
0508 -     18.86 |   97.13 |     0.94 |   1.00
0509 -     97.99 |   77.70 |     0.88 |   0.94
0510 -      0.00 |    0.00 |     0.92 |   0.92
0511 -     49.77 |   47.97 |     0.87 |   0.89
0512 -     15.66 |   15.50 |     0.86 |   0.95
0513 -     17.53 |   59.80 |     0.96 |   0.97
0514 -     55.71 |   85.45 |     0.78 |   0.85
0515 -     14.83 |   13.71 |     0.93 |   0.93
0516 -      8.03 |    6.40 |     0.77 |   0.91
0517 -     26.29 |  100.00 |     0.91 |   1.00
0518 -      9.14 |    9.14 |     0.85 |   0.89
0519 -     16.15 |   15.33 |     0.48 |   0.46
0520 -      0.00 |    0.00 |     0.59 |   0.69
0521 -     45.25 |   65.17 |     0.82 |   0.94
0522 -     58.42 |   24.79 |     0.84 |   0.86
0523 -      0.00 |    5.17 |     0.86 |   0.88
0524 -      0.00 |   41.02 |     0.78 |   0.92
0525 -     68.17 |   89.26 |     0.95 |   0.98
0526 -      0.00 |    0.00 |     0.84 |   0.82
0527 -     71.18 |   99.41 |     0.97 |   1.00
0528 -      0.00 |    0.00 |     0.86 |   0.91
0529 -      7.09 |   21.29 |     0.74 |   0.90
0530 -      0.00 |   39.47 |     0.76 |   0.78
0531 -     66.40 |   88.24 |     0.81 |   0.99
0532 -     75.33 |  100.00 |     0.83 |   1.00
0533 -     55.97 |    0.00 |     0.85 |   0.89
0534 -     92.64 |   99.30 |     0.95 |   0.99
0535 -      0.00 |  100.00 |     0.81 |   1.00
0536 -     16.52 |   14.95 |     0.78 |   0.82
0537 -      0.00 |    0.00 |     0.36 |   0.34
0538 -     61.96 |   83.06 |     0.86 |   0.92
0539 -      0.00 |    0.00 |     0.88 |   0.94
0540 -      0.00 |    0.00 |     0.41 |   0.53
0541 -     21.99 |   16.72 |     0.64 |   0.67
0542 -      0.00 |    8.15 |     0.87 |   0.94
0543 -      0.00 |    9.84 |     0.80 |   0.87
0544 -      0.00 |   98.41 |     0.81 |   0.93
0545 -     10.61 |    7.79 |     0.82 |   0.98
0546 -      7.78 |    6.92 |     0.66 |   0.77
0547 -     53.52 |   45.55 |     0.95 |   0.98
0548 -     46.35 |   98.27 |     0.86 |   1.00
0549 -     63.04 |   54.05 |     0.80 |   0.87
0550 -      0.00 |   11.66 |     0.85 |   0.95
0551 -     31.62 |   23.85 |     0.87 |   0.91
0552 -     65.77 |   75.03 |     0.94 |   0.97
0553 -      0.00 |   45.66 |     0.88 |   0.95
0554 -     22.37 |   23.15 |     0.91 |   0.97
0555 -      0.00 |    0.00 |     0.86 |   0.88
0556 -      0.00 |    0.00 |     0.75 |   0.82
0557 -     57.26 |   31.84 |     0.53 |   0.94
0558 -     39.05 |   19.82 |     0.95 |   0.97
0559 -      0.00 |   13.45 |     0.61 |   0.76
0560 -      0.00 |    0.00 |     0.92 |   1.00
0561 -     88.71 |  100.00 |     0.89 |   1.00
0562 -     16.85 |  100.00 |     0.98 |   1.00
0563 -     15.60 |   14.09 |     0.94 |   0.95
0564 -     33.82 |  100.00 |     0.87 |   0.93
0565 -      8.48 |   12.73 |     0.85 |   0.94
0566 -      0.00 |    0.00 |     0.51 |   0.51
0567 -      0.00 |   73.90 |     0.91 |   0.96
0568 -     13.30 |   95.04 |     0.88 |   1.00
0569 -      8.47 |   54.00 |     0.92 |   0.96
0570 -     14.41 |   88.72 |     0.91 |   0.98
0571 -      0.00 |   60.53 |     0.88 |   0.84
0572 -      0.00 |    0.00 |     0.77 |   0.80
0573 -     59.47 |   75.39 |     0.94 |   0.99
0574 -      0.00 |   25.58 |     0.91 |   0.91
0575 -      0.00 |    0.00 |     0.78 |   0.93
0576 -     18.29 |   33.08 |     0.93 |   0.96
0577 -      0.00 |    0.00 |     0.80 |   0.86
0578 -      0.00 |    0.00 |     0.91 |   0.89
0579 -     58.80 |   52.71 |     0.96 |   0.96
0580 -      0.00 |    0.00 |     0.87 |   0.88
0581 -     66.52 |   45.16 |     0.78 |   0.85
0582 -     34.45 |   35.84 |     0.83 |   0.93
0583 -     97.31 |   65.92 |     0.91 |   0.92
0584 -     28.77 |   63.57 |     0.90 |   0.96
0585 -     58.29 |  100.00 |     0.85 |   1.00
0586 -      0.00 |    0.00 |     0.87 |   0.90
0587 -      4.78 |    4.24 |     0.86 |   1.00
0588 -      0.00 |    0.00 |     0.67 |   0.90
0589 -      8.94 |    7.15 |     0.76 |   0.84
0590 -      8.24 |   97.16 |     0.88 |   0.93
0591 -      0.00 |    0.00 |     0.77 |   0.90
0592 -      0.00 |    0.00 |     0.58 |   0.69
0593 -     92.10 |   99.12 |     0.95 |   0.97
0594 -     21.19 |   41.63 |     0.90 |   0.99
0595 -     24.34 |   40.48 |     0.73 |   0.75
0596 -      0.00 |    0.00 |     0.50 |   0.51
0597 -      0.00 |    0.00 |     0.64 |   0.70
0598 -     21.10 |   27.53 |     0.86 |   0.90
0599 -      0.00 |   63.59 |     0.80 |   0.96
0600 -     20.08 |   64.67 |     0.75 |   1.00
0601 -     34.98 |   34.69 |     0.88 |   0.96
0602 -      0.00 |    0.00 |     0.64 |   0.71
0603 -      0.00 |    0.00 |     0.86 |   0.96
0604 -      0.00 |   17.75 |     0.83 |   0.92
0605 -     36.45 |   79.14 |     0.81 |   0.88
0606 -      0.00 |    0.00 |     0.88 |   0.93
0607 -      0.00 |    0.00 |     0.93 |   0.94
0608 -     27.33 |   96.49 |     0.82 |   0.93
0609 -      0.00 |   22.25 |     0.82 |   0.88
0610 -      0.00 |    0.00 |     0.32 |   0.45
0611 -     14.07 |   17.05 |     0.81 |   0.92
0612 -     63.28 |   76.86 |     0.93 |   0.99
0613 -     66.16 |   81.63 |     0.99 |   0.99
0614 -      0.00 |    0.00 |     0.85 |   0.93
0615 -     70.57 |   56.27 |     0.83 |   0.93
0616 -      0.00 |    0.00 |     0.72 |   0.87
0617 -      0.00 |    0.00 |     0.89 |   0.94
0618 -      0.00 |   37.05 |     0.81 |   0.88
0619 -      8.15 |   46.71 |     0.83 |   0.93
0620 -      0.00 |    0.00 |     0.89 |   0.93
0621 -     35.60 |   72.86 |     0.91 |   0.96
0622 -     67.67 |   92.18 |     0.87 |   0.94
0623 -     12.92 |   37.05 |     0.77 |   0.81
0624 -      0.00 |    0.00 |     0.87 |   0.94
0625 -     18.63 |   33.07 |     0.85 |   0.88
0626 -     74.73 |   55.46 |     0.93 |   0.97
0627 -      0.00 |    0.00 |     0.95 |   1.00
0628 -     49.41 |   48.93 |     0.97 |   0.97
0629 -      0.00 |    0.00 |     0.89 |   0.93
0630 -      5.79 |   90.00 |     0.94 |   0.97
0631 -      4.97 |    5.04 |     0.85 |   0.98
0632 -     46.35 |   40.84 |     0.65 |   0.87
0633 -      5.44 |    5.77 |     0.68 |   0.67
0634 -      0.00 |    0.00 |     0.54 |   0.60
0635 -     80.77 |   63.89 |     0.85 |   0.88
0636 -      0.00 |    4.49 |     0.87 |   0.87
0637 -     23.77 |  100.00 |     0.82 |   1.00
0638 -      0.00 |   25.27 |     0.73 |   0.77
0639 -      0.00 |    0.00 |     0.78 |   0.85
0640 -      0.00 |    0.00 |     0.78 |   0.84
0641 -     30.65 |   97.83 |     0.90 |   0.97
0642 -     18.09 |   28.08 |     0.76 |   0.80
0643 -      0.00 |    0.00 |     0.90 |   0.90
0644 -     22.50 |   97.54 |     0.90 |   0.99
0645 -      0.00 |   24.65 |     0.84 |   0.95
0646 -     23.12 |   31.36 |     0.54 |   0.77
0647 -      0.00 |    0.00 |     0.67 |   0.65
0648 -      8.23 |    6.38 |     0.79 |   0.82
0649 -      0.00 |    0.00 |     0.78 |   0.90
0650 -     79.68 |   98.86 |     0.92 |   1.00
0651 -     51.40 |   61.63 |     0.90 |   0.94
0652 -      0.00 |    0.00 |     0.62 |   0.61
0653 -     14.15 |   86.96 |     0.94 |   0.96
0654 -     16.88 |   14.55 |     0.62 |   0.66
0655 -     20.74 |    0.00 |     0.74 |   0.93
0656 -     54.36 |   92.18 |     0.93 |   0.95
0657 -     31.29 |   57.49 |     0.97 |   0.98
0658 -      0.00 |   14.13 |     0.98 |   0.99
0659 -     32.48 |   36.08 |     0.82 |   0.91
0660 -      0.00 |    0.00 |     0.52 |   0.66
0661 -      0.00 |   28.14 |     0.41 |   0.78
0662 -     73.07 |   99.20 |     0.90 |   0.98
0663 -     14.95 |   45.94 |     0.78 |   0.92
0664 -     28.03 |   28.03 |     0.72 |   0.80
0665 -      0.00 |    0.00 |     0.77 |   0.78
0666 -      0.00 |    0.00 |     0.90 |   0.91
0667 -     23.47 |   24.43 |     0.98 |   0.95
0668 -      0.00 |    0.00 |     0.70 |   0.78
0669 -     19.43 |    0.00 |     0.79 |   0.83
0670 -     55.75 |   98.96 |     0.83 |   0.95
0671 -      0.00 |    0.00 |     0.73 |   0.78
0672 -     29.04 |   13.11 |     0.84 |   0.82
0673 -     45.18 |    5.48 |     0.77 |   0.76
0674 -     14.81 |   60.98 |     0.97 |   0.98
0675 -      0.00 |    0.00 |     0.60 |   0.69
0676 -      0.00 |    0.00 |     0.85 |   0.97
0677 -      6.52 |   98.44 |     0.76 |   0.94
0678 -     15.86 |   12.03 |     0.85 |   0.94
0679 -      0.00 |   16.41 |     0.96 |   0.99
0680 -     19.69 |   16.33 |     0.82 |   0.89
0681 -      6.07 |    6.48 |     0.70 |   0.74
0682 -      8.62 |    0.00 |     0.79 |   0.80
0683 -      0.00 |    0.00 |     0.81 |   0.88
0684 -     27.41 |   86.45 |     0.61 |   0.94
0685 -     17.06 |   22.37 |     0.88 |   0.90
0686 -     41.91 |   92.84 |     0.84 |   0.97
0687 -      0.00 |   48.22 |     0.89 |   0.93
0688 -     56.93 |   98.38 |     0.95 |   1.00
0689 -      7.90 |    8.09 |     0.92 |   0.93
0690 -      0.00 |    0.00 |     0.89 |   0.94
0691 -     75.45 |   59.70 |     0.89 |   0.92
0692 -     98.74 |   87.51 |     0.92 |   0.97
0693 -      0.00 |    0.00 |     0.94 |   0.94
0694 -      0.00 |    0.00 |     0.65 |   0.70
0695 -     74.83 |   98.70 |     0.97 |   1.00
0696 -      0.00 |    0.00 |     0.73 |   0.66
0697 -     61.69 |  100.00 |     0.89 |   1.00
0698 -      0.00 |    0.00 |     0.68 |   0.95
0699 -      0.00 |    0.00 |     0.87 |   0.95
0700 -      0.00 |    0.00 |     0.78 |   0.85
0701 -      0.00 |    0.00 |     0.54 |   0.63
0702 -      0.00 |    8.67 |     0.93 |   0.97
0703 -      6.37 |    5.74 |     0.87 |   0.88
0704 -     27.60 |   23.37 |     0.63 |   0.64
0705 -      0.00 |   27.52 |     0.50 |   0.66
0706 -     62.17 |   84.34 |     0.80 |   0.90
0707 -     39.75 |   39.07 |     0.89 |   0.88
0708 -      0.00 |    0.00 |     0.68 |   0.77
0709 -     19.56 |    0.00 |     0.56 |   0.52
0710 -      0.00 |    8.76 |     0.52 |   0.56
0711 -     33.44 |   98.05 |     0.70 |   0.99
0712 -      0.00 |   89.73 |     0.69 |   0.99
0713 -      0.00 |   35.78 |     0.89 |   0.97
0714 -      9.60 |   27.47 |     0.64 |   0.77
0715 -     20.01 |    9.42 |     0.87 |   0.91
0716 -      6.61 |    6.03 |     0.74 |   0.89
0717 -      0.00 |    0.00 |     0.81 |   0.86
0718 -     31.63 |   30.47 |     0.80 |   0.86
0719 -      0.00 |    0.00 |     0.58 |   0.56
0720 -      0.00 |    0.00 |     0.91 |   0.92
0721 -      0.00 |   12.77 |     0.66 |   0.72
0722 -      0.00 |    0.00 |     0.82 |   0.90
0723 -     69.11 |   98.90 |     0.90 |   0.97
0724 -      3.95 |   98.38 |     0.89 |   0.97
0725 -      9.12 |    0.00 |     0.82 |   0.93
0726 -      0.00 |   96.03 |     0.91 |   0.95
0727 -      0.00 |   11.93 |     0.83 |   0.95
0728 -     33.25 |   25.81 |     0.60 |   0.82
0729 -      6.84 |    6.84 |     0.86 |   0.89
0730 -     74.09 |   88.50 |     0.82 |   0.97
0731 -      0.00 |    0.00 |     0.50 |   0.53
0732 -     58.35 |   92.88 |     0.90 |   0.95
0733 -     21.93 |   18.57 |     0.84 |   0.88
0734 -      0.00 |    4.56 |     0.89 |   0.97
0735 -      0.00 |   46.36 |     0.77 |   0.88
0736 -     94.09 |   72.27 |     0.85 |   0.91
0737 -     14.90 |   13.57 |     0.70 |   0.82
0738 -      0.00 |    0.00 |     0.77 |   0.88
0739 -     50.42 |   37.99 |     0.82 |   0.88
0740 -     16.25 |  100.00 |     0.92 |   1.00
0741 -      0.00 |    7.34 |     0.88 |   0.90
0742 -      7.00 |    0.00 |     0.65 |   0.87
0743 -     27.65 |   36.96 |     0.88 |   0.91
0744 -      0.00 |    0.00 |     0.85 |   0.91
0745 -     18.97 |   61.85 |     0.81 |   0.87
0746 -      0.00 |    0.00 |     0.81 |   0.86
0747 -     71.73 |  100.00 |     0.91 |   1.00
0748 -      0.00 |    0.00 |     0.75 |   0.84
0749 -      0.00 |    0.00 |     0.84 |   0.95
0750 -      0.00 |    0.00 |     0.94 |   0.97
0751 -      0.00 |    0.00 |     0.66 |   0.74
0752 -     47.68 |   27.52 |     0.83 |   0.99
0753 -      0.00 |    0.00 |     0.79 |   0.81
0754 -     10.53 |    8.32 |     0.87 |   0.96
0755 -     41.01 |   38.84 |     0.72 |   0.97
0756 -      0.00 |    0.00 |     0.91 |   0.87
0757 -      5.49 |    0.00 |     0.92 |   0.93
0758 -      0.00 |   81.09 |     0.86 |   0.95
0759 -     22.56 |   93.32 |     0.94 |   0.98
0760 -     40.64 |   11.60 |     0.68 |   0.97
0761 -     20.24 |   17.80 |     0.71 |   0.73
0762 -      4.49 |   13.37 |     0.77 |   0.93
0763 -     16.81 |   15.42 |     0.83 |   0.86
0764 -      6.79 |    0.00 |     0.67 |   0.72
0765 -      0.00 |    0.00 |     0.87 |   0.92
0766 -     81.06 |   70.03 |     0.84 |   0.96
0767 -     42.17 |   41.59 |     0.98 |   0.96
0768 -     84.58 |  100.00 |     0.95 |   1.00
0769 -     10.38 |   10.55 |     0.77 |   0.78
0770 -     18.25 |   13.70 |     0.64 |   0.80
0771 -     32.01 |  100.00 |     0.72 |   1.00
0772 -      0.00 |    0.00 |     0.82 |   0.93
0773 -     16.52 |    0.00 |     0.80 |   0.94
0774 -     17.56 |   13.21 |     0.67 |   0.74
0775 -      8.17 |   67.85 |     0.77 |   0.79
0776 -      0.00 |   84.77 |     0.75 |   0.92
0777 -     23.87 |   17.59 |     0.61 |   0.81
0778 -     14.34 |    0.00 |     0.77 |   0.96
0779 -     58.31 |   60.92 |     0.97 |   1.00
0780 -      0.00 |    0.00 |     0.49 |   0.94
0781 -      0.00 |    6.97 |     0.78 |   0.75
0782 -     17.32 |  100.00 |     0.86 |   1.00
0783 -     71.66 |   98.93 |     0.95 |   1.00
0784 -     55.93 |  100.00 |     0.87 |   1.00
0785 -     25.41 |   44.49 |     0.97 |   0.99
0786 -     45.02 |   40.48 |     0.80 |   0.96
0787 -      0.00 |    0.00 |     0.74 |   0.83
0788 -      0.00 |    0.00 |     0.72 |   0.86
0789 -      0.00 |    0.00 |     0.65 |   0.88
0790 -      0.00 |    5.24 |     0.72 |   0.77
0791 -      0.00 |    0.00 |     0.81 |   0.88
0792 -     49.07 |   98.64 |     0.82 |   0.91
0793 -      0.00 |    0.00 |     0.86 |   0.85
0794 -     29.70 |   34.24 |     0.91 |   0.93
0795 -     45.51 |   98.94 |     0.91 |   1.00
0796 -      0.00 |   12.11 |     0.85 |   0.87
0797 -     69.61 |   80.86 |     0.73 |   0.75
0798 -      0.00 |  100.00 |     0.93 |   1.00
0799 -      0.00 |   93.10 |     0.81 |   1.00
0800 -      0.00 |   13.40 |     0.81 |   0.98
0801 -      0.00 |    0.00 |     0.15 |   0.18
0802 -     34.83 |   33.56 |     0.68 |   0.71
0803 -     38.60 |  100.00 |     0.52 |   1.00
0804 -      0.00 |   50.65 |     0.70 |   0.90
0805 -     14.80 |   71.59 |     0.72 |   0.80
0806 -     20.17 |   18.75 |     0.93 |   0.95
0807 -      0.00 |   36.28 |     0.88 |   0.97
0808 -      0.00 |    0.00 |     0.96 |   0.99
0809 -     26.75 |   73.90 |     0.90 |   0.88
0810 -      0.00 |    0.00 |     0.85 |   0.92
0811 -     17.23 |   96.47 |     0.94 |   0.98
0812 -     19.83 |   77.47 |     0.71 |   0.88
0813 -     46.14 |   36.47 |     0.88 |   0.97
0814 -     10.33 |   18.38 |     0.87 |   0.92
0815 -      9.43 |    9.53 |     0.88 |   0.90
0816 -      0.00 |    0.00 |     0.68 |   0.65
0817 -      0.00 |    0.00 |     0.75 |   0.92
0818 -     51.50 |   55.68 |     0.79 |   0.87
0819 -      0.00 |    0.00 |     0.84 |   0.88
0820 -      0.00 |    0.00 |     0.83 |   0.94
0821 -      0.00 |    0.00 |     0.76 |   0.75
0822 -      0.00 |    0.00 |     0.79 |   0.87
0823 -     11.83 |   13.67 |     0.71 |   0.68
0824 -     10.37 |   23.78 |     0.74 |   0.83
0825 -      0.00 |    0.00 |     0.68 |   0.73
0826 -      8.93 |    9.85 |     0.87 |   0.88
0827 -      0.00 |    0.00 |     0.95 |   0.98
0828 -      0.00 |    0.00 |     0.67 |   0.81
0829 -      0.00 |    0.00 |     0.67 |   0.84
0830 -     65.32 |   80.50 |     0.89 |   0.91
0831 -      0.00 |    0.00 |     0.68 |   0.66
0832 -     12.77 |    9.80 |     0.87 |   0.97
0833 -     51.47 |   60.39 |     0.95 |   1.00
0834 -     57.46 |   87.53 |     0.95 |   0.97
0835 -      5.54 |    0.00 |     0.82 |   0.84
0836 -      0.00 |   18.08 |     0.75 |   0.83
0837 -     24.21 |   22.99 |     0.77 |   0.82
0838 -      0.00 |    0.00 |     0.86 |   0.86
0839 -     32.37 |   34.37 |     0.86 |   0.93
0840 -     15.59 |   52.74 |     0.79 |   0.97
0841 -      4.88 |    5.63 |     0.93 |   0.94
0842 -      0.00 |   57.37 |     0.93 |   0.99
0843 -      0.00 |   97.20 |     0.91 |   0.99
0844 -      0.00 |  100.00 |     0.95 |   1.00
0845 -     13.36 |   13.26 |     0.96 |   0.99
0846 -     13.48 |   71.06 |     0.90 |   0.94
0847 -     11.51 |   11.00 |     0.93 |   0.82
0848 -      0.00 |    0.00 |     0.80 |   0.82
0849 -      0.00 |    0.00 |     0.73 |   0.83
0850 -     27.52 |    0.00 |     0.86 |   0.91
0851 -      0.00 |    0.00 |     0.80 |   0.91
0852 -     48.41 |   53.94 |     0.90 |   0.95
0853 -     82.83 |   85.41 |     0.93 |   0.99
0854 -      0.00 |    0.00 |     0.82 |   0.84
0855 -     36.60 |   97.61 |     0.94 |   0.97
0856 -     46.53 |   94.48 |     0.92 |   1.00
0857 -     10.11 |   96.44 |     0.97 |   1.00
0858 -      0.00 |    0.00 |     0.98 |   1.00
0859 -      0.00 |    0.00 |     0.77 |   0.93
0860 -      0.00 |    0.00 |     0.76 |   0.87
0861 -     21.05 |   22.65 |     0.75 |   0.87
0862 -     29.64 |   92.42 |     0.85 |   0.96
0863 -     53.59 |   63.33 |     0.72 |   0.82
0864 -     52.14 |   78.84 |     0.93 |   0.95
0865 -     28.64 |  100.00 |     0.92 |   1.00
0866 -     10.97 |  100.00 |     0.94 |   1.00
0867 -      0.00 |    0.00 |     0.60 |   0.62
0868 -     24.75 |   93.37 |     0.92 |   0.99
0869 -      0.00 |    0.00 |     0.87 |   0.88
0870 -    100.00 |   41.20 |     1.00 |   0.99
0871 -     81.30 |   98.21 |     0.89 |   0.95
0872 -     53.29 |   75.64 |     0.82 |   0.91
0873 -      0.00 |    0.00 |     0.77 |   0.85
0874 -     36.58 |   12.28 |     0.84 |   0.96
0875 -      0.00 |    0.00 |     0.95 |   0.98
0876 -     37.89 |   92.59 |     0.88 |   0.98
0877 -     14.07 |   56.68 |     0.89 |   0.91
0878 -      0.00 |    0.00 |     0.65 |   0.81
0879 -     19.38 |   56.90 |     0.90 |   1.00
0880 -      0.00 |    0.00 |     0.65 |   0.77
0881 -     34.94 |   67.07 |     0.90 |   0.96
0882 -     28.79 |   20.81 |     0.75 |   0.86
0883 -     36.98 |   42.00 |     0.66 |   0.79
0884 -     29.61 |   87.76 |     0.93 |   0.97
0885 -      0.00 |    0.00 |     0.95 |   0.97
0886 -      0.00 |    0.00 |     0.77 |   0.91
0887 -      0.00 |    9.78 |     0.91 |   0.98
0888 -     43.04 |  100.00 |     0.85 |   1.00
0889 -     43.75 |   35.48 |     0.78 |   0.86
0890 -      0.00 |    0.00 |     0.87 |   0.92
0891 -      0.00 |    6.70 |     0.87 |   0.93
0892 -     56.38 |   56.71 |     0.87 |   0.94
0893 -     15.98 |   26.60 |     0.78 |   0.84
0894 -      0.00 |    0.00 |     0.89 |   0.92
0895 -     24.68 |   71.82 |     0.81 |   0.97
0896 -     24.74 |   56.96 |     0.90 |   1.00
0897 -      0.00 |    0.00 |     0.94 |   0.92
0898 -      0.00 |    0.00 |     0.91 |   0.95
0899 -      0.00 |    0.00 |     0.59 |   0.58
0900 -     40.60 |   50.33 |     0.87 |   0.92
0901 -     12.86 |   11.14 |     0.96 |   0.93
0902 -     29.78 |   99.35 |     0.90 |   1.00
0903 -      0.00 |    0.00 |     0.80 |   0.93
0904 -     30.74 |   31.34 |     0.89 |   0.97
0905 -      0.00 |   99.25 |     0.91 |   0.98
0906 -      0.00 |    0.00 |     0.91 |   0.88
0907 -      0.00 |    0.00 |     0.68 |   0.76
0908 -      0.00 |    0.00 |     0.91 |   0.94
0909 -      0.00 |    0.00 |     0.89 |   0.94
0910 -      0.00 |    0.00 |     0.93 |   0.95
0911 -     24.41 |    4.92 |     0.79 |   0.89
0912 -      0.00 |   61.46 |     0.91 |   0.99
0913 -     19.50 |   31.85 |     0.91 |   0.96
0914 -      0.00 |  100.00 |     0.81 |   1.00
0915 -      0.00 |   46.10 |     0.83 |   0.86
0916 -      0.00 |   45.03 |     0.77 |   0.88
0917 -     87.04 |   98.92 |     0.93 |   0.97
0918 -     72.69 |   85.57 |     0.88 |   0.94
0919 -     26.37 |   27.43 |     0.91 |   0.95
0920 -     13.76 |   11.95 |     0.74 |   0.93
0921 -     15.33 |  100.00 |     0.88 |   1.00
0922 -      9.20 |   25.30 |     0.91 |   0.99
0923 -      0.00 |    0.00 |     0.45 |   0.58
0924 -      0.00 |    4.94 |     0.63 |   0.67
0925 -      0.00 |    0.00 |     0.64 |   0.72
0926 -     12.32 |   16.32 |     0.96 |   0.98
0927 -     96.31 |   56.43 |     0.71 |   0.70
0928 -      0.00 |    0.00 |     0.77 |   0.87
0929 -     28.46 |   97.84 |     0.83 |   0.89
0930 -      0.00 |    0.00 |     0.97 |   0.99
0931 -      0.00 |    0.00 |     0.76 |   0.84
0932 -      0.00 |   18.40 |     0.89 |   0.86
0933 -     26.53 |   13.58 |     0.75 |   0.75
0934 -      0.00 |    7.34 |     0.88 |   0.87
0935 -     35.44 |   93.63 |     0.89 |   0.90
0936 -     26.52 |   85.28 |     0.85 |   0.90
0937 -      0.00 |    8.05 |     0.89 |   0.95
0938 -      5.47 |    5.43 |     0.71 |   0.76
0939 -     29.43 |   24.86 |     0.78 |   0.84
0940 -     60.11 |   97.56 |     0.87 |   1.00
0941 -      2.89 |    0.00 |     0.68 |   0.82
0942 -     64.11 |    0.00 |     0.82 |   0.80
0943 -      0.00 |   12.12 |     0.88 |   0.97
0944 -     52.75 |   49.47 |     0.79 |   0.86
0945 -     22.30 |   42.30 |     0.62 |   0.66
0946 -      0.00 |    0.00 |     0.83 |   0.83
0947 -     45.11 |   74.27 |     0.77 |   0.86
0948 -     12.54 |   21.50 |     0.91 |   0.97
0949 -      0.00 |    8.11 |     0.71 |   0.83
0950 -      9.63 |    0.00 |     0.72 |   0.97
0951 -      9.34 |   22.71 |     0.91 |   0.94
0952 -      0.00 |    0.00 |     0.74 |   0.71
0953 -     15.76 |    0.00 |     0.97 |   0.98
0954 -      8.30 |    9.16 |     0.87 |   0.90
0955 -     41.03 |   49.40 |     0.94 |   0.97
0956 -      0.00 |    0.00 |     0.70 |   0.94
0957 -      0.00 |    0.00 |     0.89 |   0.88
0958 -     52.07 |   52.43 |     0.87 |   0.84
0959 -     38.21 |   38.21 |     0.93 |   0.99
0960 -     10.16 |   46.70 |     0.49 |   0.81
0961 -      0.00 |    0.00 |     0.64 |   0.72
0962 -     64.20 |   87.18 |     0.82 |   0.94
0963 -     30.65 |   28.17 |     0.58 |   0.83
0964 -      0.00 |    0.00 |     0.91 |   0.92
0965 -     94.72 |   90.84 |     0.90 |   0.95
0966 -      0.00 |    0.00 |     0.65 |   0.92
0967 -      0.00 |    0.00 |     0.80 |   0.96
0968 -      0.00 |    0.00 |     0.80 |   0.89
0969 -      0.00 |    0.00 |     0.76 |   0.98
0970 -      0.00 |   63.04 |     0.71 |   0.84
0971 -      0.00 |    0.00 |     0.97 |   0.92
0972 -      0.00 |    0.00 |     0.91 |   0.92
0973 -     27.70 |   96.07 |     0.90 |   0.95
0974 -     14.00 |   76.72 |     0.80 |   0.84
0975 -      0.00 |    0.00 |     0.79 |   0.89
0976 -     54.22 |   62.67 |     0.44 |   0.98
0977 -     18.38 |   31.76 |     0.81 |   0.86
0978 -     50.40 |   62.45 |     0.89 |   0.90
0979 -     21.58 |   20.01 |     0.71 |   0.82
0980 -     30.11 |    0.00 |     0.73 |   0.82
0981 -     70.65 |   64.30 |     0.93 |   0.96
0982 -      0.00 |   77.46 |     0.69 |   0.90
0983 -     81.30 |   93.60 |     0.80 |   0.98
0984 -     36.05 |   40.92 |     0.85 |   0.94
0985 -      0.00 |    0.00 |     0.74 |   0.97
0986 -      0.00 |    0.00 |     0.40 |   0.53
0987 -     64.88 |   84.63 |     0.93 |   0.96
0988 -      0.00 |    0.00 |     0.89 |   0.90
0989 -      0.00 |    0.00 |     0.51 |   0.74
0990 -     13.56 |   86.27 |     0.97 |   0.96
0991 -      8.65 |    7.24 |     0.74 |   0.79
0992 -      0.00 |    0.00 |     0.77 |   0.88
0993 -      0.00 |    0.00 |     0.57 |   0.56
0994 -     13.48 |   36.84 |     0.73 |   0.93
0995 -      0.00 |    0.00 |     0.88 |   0.87
0996 -     26.12 |   31.36 |     0.74 |   0.84
0997 -     62.66 |   60.26 |     0.95 |   0.98
0998 -     29.19 |   29.19 |     0.89 |   0.94
0999 -      0.00 |    0.00 |     0.81 |   0.84
1000 -      0.00 |    0.00 |     0.73 |   0.78
==============================================
