======================
BLEU:            72.96
SIM:            0.9083
======================
         BLEU | SIM
0001 -  88.35 | 0.9559
0002 -  83.84 | 0.9620
0003 -  99.48 | 0.8354
0004 -  42.90 | 0.9059
0005 -  50.55 | 0.9569
0006 -  62.45 | 0.8662
0007 -  49.61 | 0.9321
0008 -  65.14 | 0.7636
0009 -   0.00 | 0.8182
0010 -   9.74 | 0.9850
0011 -  98.72 | 0.8664
0012 -  60.90 | 0.9475
0013 -  75.30 | 0.9646
0014 -   0.00 | 0.7822
0015 -  91.90 | 0.9525
0016 -  59.24 | 0.8098
0017 -   0.00 | 0.6212
0018 -  39.85 | 0.9248
0019 -   0.00 | 0.9629
0020 -  50.62 | 0.8573
0021 -  78.91 | 0.9599
0022 -   0.00 | 0.9513
0023 -   8.95 | 0.9170
0024 -  72.86 | 0.9858
0025 -  84.53 | 0.8931
0026 -  97.12 | 0.9887
0027 -  56.38 | 0.9270
0028 -  99.08 | 0.9259
0029 -  57.39 | 0.9510
0030 -  30.56 | 0.9921
0031 -  57.60 | 0.9254
0032 -  19.45 | 0.9110
0033 -  55.51 | 0.8685
0034 -  19.87 | 0.9770
0035 -  48.39 | 0.8725
0036 -  29.82 | 0.9861
0037 -   8.17 | 0.8664
0038 -  24.34 | 0.9501
0039 -  19.00 | 0.9422
0040 -  99.81 | 0.8989
0041 -  42.48 | 0.9286
0042 -  75.61 | 0.9147
0043 -   5.79 | 0.9779
0044 -  99.78 | 0.9182
0045 -  51.80 | 0.9276
0046 -  43.81 | 0.9784
0047 -  23.15 | 0.9254
0048 -  21.29 | 0.9171
0049 -  59.77 | 0.9833
0050 -  38.57 | 0.9516
0051 -  21.14 | 0.9343
0052 -  69.65 | 0.9509
0053 -  88.45 | 0.9276
0054 -  70.29 | 0.9273
0055 -   0.00 | 0.9173
0056 -  72.60 | 0.9830
0057 -  99.84 | 0.9700
0058 -  81.59 | 0.9304
0059 -   0.00 | 0.8307
0060 -  77.50 | 0.9480
0061 -  17.01 | 0.9960
0062 -  73.49 | 0.9702
0063 -  24.62 | 0.9623
0064 -  55.14 | 0.9456
0065 -  89.36 | 0.9869
0066 -  39.88 | 0.9315
0067 -  62.24 | 0.9965
0068 -  47.45 | 0.7335
0069 -   0.00 | 0.9303
0070 -  26.03 | 0.9642
0071 -   6.73 | 0.9507
0072 -  54.79 | 0.8420
0073 -  88.35 | 0.8614
0074 -  27.18 | 0.8884
0075 -  64.02 | 0.9517
0076 -  70.25 | 0.8654
0077 -  26.69 | 0.9709
0078 -  48.32 | 0.8742
0079 -   0.00 | 0.9627
0080 -  65.87 | 0.9388
0081 -  77.85 | 0.9384
0082 -   0.00 | 0.9019
0083 -  17.70 | 0.9895
0084 -  51.41 | 0.8527
0085 -   0.00 | 0.7251
0086 -   0.00 | 0.8888
0087 -  81.52 | 0.8978
0088 -  98.34 | 0.9832
0089 -  54.17 | 0.9531
0090 -  74.18 | 0.8391
0091 -   0.00 | 0.9121
0092 -  60.59 | 0.9575
0093 -  15.10 | 0.8705
0094 -   8.74 | 0.8742
0095 -  95.28 | 0.9432
0096 -   0.00 | 0.9423
0097 -  39.52 | 0.9207
0098 -  56.87 | 0.9127
0099 -  82.80 | 0.8740
0100 -  61.28 | 0.6886
0101 -  40.02 | 0.8398
0102 -  72.47 | 0.9598
0103 -  13.58 | 0.9590
0104 -  43.74 | 0.9464
0105 -  47.83 | 0.9334
0106 -  92.09 | 0.9758
0107 -   0.00 | 0.8245
0108 -  57.30 | 0.8372
0109 -  96.43 | 0.9125
0110 -  12.64 | 0.9140
0111 -  57.24 | 0.9502
0112 -  49.19 | 0.9480
0113 -  14.09 | 0.9389
0114 -  33.14 | 0.9797
0115 -  61.72 | 0.9921
0116 -  56.07 | 0.9144
0117 -  17.23 | 0.9910
0118 -  30.74 | 0.9443
0119 -  86.96 | 0.9184
0120 -  15.53 | 0.9514
0121 -   0.00 | 0.8198
0122 -  72.15 | 0.9721
0123 -  22.25 | 0.9265
0124 -  48.04 | 0.5770
0125 -   0.00 | 0.9472
0126 -   0.00 | 0.9578
0127 -   0.00 | 0.9416
0128 -   0.00 | 0.8900
0129 -  45.27 | 0.8151
0130 -  56.46 | 0.9536
0131 -  73.69 | 0.9567
0132 -  59.86 | 0.8097
0133 -  60.49 | 0.9596
0134 -  68.55 | 0.9547
0135 -  41.94 | 0.9739
0136 -  31.10 | 0.9661
0137 -  12.77 | 0.9661
0138 -   0.00 | 0.8036
0139 -  60.50 | 0.9446
0140 -  25.46 | 0.9108
0141 -  99.69 | 0.8995
0142 -  69.56 | 0.7491
0143 -  75.91 | 0.9537
0144 -  61.05 | 0.9006
0145 -  31.40 | 0.9729
0146 -  49.27 | 0.9700
0147 -  10.96 | 0.8725
0148 -  41.59 | 0.8880
0149 -   0.00 | 0.9618
0150 -  17.09 | 0.8171
0151 -   0.00 | 0.7087
0152 -  99.75 | 0.9532
0153 -  14.75 | 0.9871
0154 -  14.97 | 0.7972
0155 -  56.27 | 0.9213
0156 -   0.00 | 0.9249
0157 -  79.44 | 0.8195
0158 -  52.89 | 0.8845
0159 -  15.82 | 0.9706
0160 -  65.36 | 0.8776
0161 -  54.14 | 0.8759
0162 -  78.45 | 0.9841
0163 -  74.99 | 0.9913
0164 -  20.26 | 0.7400
0165 -   0.00 | 0.9670
0166 -  18.43 | 0.8789
0167 -  52.71 | 0.9400
0168 -  24.12 | 0.8262
0169 -  12.66 | 0.7511
0170 -  39.71 | 0.9467
0171 -  86.75 | 0.9873
0172 -  42.35 | 0.9384
0173 -  56.24 | 0.8530
0174 -   0.00 | 0.7266
0175 -  20.97 | 0.9455
0176 -  14.53 | 0.8488
0177 -  92.12 | 0.8976
0178 -  11.47 | 0.8959
0179 -  33.32 | 0.8762
0180 -  48.86 | 0.8457
0181 -  39.77 | 0.9027
0182 -  12.39 | 0.8850
0183 -  87.71 | 0.9748
0184 -   0.00 | 0.9753
0185 -  36.77 | 0.5950
0186 -   0.00 | 0.7773
0187 - 100.00 | 0.8984
0188 -   0.00 | 0.9495
0189 -  52.11 | 0.9024
0190 -  18.94 | 0.9554
0191 -   6.31 | 0.9777
0192 -   0.00 | 0.7623
0193 -  35.37 | 0.8850
0194 -  67.12 | 0.9537
0195 -  96.66 | 0.9558
0196 -   0.00 | 0.9172
0197 -  99.64 | 0.8856
0198 -   0.00 | 0.6768
0199 -  17.05 | 0.9599
0200 -  14.36 | 0.9076
0201 -  65.82 | 0.8610
0202 -  79.24 | 0.9653
0203 -   0.00 | 0.9663
0204 -   0.00 | 0.8519
0205 -  95.52 | 0.9759
0206 -   8.09 | 0.9843
0207 -  56.45 | 0.9906
0208 -   0.00 | 0.9795
0209 -  60.33 | 0.9273
0210 -  34.77 | 0.9437
0211 -   8.93 | 0.8610
0212 -  46.12 | 0.9069
0213 -  45.31 | 0.8738
0214 -  84.69 | 0.8928
0215 -  83.65 | 0.9590
0216 -   0.00 | 0.9598
0217 -  69.01 | 0.9624
0218 -   0.00 | 0.8418
0219 -   8.28 | 0.9280
0220 -  18.58 | 0.9621
0221 -  48.36 | 0.9859
0222 -   0.00 | 0.8798
0223 -  74.65 | 0.9578
0224 -  46.35 | 0.9488
0225 -   9.99 | 0.8629
0226 -  87.42 | 0.9370
0227 -   7.67 | 0.9639
0228 -  15.22 | 0.9406
0229 -  53.99 | 0.5082
0230 -  11.85 | 0.9216
0231 -  84.66 | 0.9130
0232 -   0.00 | 0.9481
0233 -   0.00 | 0.9311
0234 -  88.94 | 0.9836
0235 -   0.00 | 0.9526
0236 -  28.06 | 0.9774
0237 -   8.96 | 0.9269
0238 -  99.66 | 0.8958
0239 -  99.80 | 0.9209
0240 -  41.78 | 0.8829
0241 -  13.70 | 0.9832
0242 -  75.50 | 0.9589
0243 -   0.00 | 0.9590
0244 -  74.54 | 0.9134
0245 -  60.04 | 0.8237
0246 -   0.00 | 0.8620
0247 -  65.38 | 0.9522
0248 -  94.34 | 0.9741
0249 -  16.44 | 0.9780
0250 -   0.00 | 0.8711
0251 -   0.00 | 0.9674
0252 -  48.27 | 0.8516
0253 -   0.00 | 0.8145
0254 -  17.19 | 0.9868
0255 -  30.17 | 0.8796
0256 -  31.85 | 0.9501
0257 -   0.00 | 0.8620
0258 -  43.55 | 0.8489
0259 -  62.90 | 0.8848
0260 -  40.09 | 0.9530
0261 -  77.60 | 0.9827
0262 -  80.34 | 0.9510
0263 -  39.63 | 0.8733
0264 -  20.91 | 0.9856
0265 -  36.37 | 0.7382
0266 -  19.00 | 0.9760
0267 -   0.00 | 0.8891
0268 -  66.87 | 0.7947
0269 -  51.47 | 0.9205
0270 -  99.28 | 0.9723
0271 -  36.84 | 0.9661
0272 -  32.11 | 0.8613
0273 -  77.46 | 0.9837
0274 -  94.44 | 0.9795
0275 -  94.97 | 0.8754
0276 -  17.96 | 0.9568
0277 -  60.41 | 0.9059
0278 -  68.35 | 0.8598
0279 -  97.42 | 0.8702
0280 -  90.08 | 0.8629
0281 -  92.48 | 0.9214
0282 -  93.36 | 0.9950
0283 -  34.29 | 0.8812
0284 -  23.08 | 0.8911
0285 -  59.14 | 0.9497
0286 -  60.88 | 0.9414
0287 -  99.66 | 0.8753
0288 -  71.52 | 0.9550
0289 -  34.71 | 0.9002
0290 -  99.76 | 0.9320
0291 -  33.54 | 0.8635
0292 -  53.76 | 0.9276
0293 -  36.31 | 0.9891
0294 -  33.93 | 0.9058
0295 -  22.22 | 0.9471
0296 -   0.00 | 0.9809
0297 -  61.17 | 0.9504
0298 -   9.37 | 0.9310
0299 -  22.26 | 0.9831
0300 -  77.50 | 0.9221
0301 -  45.26 | 0.9450
0302 -  64.51 | 0.9547
0303 -  42.43 | 0.9565
0304 -   0.00 | 0.7240
0305 -  98.82 | 0.9392
0306 -  67.37 | 0.9535
0307 -  27.48 | 0.8709
0308 -  99.76 | 0.9119
0309 -  15.62 | 0.8935
0310 -  53.89 | 0.9491
0311 -  33.62 | 0.7726
0312 -  63.51 | 0.8135
0313 -  63.85 | 0.9258
0314 -   0.00 | 0.9595
0315 -  83.41 | 0.8970
0316 -   0.00 | 0.9596
0317 -  16.57 | 0.9498
0318 -  70.28 | 0.9719
0319 -   9.53 | 0.9769
0320 -  69.20 | 0.9866
0321 -  86.25 | 0.9362
0322 -  31.53 | 0.8327
0323 -  19.45 | 0.9702
0324 -   0.00 | 0.9893
0325 -  22.79 | 0.9340
0326 -   0.00 | 0.9722
0327 -  36.87 | 0.7992
0328 -  30.95 | 0.9733
0329 -  44.56 | 0.9527
0330 -  19.90 | 0.9156
0331 -  28.92 | 0.8598
0332 -  39.64 | 0.8203
0333 -  67.06 | 0.9660
0334 -  57.03 | 0.9695
0335 -   0.00 | 0.9561
0336 -   7.58 | 0.9465
0337 -  81.32 | 0.9751
0338 -  14.63 | 0.9021
0339 -  96.39 | 0.9535
0340 -  84.91 | 0.9090
0341 -  64.85 | 0.7674
0342 -  47.00 | 0.9606
0343 -  20.67 | 0.9197
0344 -  54.78 | 0.9329
0345 -  12.58 | 0.9786
0346 -  16.02 | 0.9160
0347 -  76.47 | 0.9756
0348 -  68.89 | 0.9669
0349 -  33.20 | 0.7814
0350 -  61.95 | 0.8281
0351 -  19.25 | 0.9458
0352 -  99.81 | 0.9469
0353 -  37.29 | 0.9685
0354 -  36.68 | 0.9716
0355 -  66.36 | 0.8972
0356 -  99.68 | 0.9431
0357 -  73.20 | 0.9575
0358 -  17.11 | 0.8895
0359 -  38.01 | 0.9381
0360 -  21.64 | 0.9752
0361 -  74.21 | 0.9833
0362 -  14.98 | 0.9750
0363 -  53.98 | 0.9563
0364 -  51.15 | 0.9620
0365 -  12.84 | 0.8852
0366 -  87.68 | 0.9749
0367 -  88.68 | 0.9655
0368 -  45.13 | 0.7572
0369 -  54.22 | 0.9282
0370 -   0.00 | 0.9623
0371 -   0.00 | 0.9714
0372 -  68.70 | 0.9540
0373 -  16.49 | 0.8770
0374 -  29.20 | 0.9848
0375 -  45.46 | 0.9516
0376 -  69.32 | 0.9346
0377 -  40.15 | 0.8067
0378 -  70.91 | 0.9166
0379 -  29.53 | 0.9298
0380 -   4.02 | 0.9872
0381 -  65.77 | 0.9520
0382 -  99.68 | 0.8740
0383 -  72.57 | 0.8094
0384 -  26.37 | 0.9813
0385 -   0.00 | 0.9658
0386 -   0.00 | 0.9464
0387 -  33.42 | 0.9375
0388 -  55.07 | 0.9405
0389 -  85.74 | 0.9556
0390 -   0.00 | 0.9253
0391 -  21.53 | 0.8068
0392 -  99.72 | 0.9285
0393 -   0.00 | 0.7924
0394 -  50.31 | 0.9073
0395 -  57.41 | 0.9810
0396 -  47.52 | 0.9772
0397 -  73.28 | 0.9780
0398 -  86.81 | 0.9228
0399 -  63.51 | 0.8680
0400 -  73.86 | 0.8617
0401 -  20.73 | 0.9828
0402 -  78.09 | 0.9499
0403 -  76.08 | 0.9086
0404 -   8.52 | 0.9606
0405 -  79.24 | 0.9494
0406 -  49.34 | 0.9325
0407 -  63.36 | 0.8623
0408 -   7.83 | 0.9886
0409 -  22.07 | 0.9188
0410 -  87.12 | 0.9578
0411 -   0.00 | 0.8469
0412 -  52.35 | 0.9683
0413 -  53.27 | 0.8494
0414 -  14.06 | 0.8007
0415 -  38.17 | 0.9154
0416 -   8.86 | 0.9586
0417 -   0.00 | 0.7971
0418 -  99.85 | 0.9586
0419 -  11.17 | 0.7601
0420 -  22.80 | 0.9670
0421 -  56.54 | 0.8148
0422 -  51.15 | 0.7358
0423 -  48.50 | 0.9033
0424 -  27.97 | 0.9488
0425 -  25.67 | 0.8284
0426 -   0.00 | 0.9016
0427 -  23.58 | 0.9720
0428 -   6.84 | 0.9360
0429 -  94.52 | 0.8309
0430 -  99.84 | 0.9342
0431 -   0.00 | 0.9649
0432 -  66.07 | 0.9733
0433 -  34.94 | 0.7170
0434 -  48.79 | 0.9375
0435 -  99.82 | 0.8907
0436 -  92.02 | 0.9861
0437 -   0.00 | 0.8861
0438 -  73.47 | 0.9627
0439 -   0.00 | 0.9059
0440 -  99.86 | 0.9597
0441 -  48.80 | 0.7521
0442 -   0.00 | 0.9823
0443 -  37.46 | 0.8966
0444 -  71.84 | 0.9524
0445 -  76.47 | 0.9923
0446 -  46.02 | 0.9755
0447 -  48.88 | 0.8088
0448 -  39.35 | 0.6628
0449 -  38.99 | 0.9198
0450 -  14.66 | 0.9770
0451 -   0.00 | 0.8183
0452 -   0.00 | 0.7884
0453 -  38.62 | 0.5954
0454 -  57.17 | 0.9274
0455 -  99.75 | 0.8884
0456 -  99.81 | 0.9685
0457 -  76.04 | 0.9651
0458 -  48.67 | 0.6859
0459 -   0.00 | 0.9392
0460 -  11.98 | 0.9849
0461 -   9.10 | 0.8612
0462 -  90.72 | 0.9119
0463 -  99.82 | 0.9162
0464 -  62.76 | 0.8760
0465 -  81.36 | 0.9923
0466 -  38.37 | 0.9039
0467 -  87.85 | 0.9782
0468 -  94.35 | 0.9771
0469 -   6.40 | 0.9489
0470 -   0.00 | 0.9466
0471 -  55.04 | 0.9550
0472 -  69.95 | 0.7200
0473 -   7.24 | 0.9566
0474 -  20.71 | 0.9394
0475 -  39.31 | 0.9557
0476 -   0.00 | 0.9342
0477 -  32.94 | 0.9642
0478 -  70.15 | 0.8389
0479 -  54.81 | 0.9417
0480 -   0.00 | 0.8537
0481 -  74.66 | 0.9754
0482 -  22.65 | 0.9445
0483 -  18.89 | 0.9615
0484 -  17.74 | 0.8870
0485 -  61.35 | 0.9142
0486 -  78.02 | 0.9612
0487 -  99.85 | 0.9459
0488 -  36.68 | 0.9657
0489 -  44.06 | 0.9413
0490 -  89.71 | 0.9746
0491 -  14.04 | 0.9478
0492 -  43.01 | 0.8398
0493 -  99.81 | 0.9187
0494 -  20.70 | 0.8148
0495 -  20.81 | 0.9898
0496 -  29.54 | 0.9282
0497 -  63.78 | 0.8652
0498 -  79.74 | 0.9655
0499 -  52.64 | 0.9655
0500 -   0.00 | 0.8970
0501 -  65.47 | 0.9106
0502 -  16.34 | 0.8679
0503 -  69.07 | 0.9594
0504 -  67.92 | 0.7751
0505 -  25.03 | 0.7713
0506 -  65.33 | 0.9781
0507 -   0.00 | 0.6513
0508 -  20.91 | 0.9469
0509 -  98.37 | 0.9377
0510 -  11.41 | 0.9534
0511 -  55.66 | 0.9763
0512 -  79.94 | 0.9241
0513 -  17.55 | 0.9732
0514 -  90.58 | 0.9141
0515 -  27.05 | 0.9467
0516 -  62.11 | 0.8445
0517 -  30.02 | 0.9069
0518 -  59.95 | 0.9573
0519 -  56.95 | 0.9795
0520 -  29.32 | 0.9679
0521 -  42.27 | 0.8664
0522 -  24.85 | 0.9549
0523 -  53.84 | 0.9745
0524 -   5.95 | 0.8721
0525 -  14.17 | 0.9645
0526 -  91.55 | 0.9676
0527 -  70.23 | 0.9711
0528 -  18.41 | 0.9601
0529 -   6.42 | 0.8295
0530 -  31.86 | 0.8555
0531 -  80.48 | 0.8245
0532 -  67.29 | 0.8253
0533 -  48.61 | 0.9653
0534 -  91.67 | 0.9585
0535 -   0.00 | 0.8054
0536 - 100.00 | 0.9636
0537 -  67.05 | 0.8211
0538 -  70.74 | 0.9446
0539 -   7.15 | 0.9331
0540 -  84.01 | 0.9060
0541 -  62.75 | 0.9090
0542 -  28.31 | 0.9386
0543 -   0.00 | 0.9478
0544 -   0.00 | 0.8721
0545 -  96.21 | 0.8775
0546 -   7.95 | 0.9049
0547 -  75.39 | 0.9660
0548 -  47.49 | 0.8623
0549 -  63.91 | 0.9274
0550 -  49.20 | 0.8971
0551 -  99.80 | 0.9117
0552 -  40.72 | 0.9649
0553 -   0.00 | 0.9349
0554 -  46.13 | 0.9370
0555 -  40.82 | 0.9811
0556 -   0.00 | 0.9112
0557 -  58.88 | 0.7634
0558 -  76.68 | 0.9803
0559 -   0.00 | 0.5975
0560 -  84.52 | 0.9189
0561 -  89.35 | 0.8898
0562 -  16.43 | 0.9788
0563 -  47.64 | 0.9866
0564 -  32.24 | 0.9606
0565 -   9.98 | 0.8953
0566 -  11.45 | 0.9076
0567 -   0.00 | 0.9531
0568 -  11.19 | 0.8755
0569 -   8.83 | 0.9690
0570 -  14.52 | 0.9415
0571 -   0.00 | 0.9504
0572 -   0.00 | 0.9851
0573 -  59.57 | 0.9465
0574 -   0.00 | 0.9687
0575 -  64.48 | 0.7893
0576 -  35.84 | 0.9620
0577 -  79.51 | 0.9592
0578 -  63.12 | 0.9867
0579 -  55.16 | 0.9429
0580 -  31.12 | 0.9804
0581 -  57.38 | 0.9236
0582 -  33.84 | 0.8859
0583 -  67.71 | 0.9661
0584 -  22.73 | 0.9401
0585 -  52.17 | 0.8473
0586 -  30.24 | 0.9767
0587 -  92.41 | 0.8591
0588 -  69.58 | 0.7647
0589 -  54.83 | 0.9339
0590 -   8.11 | 0.9564
0591 -   0.00 | 0.8681
0592 -  28.69 | 0.8068
0593 -  69.80 | 0.9830
0594 -  20.99 | 0.9137
0595 -  27.37 | 0.9640
0596 - 100.00 | 0.9155
0597 -   0.00 | 0.9212
0598 -  17.85 | 0.9709
0599 -  15.12 | 0.8237
0600 -  19.41 | 0.7463
0601 -  55.83 | 0.9039
0602 -  34.68 | 0.9068
0603 -  41.96 | 0.8833
0604 -   0.00 | 0.8933
0605 -  37.45 | 0.9373
0606 -  67.16 | 0.9475
0607 -  24.07 | 0.9562
0608 -  23.71 | 0.8893
0609 -   0.00 | 0.9286
0610 -  70.03 | 0.8809
0611 -  74.08 | 0.8274
0612 -  82.73 | 0.9551
0613 -  72.96 | 0.9855
0614 -  52.70 | 0.9155
0615 -  71.76 | 0.8932
0616 -  62.24 | 0.8807
0617 -  62.60 | 0.9417
0618 -   0.00 | 0.8802
0619 -   0.00 | 0.9213
0620 -  58.73 | 0.9560
0621 -  32.04 | 0.9557
0622 -  62.79 | 0.9321
0623 -  53.58 | 0.9612
0624 -  79.28 | 0.9350
0625 -  22.74 | 0.9604
0626 -  67.81 | 0.9518
0627 -  22.89 | 0.9510
0628 -  89.79 | 0.9632
0629 -  12.90 | 0.9545
0630 -   5.21 | 0.9593
0631 -  73.65 | 0.8823
0632 -  48.69 | 0.7461
0633 -  94.60 | 0.9802
0634 -  11.17 | 0.5918
0635 - 100.00 | 0.9328
0636 -  16.69 | 0.9385
0637 -  24.63 | 0.8236
0638 -  23.77 | 0.8978
0639 -  69.85 | 0.9267
0640 -  63.37 | 0.9418
0641 -  30.49 | 0.9127
0642 -  88.95 | 0.9558
0643 -  47.29 | 0.9905
0644 -  23.44 | 0.9042
0645 -  32.39 | 0.9023
0646 -  21.80 | 0.7690
0647 -  89.31 | 0.8754
0648 -  18.59 | 0.8681
0649 -  55.99 | 0.8573
0650 -  76.27 | 0.9225
0651 -  88.25 | 0.9621
0652 -   7.50 | 0.9610
0653 -  12.91 | 0.9805
0654 -  93.23 | 0.7529
0655 -  10.30 | 0.8226
0656 -  49.22 | 0.9846
0657 -  33.69 | 0.9848
0658 -   0.00 | 0.9847
0659 -  64.29 | 0.9000
0660 -  22.88 | 0.8363
0661 -   0.00 | 0.6676
0662 -  71.68 | 0.9362
0663 -  20.93 | 0.8437
0664 -  50.22 | 0.9191
0665 -  85.96 | 0.9825
0666 -  57.63 | 0.9895
0667 -  24.87 | 0.9647
0668 -  54.57 | 0.8290
0669 -   0.00 | 0.9645
0670 -  58.39 | 0.8883
0671 -  56.39 | 0.9159
0672 -  71.84 | 0.9589
0673 -  39.61 | 0.9107
0674 -  14.05 | 0.9887
0675 -   0.00 | 0.8747
0676 -  49.19 | 0.8805
0677 -   6.85 | 0.7970
0678 -  74.41 | 0.9008
0679 -  84.20 | 0.9660
0680 -  96.65 | 0.9269
0681 -  77.87 | 0.9620
0682 -   0.00 | 0.9994
0683 -  79.84 | 0.9327
0684 -  31.74 | 0.6624
0685 -  46.75 | 0.9701
0686 -  40.27 | 0.8581
0687 -   0.00 | 0.9500
0688 -  59.69 | 0.9495
0689 -  81.96 | 0.9907
0690 -  35.41 | 0.9764
0691 -  97.12 | 0.9698
0692 -  97.42 | 0.9554
0693 -   8.12 | 0.9859
0694 -   0.00 | 0.9493
0695 -  74.47 | 0.9727
0696 -  99.79 | 0.9520
0697 -  51.59 | 0.8854
0698 -   0.00 | 0.6965
0699 -  30.95 | 0.9023
0700 -   0.00 | 0.9062
0701 -  62.85 | 0.7669
0702 -   0.00 | 0.9064
0703 -  25.74 | 0.9860
0704 -  34.37 | 0.8621
0705 -   0.00 | 0.9392
0706 -  70.78 | 0.8876
0707 -  51.36 | 0.9837
0708 -  99.66 | 0.8687
0709 -  15.16 | 0.8909
0710 -   0.00 | 0.9546
0711 -  33.16 | 0.7056
0712 -  16.60 | 0.6920
0713 -   0.00 | 0.9128
0714 -  10.35 | 0.8960
0715 -  68.19 | 0.9501
0716 -   0.00 | 0.9027
0717 -  59.33 | 0.9226
0718 -  86.86 | 0.9182
0719 -  99.78 | 0.9287
0720 -  60.47 | 0.9820
0721 -   0.00 | 0.8723
0722 -  99.77 | 0.9201
0723 -  66.44 | 0.9343
0724 -   0.00 | 0.9377
0725 -  17.97 | 0.9106
0726 -   0.00 | 0.9650
0727 -  17.95 | 0.8845
0728 - 100.00 | 0.7634
0729 -  92.12 | 0.9614
0730 -  76.91 | 0.8510
0731 -  72.95 | 0.8431
0732 -  60.07 | 0.9548
0733 -  61.69 | 0.9745
0734 -   0.00 | 0.9235
0735 -   0.00 | 0.8301
0736 -  98.17 | 0.9424
0737 -  60.14 | 0.8683
0738 -  88.41 | 0.8671
0739 -  21.33 | 0.9391
0740 -  15.73 | 0.9166
0741 -   0.00 | 0.9186
0742 -   0.00 | 0.8441
0743 -  37.61 | 0.9600
0744 -   5.00 | 0.9248
0745 -  16.85 | 0.8675
0746 -  21.76 | 0.9323
0747 -  75.32 | 0.9094
0748 -   0.00 | 0.8869
0749 -  75.66 | 0.8854
0750 -  15.43 | 0.9645
0751 -  28.06 | 0.8416
0752 -  38.53 | 0.8468
0753 -  38.67 | 0.9844
0754 -   9.88 | 0.8978
0755 -  76.61 | 0.7499
0756 -  14.08 | 0.9552
0757 -  39.34 | 0.9865
0758 -   0.00 | 0.9330
0759 -  30.77 | 0.9566
0760 -  44.35 | 0.7114
0761 -  18.86 | 0.9696
0762 -  14.69 | 0.8000
0763 -  61.91 | 0.9642
0764 -  66.09 | 0.8642
0765 -  28.30 | 0.8808
0766 -  77.90 | 0.8638
0767 -  96.96 | 0.9748
0768 -  81.88 | 0.9549
0769 -  75.45 | 0.9269
0770 -  24.19 | 0.9124
0771 -  30.13 | 0.7233
0772 -  26.29 | 0.8979
0773 -   0.00 | 0.8561
0774 -  49.99 | 0.8698
0775 -  16.64 | 0.8905
0776 -   0.00 | 0.8308
0777 -  51.54 | 0.8126
0778 -  79.64 | 0.8173
0779 -  58.21 | 0.9707
0780 -  11.87 | 0.4852
0781 -  99.45 | 0.8186
0782 -  16.54 | 0.8617
0783 -  63.02 | 0.9480
0784 -  57.67 | 0.8681
0785 -  30.10 | 0.9827
0786 -  69.63 | 0.8378
0787 -   0.00 | 0.8538
0788 -  63.25 | 0.8089
0789 -   8.06 | 0.7344
0790 -  23.84 | 0.8929
0791 -  84.21 | 0.8738
0792 -  52.40 | 0.8876
0793 -  72.76 | 0.9741
0794 -  19.46 | 0.9774
0795 -  42.80 | 0.9194
0796 -  47.28 | 0.9705
0797 -  82.45 | 0.7771
0798 -   0.00 | 0.9285
0799 -   0.00 | 0.8123
0800 -   0.00 | 0.8267
0801 -  16.18 | 0.8307
0802 -  79.98 | 0.9915
0803 -   0.00 | 0.5167
0804 -   0.00 | 0.8216
0805 -  13.39 | 0.8756
0806 -  90.99 | 0.9786
0807 -   8.08 | 0.9052
0808 -  31.57 | 0.9600
0809 -  30.41 | 0.9733
0810 -  97.68 | 0.9119
0811 -  14.40 | 0.9524
0812 -  20.44 | 0.8110
0813 -  99.79 | 0.9150
0814 -  12.32 | 0.9532
0815 -  63.63 | 0.9737
0816 -   0.00 | 0.8194
0817 -  37.74 | 0.8271
0818 -  63.72 | 0.8185
0819 -  30.28 | 0.9468
0820 -  24.77 | 0.9475
0821 -  99.01 | 0.9591
0822 -   0.00 | 0.9017
0823 -  15.19 | 0.8855
0824 -  81.67 | 0.8908
0825 -  45.96 | 0.9713
0826 -  52.00 | 0.9917
0827 -   4.00 | 0.9662
0828 -   0.00 | 0.8249
0829 -   0.00 | 0.7868
0830 -  73.88 | 0.9534
0831 -  65.68 | 0.9095
0832 -  94.43 | 0.8959
0833 -  51.54 | 0.9522
0834 -  89.04 | 0.9821
0835 -  27.82 | 0.9502
0836 -   0.00 | 0.8466
0837 -  42.15 | 0.9406
0838 -  33.55 | 0.9837
0839 -  67.66 | 0.9234
0840 -   0.00 | 0.8009
0841 -  90.56 | 0.9844
0842 -   0.00 | 0.9381
0843 -   0.00 | 0.9195
0844 -   0.00 | 0.9466
0845 -  61.93 | 0.9728
0846 -  12.12 | 0.9604
0847 -  70.56 | 0.8682
0848 -  60.40 | 0.9803
0849 -  61.29 | 0.9158
0850 -  35.34 | 0.8251
0851 -  99.79 | 0.9168
0852 -  94.87 | 0.9486
0853 -  82.42 | 0.9342
0854 -   0.00 | 0.8980
0855 -  34.46 | 0.9641
0856 -  49.82 | 0.9211
0857 -   9.24 | 0.9717
0858 -  61.98 | 0.9802
0859 -  14.59 | 0.8268
0860 -  41.59 | 0.8391
0861 -  74.64 | 0.8467
0862 -  40.69 | 0.8659
0863 -  74.67 | 0.9088
0864 -  67.23 | 0.9765
0865 -  29.01 | 0.9181
0866 -   8.68 | 0.9397
0867 -   0.00 | 0.9732
0868 -  24.29 | 0.9296
0869 -  98.66 | 0.9806
0870 -  41.50 | 0.9906
0871 -  77.30 | 0.9338
0872 -  34.19 | 0.9294
0873 -  31.98 | 0.8634
0874 -  55.05 | 0.8558
0875 -  95.92 | 0.9701
0876 -  39.33 | 0.9032
0877 -  85.81 | 0.9772
0878 -   0.00 | 0.8250
0879 -  19.40 | 0.9037
0880 -   0.00 | 0.7549
0881 -  49.14 | 0.9375
0882 -  99.46 | 0.8928
0883 -   0.00 | 0.8945
0884 -  29.95 | 0.9263
0885 -  81.62 | 0.9900
0886 -  62.75 | 0.8233
0887 -  11.11 | 0.9266
0888 -  41.38 | 0.8538
0889 -  61.22 | 0.9363
0890 -  25.89 | 0.9419
0891 -  98.87 | 0.9188
0892 -  63.29 | 0.9352
0893 -   0.00 | 0.9668
0894 -  91.15 | 0.9773
0895 -  12.18 | 0.7549
0896 -  25.15 | 0.9140
0897 -  98.05 | 0.9657
0898 -  17.71 | 0.9641
0899 -  98.47 | 0.8623
0900 -  56.35 | 0.9584
0901 -  11.48 | 0.9599
0902 -  25.53 | 0.9004
0903 -   0.00 | 0.8550
0904 -  62.53 | 0.9348
0905 -   0.00 | 0.9393
0906 -  36.97 | 0.8786
0907 -  36.52 | 0.9502
0908 -  58.23 | 0.9437
0909 -  73.07 | 0.9399
0910 -  95.35 | 0.9794
0911 -   0.00 | 0.9027
0912 -   0.00 | 0.9121
0913 -  19.48 | 0.9650
0914 -  29.49 | 0.8121
0915 -   0.00 | 0.9576
0916 -   0.00 | 0.8793
0917 -  99.77 | 0.9479
0918 -  86.17 | 0.9396
0919 -  93.68 | 0.9688
0920 -  71.96 | 0.7696
0921 -  11.62 | 0.8757
0922 -   7.59 | 0.8983
0923 -  69.30 | 0.8102
0924 -  16.40 | 0.9820
0925 -  66.20 | 0.8772
0926 -  11.64 | 0.9816
0927 -  99.41 | 0.7758
0928 -  12.65 | 0.9343
0929 -  26.35 | 0.9557
0930 -  94.36 | 0.9764
0931 -  23.70 | 0.9348
0932 -   0.00 | 0.9663
0933 -  11.12 | 0.9866
0934 -   0.00 | 0.9280
0935 -  33.62 | 0.9850
0936 -  39.01 | 0.9497
0937 -  75.98 | 0.9258
0938 -  62.39 | 0.9659
0939 -  99.87 | 0.9613
0940 -  62.76 | 0.8752
0941 -  44.47 | 0.9164
0942 -   0.00 | 0.9309
0943 -  12.92 | 0.9247
0944 -  80.13 | 0.8907
0945 -  18.60 | 0.9739
0946 -  25.15 | 0.9856
0947 -  43.80 | 0.8837
0948 -  12.87 | 0.9339
0949 -  29.28 | 0.8361
0950 -  15.47 | 0.7246
0951 -  88.10 | 0.9729
0952 -  99.78 | 0.8985
0953 -  93.72 | 0.9699
0954 -   9.86 | 0.9401
0955 -  68.62 | 0.9649
0956 -  49.36 | 0.7045
0957 -  52.17 | 0.9214
0958 -  87.06 | 0.9295
0959 -  84.42 | 0.9457
0960 -   9.91 | 0.6360
0961 -  13.30 | 0.8446
0962 -  69.86 | 0.8566
0963 -  67.18 | 0.7746
0964 -  59.57 | 0.9444
0965 -  95.06 | 0.9403
0966 -  82.40 | 0.7027
0967 -  68.26 | 0.8168
0968 -   0.00 | 0.9036
0969 -  25.26 | 0.7585
0970 -  21.24 | 0.9094
0971 -   0.00 | 0.9199
0972 -  72.72 | 0.9910
0973 -  29.38 | 0.9364
0974 -  14.30 | 0.9819
0975 -   0.00 | 0.9126
0976 -  54.28 | 0.4556
0977 -  81.23 | 0.9504
0978 -  78.21 | 0.9743
0979 -  26.76 | 0.8788
0980 -  47.21 | 0.8694
0981 -  99.83 | 0.9728
0982 -   0.00 | 0.7741
0983 -  82.32 | 0.8337
0984 -  30.66 | 0.9075
0985 -   0.00 | 0.7508
0986 -  22.02 | 0.9152
0987 -  77.56 | 0.9728
0988 -   7.99 | 0.9761
0989 -  24.52 | 0.6023
0990 -  13.84 | 0.9690
0991 -  99.72 | 0.9444
0992 -  45.75 | 0.9107
0993 -  79.29 | 0.9052
0994 -  13.34 | 0.7397
0995 -   8.52 | 0.9507
0996 -  74.03 | 0.8871
0997 -  95.73 | 0.9501
0998 -  99.66 | 0.9478
0999 -  33.30 | 0.9336
1000 -   0.00 | 0.9223
======================
