======================
BLEU:            89.29
SIM:            0.9616
======================
         BLEU | SIM
0001 -  75.96 | 0.9578
0002 -  92.72 | 0.9761
0003 -  27.18 | 0.9871
0004 -  16.53 | 0.9460
0005 -  26.36 | 0.9706
0006 -  94.51 | 0.9971
0007 -  84.59 | 0.9736
0008 -  32.63 | 0.9306
0009 -  43.35 | 0.9796
0010 -  90.38 | 0.9813
0011 -  39.41 | 0.9548
0012 -  52.90 | 0.9715
0013 -  67.83 | 0.9782
0014 -  45.57 | 0.9863
0015 -  68.16 | 0.9611
0016 -  90.29 | 0.9600
0017 -  15.40 | 0.9411
0018 -  34.97 | 0.9754
0019 -  36.79 | 0.9862
0020 -  58.97 | 0.9954
0021 -  81.88 | 0.9922
0022 -  93.74 | 0.9586
0023 -  97.54 | 0.9802
0024 -  36.28 | 0.9748
0025 -  45.13 | 0.8846
0026 -  77.03 | 0.9915
0027 -   0.00 | 0.8947
0028 -  61.00 | 0.9699
0029 -   9.04 | 0.9637
0030 -  43.70 | 0.9787
0031 -  11.95 | 0.9935
0032 -  87.73 | 0.9895
0033 -  94.34 | 0.9719
0034 -  21.88 | 0.9738
0035 -   0.00 | 0.9829
0036 -   0.00 | 0.9533
0037 -  12.88 | 0.9188
0038 -  29.56 | 0.9628
0039 -  63.22 | 0.9876
0040 -  45.98 | 0.9910
0041 -  51.75 | 0.9878
0042 -  32.36 | 0.9223
0043 -   0.00 | 0.9958
0044 -  80.38 | 0.9806
0045 -  93.03 | 0.9663
0046 -  30.57 | 0.9642
0047 -  72.96 | 0.5765
0048 -  91.72 | 0.9891
0049 -  58.47 | 0.9831
0050 -  71.18 | 0.9820
0051 -   0.00 | 0.8959
0052 -  14.54 | 0.9691
0053 -  41.68 | 0.9789
0054 -   6.17 | 0.9853
0055 -  92.41 | 0.9570
0056 -  84.64 | 0.9584
0057 -  29.03 | 0.9571
0058 -  49.25 | 0.9519
0059 -  70.99 | 0.9834
0060 -  52.37 | 0.9913
0061 -  96.54 | 0.9893
0062 -  83.71 | 0.9254
0063 -  63.41 | 0.9060
0064 -  52.69 | 0.9912
0065 -  66.21 | 0.9567
0066 -  66.23 | 0.9759
0067 -   9.32 | 0.9888
0068 -  86.10 | 0.9741
0069 -   0.00 | 0.9665
0070 -  23.21 | 0.9939
0071 -  35.13 | 0.9882
0072 -  22.92 | 0.9862
0073 -   0.00 | 0.9177
0074 -  96.92 | 0.9761
0075 -  88.30 | 0.9602
0076 -  27.50 | 0.9875
0077 -  86.71 | 0.9722
0078 -  14.68 | 0.9760
0079 -  29.39 | 0.9780
0080 -  90.20 | 0.9404
0081 -  35.80 | 0.9783
0082 -  66.13 | 0.9794
0083 -  51.45 | 0.9139
0084 -  38.51 | 0.9336
0085 -  15.71 | 0.9825
0086 -  66.20 | 0.8674
0087 -   0.00 | 0.9680
0088 -  92.52 | 0.9867
0089 -  86.57 | 0.9561
0090 -  16.42 | 0.9516
0091 -  72.15 | 0.9199
0092 -  76.42 | 0.9425
0093 -  92.65 | 0.9268
0094 -  70.19 | 0.5428
0095 -  95.17 | 0.9778
0096 -  31.50 | 0.9654
0097 -  78.28 | 0.9820
0098 -  71.00 | 0.9653
0099 -  96.21 | 0.9815
0100 -  61.43 | 0.9650
0101 -  49.40 | 0.9770
0102 -  73.50 | 0.9659
0103 -  42.94 | 0.9478
0104 -  35.76 | 0.9878
0105 -  37.56 | 0.9809
0106 -  53.75 | 0.9657
0107 -  43.14 | 0.9951
0108 -  85.61 | 0.7837
0109 -   0.00 | 0.9856
0110 -  81.92 | 0.9281
0111 -  74.42 | 0.9574
0112 -  59.53 | 0.9692
0113 -  28.37 | 0.9840
0114 -  22.09 | 0.9884
0115 -  90.59 | 0.9670
0116 -  73.59 | 0.9500
0117 -   8.97 | 0.9893
0118 -  61.75 | 0.9731
0119 -  92.22 | 0.9624
0120 -  74.72 | 0.8719
0121 -  39.67 | 0.9821
0122 -  97.19 | 0.9593
0123 -  57.65 | 0.9623
0124 -  93.24 | 0.9852
0125 -  94.43 | 0.9866
0126 -  95.71 | 0.9470
0127 -  66.82 | 0.9463
0128 -  38.51 | 0.9622
0129 -  95.49 | 0.9710
0130 -  94.50 | 0.9834
0131 -   0.00 | 0.9683
0132 -  25.68 | 0.9342
0133 -  65.99 | 0.9588
0134 -   8.93 | 0.9447
0135 -  47.28 | 0.9877
0136 -   0.00 | 0.8366
0137 -  28.28 | 0.9855
0138 -  86.30 | 0.9305
0139 -   0.00 | 0.9696
0140 -  78.30 | 0.8983
0141 -   6.10 | 0.9891
0142 -  47.68 | 0.9932
0143 -  37.49 | 0.9796
0144 -  69.78 | 0.9903
0145 -   0.00 | 0.9487
0146 -  88.26 | 0.9303
0147 -  81.28 | 0.9920
0148 -   8.34 | 0.9808
0149 -  92.30 | 0.9685
0150 -   5.43 | 0.9902
0151 -  23.06 | 0.9762
0152 -  89.37 | 0.9468
0153 -  91.45 | 0.9027
0154 -  24.68 | 0.9731
0155 -  10.50 | 0.9723
0156 -  68.00 | 0.9915
0157 -  93.28 | 0.9387
0158 -  83.76 | 0.9696
0159 -  45.94 | 0.9794
0160 -  43.54 | 0.9573
0161 -  94.55 | 0.9530
0162 -  30.39 | 0.9844
0163 -  60.02 | 0.9836
0164 -  95.40 | 0.9888
0165 -  74.35 | 0.9839
0166 -  32.64 | 0.9908
0167 -  47.19 | 0.9011
0168 -  55.42 | 0.9934
0169 -  91.15 | 0.9750
0170 -  49.24 | 0.9681
0171 -  48.01 | 0.9684
0172 -  89.08 | 0.9759
0173 -  94.51 | 0.9759
0174 -  68.43 | 0.9828
0175 -  82.00 | 0.9660
0176 -  68.91 | 0.9854
0177 -  95.96 | 0.9795
0178 -  67.49 | 0.9067
0179 -  81.03 | 0.9068
0180 -  65.15 | 0.9427
0181 -  95.00 | 0.9563
0182 -   4.52 | 0.9810
0183 -  71.79 | 0.9681
0184 -  50.72 | 0.9643
0185 -  46.25 | 0.9708
0186 -  28.25 | 0.9914
0187 -  20.98 | 0.9351
0188 -  75.07 | 0.9522
0189 -  46.18 | 0.8393
0190 -   0.00 | 0.9573
0191 -  26.97 | 0.9382
0192 -  15.43 | 0.9621
0193 -   7.59 | 0.9417
0194 -  88.87 | 0.9849
0195 -  67.15 | 0.9860
0196 -   0.00 | 0.9791
0197 -  61.29 | 0.9368
0198 -  83.47 | 0.9701
0199 -  90.01 | 0.9279
0200 -  85.16 | 0.9829
0201 -  14.58 | 0.9813
0202 -  57.52 | 0.9657
0203 -  39.37 | 0.9555
0204 -  17.66 | 0.9966
0205 -  90.06 | 0.9525
0206 -  95.43 | 0.9872
0207 -  93.25 | 0.9803
0208 -  71.96 | 0.9572
0209 -  86.54 | 0.9607
0210 -  37.95 | 0.9858
0211 -  24.15 | 0.9738
0212 -  26.06 | 0.9853
0213 -  39.11 | 0.9781
0214 -   6.06 | 0.9590
0215 -  55.93 | 0.9391
0216 -  92.92 | 0.9791
0217 -  79.12 | 0.8300
0218 -  53.38 | 0.9777
0219 -  35.85 | 0.9674
0220 -  59.49 | 0.9054
0221 -  80.99 | 0.8876
0222 -   0.00 | 0.9970
0223 -  46.84 | 0.9340
0224 -  96.57 | 0.9913
0225 -  43.06 | 0.9763
0226 -  66.51 | 0.9619
0227 -   0.00 | 0.9474
0228 -  92.42 | 0.9726
0229 -  31.61 | 0.9843
0230 -  84.37 | 0.9726
0231 -  89.17 | 0.9899
0232 -  12.58 | 0.9694
0233 -  54.65 | 0.9455
0234 -  24.42 | 0.9866
0235 -  58.88 | 0.9237
0236 -   0.00 | 0.9432
0237 -  74.36 | 0.9607
0238 -  64.90 | 0.9814
0239 -  54.76 | 0.9694
0240 -  10.90 | 0.9847
0241 -  41.30 | 0.9782
0242 -   5.43 | 0.9938
0243 -  72.20 | 0.8924
0244 -  25.19 | 0.9861
0245 -   0.00 | 0.9807
0246 -  71.16 | 0.8551
0247 -  96.20 | 0.9895
0248 -  16.74 | 0.9539
0249 -  71.58 | 0.8929
0250 -   0.00 | 0.9854
0251 -  70.04 | 0.9380
0252 -  18.16 | 0.9846
0253 -  15.99 | 0.9725
0254 -  40.80 | 0.9551
0255 -  13.44 | 0.9544
0256 -   9.23 | 0.9792
0257 -  95.18 | 0.9972
0258 -  55.91 | 0.9831
0259 -  88.41 | 0.9441
0260 -  76.54 | 0.8478
0261 -  98.08 | 0.8490
0262 -  30.03 | 0.9997
0263 -  54.82 | 0.8447
0264 -  26.85 | 0.8993
0265 -  88.92 | 0.9439
0266 -  68.25 | 0.9528
0267 -  14.61 | 0.9772
0268 -  93.92 | 0.9288
0269 -  70.55 | 0.9964
0270 -  45.51 | 0.9613
0271 -  18.23 | 0.9753
0272 -  50.56 | 0.9430
0273 -   8.77 | 0.9406
0274 -  94.19 | 0.9840
0275 -  91.83 | 0.9979
0276 -  51.83 | 0.9821
0277 -  97.26 | 0.9796
0278 -  24.32 | 0.9083
0279 -  76.20 | 0.9871
0280 -  49.52 | 0.9955
0281 -   0.00 | 0.9847
0282 -  10.75 | 0.9859
0283 -  50.10 | 0.9776
0284 -  92.45 | 0.9792
0285 -  70.39 | 0.9744
0286 -  71.57 | 0.9785
0287 -  39.82 | 0.9785
0288 -   0.00 | 0.9834
0289 -   0.00 | 0.9738
0290 -  75.78 | 0.9792
0291 -  47.41 | 0.8742
0292 -  38.60 | 0.9928
0293 -  39.82 | 0.9592
0294 -  87.92 | 0.9859
0295 -  11.49 | 0.9005
0296 -  96.34 | 0.9829
0297 -  91.19 | 0.9688
0298 -   4.91 | 0.9757
0299 -  21.89 | 0.9898
0300 -  76.06 | 0.9774
0301 -  86.61 | 0.9140
0302 -  28.33 | 0.9677
0303 -  80.51 | 0.9514
0304 -   0.00 | 0.9779
0305 -  81.80 | 0.9841
0306 -   0.00 | 0.9781
0307 -  25.19 | 0.9257
0308 -  21.47 | 0.9727
0309 -  33.63 | 0.9794
0310 -  11.63 | 0.9512
0311 -  66.50 | 0.9875
0312 -  95.57 | 0.9908
0313 -  60.41 | 0.9141
0314 -  41.76 | 0.9751
0315 -  86.93 | 0.9709
0316 -  53.37 | 0.9907
0317 -  60.82 | 0.9977
0318 -  64.78 | 0.8704
0319 -  64.65 | 0.9764
0320 -   0.00 | 0.9776
0321 -  48.55 | 0.9810
0322 -  93.18 | 0.9925
0323 -  12.92 | 0.9890
0324 -   0.00 | 0.9405
0325 -  82.15 | 0.8560
0326 -  95.60 | 0.9832
0327 -  93.00 | 0.9791
0328 -  12.82 | 0.9961
0329 -  88.02 | 0.9587
0330 -  67.74 | 0.9092
0331 -  16.79 | 0.9599
0332 -  30.82 | 0.9593
0333 -  41.30 | 0.9492
0334 -  87.95 | 0.9667
0335 -  77.65 | 0.9883
0336 -  65.51 | 0.9139
0337 -  86.93 | 0.9962
0338 -   0.00 | 0.9372
0339 -  21.92 | 0.9747
0340 -  92.34 | 0.9981
0341 -  95.43 | 0.9908
0342 -  45.84 | 0.9771
0343 -  68.60 | 0.9948
0344 -  62.58 | 0.9804
0345 -  52.90 | 0.9799
0346 -  92.75 | 0.9885
0347 -  12.91 | 0.9876
0348 -  49.89 | 0.9848
0349 -  64.75 | 0.9802
0350 -  41.27 | 0.9491
0351 -  96.25 | 0.9796
0352 -  89.60 | 0.8742
0353 -  96.75 | 0.9917
0354 -  93.98 | 0.9860
0355 -  87.44 | 0.9892
0356 -  58.58 | 0.9963
0357 -  76.42 | 0.9810
0358 -  73.80 | 0.9231
0359 -  93.08 | 0.9799
0360 -  33.86 | 0.9363
0361 -  96.52 | 0.9929
0362 -  82.55 | 0.9790
0363 -   6.03 | 0.9733
0364 -  91.86 | 0.9612
0365 -  94.85 | 0.9912
0366 -  89.01 | 0.9372
0367 -  90.45 | 0.9615
0368 -  83.53 | 0.9643
0369 -  66.58 | 0.9814
0370 -   9.17 | 0.9842
0371 -  11.86 | 0.9870
0372 -  18.25 | 0.9951
0373 -  95.78 | 0.9608
0374 -   5.55 | 0.9781
0375 -  92.50 | 0.9125
0376 -  74.58 | 0.9849
0377 -  82.82 | 0.9588
0378 -   0.00 | 0.9003
0379 -  81.22 | 0.9753
0380 -  94.53 | 0.9814
0381 -   0.00 | 0.9964
0382 -  88.04 | 0.9333
0383 -  89.80 | 0.9538
0384 -  13.03 | 0.9723
0385 -  10.00 | 0.9873
0386 -  67.34 | 0.9930
0387 -  38.45 | 0.9902
0388 -  21.46 | 0.9793
0389 -  91.80 | 0.9539
0390 -  13.47 | 0.9839
0391 -  74.70 | 0.8171
0392 -  65.67 | 0.9792
0393 -  41.04 | 0.9608
0394 -  33.75 | 0.9656
0395 -  92.19 | 0.9951
0396 -  90.70 | 0.9902
0397 -  90.07 | 0.9681
0398 -  22.67 | 0.9690
0399 -  86.38 | 0.9648
0400 -  96.96 | 0.9786
0401 -  76.93 | 0.9798
0402 -  33.75 | 0.9865
0403 -  27.21 | 0.9746
0404 -  44.94 | 0.9887
0405 -  69.37 | 0.9693
0406 -  24.59 | 0.9677
0407 -  80.81 | 0.9682
0408 -  96.93 | 0.9863
0409 -  95.49 | 0.9872
0410 -  94.16 | 0.9671
0411 -  25.99 | 0.9768
0412 -   9.16 | 0.9251
0413 -  66.52 | 0.9808
0414 -  43.38 | 0.9675
0415 -  26.11 | 0.9725
0416 -  84.01 | 0.9718
0417 -  93.30 | 0.9561
0418 -  93.74 | 0.9811
0419 -  56.46 | 0.9936
0420 -  21.19 | 0.9368
0421 -  33.66 | 0.9716
0422 -  24.53 | 0.9937
0423 -  18.76 | 0.9729
0424 -  78.89 | 0.9704
0425 -   8.48 | 0.9948
0426 -  95.28 | 0.9282
0427 -   5.00 | 0.9768
0428 -  72.41 | 0.9917
0429 -  56.33 | 0.9591
0430 -  85.89 | 0.9379
0431 -  56.62 | 0.9740
0432 -  94.50 | 0.9910
0433 -  94.94 | 0.9840
0434 -  71.65 | 0.9543
0435 -  33.93 | 0.9840
0436 -   9.14 | 0.9830
0437 -   5.03 | 0.9850
0438 -  49.12 | 0.9696
0439 -  89.12 | 0.9722
0440 -  41.75 | 0.9899
0441 -  92.57 | 0.9969
0442 -  42.35 | 0.9845
0443 -  51.04 | 0.9198
0444 -  14.69 | 0.9881
0445 -  55.78 | 0.9081
0446 -  19.35 | 0.9904
0447 -  53.51 | 0.9022
0448 -  91.97 | 0.9938
0449 -  69.53 | 0.9616
0450 -  93.92 | 0.9958
0451 -  95.48 | 0.9890
0452 -  82.17 | 0.9791
0453 -  89.25 | 0.9696
0454 -  66.48 | 0.9755
0455 -  94.24 | 0.9881
0456 -   7.71 | 0.9891
0457 -  87.72 | 0.9400
0458 -   0.00 | 0.9960
0459 -  30.88 | 0.9186
0460 -  34.26 | 0.9945
0461 -  62.91 | 0.9340
0462 -  66.20 | 0.9734
0463 -  18.68 | 0.9547
0464 -   0.00 | 0.9647
0465 -  86.21 | 0.9663
0466 -  85.36 | 0.9105
0467 -  91.19 | 0.9892
0468 -  68.49 | 0.8402
0469 -  84.00 | 0.8915
0470 -   0.00 | 0.9486
0471 -  19.68 | 0.9846
0472 -  38.66 | 0.9753
0473 -  16.88 | 0.9385
0474 -  38.13 | 0.9401
0475 -  36.76 | 0.9819
0476 -  28.91 | 0.9558
0477 -  74.03 | 0.9908
0478 -  85.62 | 0.9930
0479 -  76.03 | 0.9628
0480 -  63.36 | 0.9250
0481 -  34.64 | 0.9772
0482 -  45.29 | 0.9140
0483 -  10.42 | 0.9854
0484 -  12.97 | 0.9851
0485 -  90.47 | 0.9030
0486 -  43.40 | 0.9875
0487 -  24.97 | 0.9868
0488 -   0.00 | 0.9713
0489 -  89.78 | 0.9700
0490 -  55.84 | 0.9705
0491 -   0.00 | 0.9835
0492 -   0.00 | 0.9886
0493 -  93.61 | 0.9845
0494 -  52.83 | 0.9678
0495 -  89.43 | 0.9887
0496 -  39.83 | 0.9254
0497 -  96.17 | 0.9714
0498 -  88.21 | 0.9121
0499 -  63.75 | 0.9773
0500 -  86.16 | 0.9913
0501 -   0.00 | 0.9940
0502 -  60.93 | 0.9643
0503 -  88.05 | 0.8969
0504 -  64.00 | 0.9554
0505 -  43.63 | 0.9510
0506 -  87.31 | 0.9791
0507 -  11.45 | 0.9877
0508 -  94.03 | 0.9654
0509 -  46.82 | 0.9808
0510 -  12.36 | 0.9807
0511 -   0.00 | 0.9708
0512 -  91.20 | 0.9506
0513 -  74.68 | 0.8771
0514 -  69.61 | 0.7012
0515 -  97.94 | 0.9851
0516 -  79.26 | 0.9893
0517 -  95.11 | 0.9769
0518 -  50.17 | 0.9753
0519 -  48.71 | 0.9235
0520 -   0.00 | 0.9846
0521 -  31.64 | 0.9581
0522 -  64.85 | 0.9901
0523 -  22.14 | 0.9388
0524 -  95.16 | 0.9874
0525 -  15.39 | 0.9833
0526 -  19.62 | 0.9536
0527 -  96.42 | 0.9597
0528 -  97.08 | 0.9721
0529 -  47.72 | 0.9874
0530 -   0.00 | 0.9751
0531 -  85.53 | 0.9260
0532 -   0.00 | 0.9742
0533 -  93.31 | 0.9370
0534 -  95.96 | 0.9897
0535 -   0.00 | 0.9884
0536 -  78.10 | 0.9458
0537 -  50.67 | 0.7914
0538 -  54.55 | 0.9821
0539 -  65.67 | 0.9728
0540 -  90.72 | 0.9883
0541 -  36.27 | 0.9460
0542 -  40.65 | 0.9860
0543 -  17.90 | 0.9547
0544 -  89.23 | 0.9407
0545 -  65.67 | 0.9678
0546 -  92.10 | 0.9697
0547 -  47.46 | 0.9429
0548 -  74.56 | 0.9662
0549 -  83.86 | 0.9558
0550 -  93.40 | 0.9766
0551 -  31.57 | 0.8984
0552 -  30.35 | 0.9807
0553 -  47.77 | 0.9542
0554 -  57.11 | 0.9861
0555 -  92.59 | 0.9688
0556 -   0.00 | 0.9613
0557 -  66.87 | 0.9370
0558 -  97.71 | 0.9909
0559 -  71.81 | 0.9845
0560 -  87.50 | 0.9544
0561 -  93.36 | 0.9831
0562 -  71.99 | 0.9334
0563 -  42.44 | 0.9601
0564 -  40.59 | 0.9730
0565 -  87.99 | 0.9882
0566 -  88.01 | 0.9897
0567 -  43.59 | 0.9525
0568 -  12.60 | 0.9903
0569 -  21.47 | 0.9912
0570 -  97.29 | 0.9801
0571 -  41.93 | 0.9889
0572 -  66.10 | 0.9650
0573 -   5.42 | 0.9900
0574 -   0.00 | 0.9397
0575 -  94.00 | 0.9636
0576 -  87.91 | 0.9741
0577 -  11.76 | 0.9580
0578 -  15.25 | 0.9894
0579 -  50.07 | 0.9808
0580 -  92.77 | 0.9172
0581 -   0.00 | 0.9911
0582 -  38.04 | 0.9796
0583 -  34.00 | 0.9576
0584 -  12.43 | 0.9782
0585 -  51.80 | 0.9754
0586 -  56.63 | 0.9764
0587 -  64.11 | 0.9711
0588 -  22.24 | 0.9825
0589 -   0.00 | 0.8840
0590 -  70.62 | 0.9744
0591 -  32.19 | 0.9878
0592 -  93.65 | 0.9798
0593 -  13.20 | 0.9415
0594 -  96.01 | 0.9835
0595 -  92.51 | 0.9584
0596 -  21.38 | 0.9494
0597 -  90.10 | 0.9865
0598 -  83.28 | 0.9723
0599 -   6.83 | 0.9800
0600 -  28.48 | 0.9767
0601 -  87.83 | 0.9383
0602 -  77.65 | 0.9854
0603 -  92.28 | 0.9514
0604 -  88.21 | 0.9821
0605 -  92.16 | 0.9646
0606 -  77.80 | 0.9822
0607 -  16.39 | 0.9542
0608 -  63.82 | 0.9712
0609 -  81.70 | 0.9800
0610 -  90.22 | 0.9303
0611 -  93.69 | 0.9704
0612 -  73.59 | 0.9840
0613 -  33.28 | 0.9914
0614 -  42.15 | 0.9652
0615 -  96.10 | 0.9945
0616 -  89.45 | 0.9500
0617 -  84.06 | 0.8561
0618 -  76.66 | 0.9875
0619 -  21.37 | 0.9719
0620 -  91.44 | 0.9398
0621 -  46.46 | 0.9709
0622 -  95.73 | 0.9832
0623 -  91.40 | 0.9827
0624 -  93.78 | 0.9937
0625 -  78.27 | 0.9908
0626 -  94.84 | 0.9530
0627 -  11.85 | 0.9599
0628 -  35.02 | 0.9646
0629 -  75.48 | 0.9724
0630 -  24.59 | 0.9436
0631 -  71.04 | 0.9928
0632 -  31.14 | 0.9578
0633 -  21.39 | 0.9882
0634 -  50.46 | 0.9890
0635 -  22.01 | 0.9578
0636 -  18.16 | 0.9948
0637 -  74.54 | 0.9939
0638 -  59.56 | 0.9861
0639 -  46.67 | 0.9814
0640 -  80.06 | 0.9107
0641 -  45.60 | 0.9668
0642 -  83.12 | 0.9799
0643 -  41.79 | 0.9670
0644 -  95.34 | 0.9921
0645 -   9.70 | 0.9743
0646 -  38.13 | 0.9900
0647 -  68.95 | 0.9813
0648 -  62.75 | 0.9797
0649 -  46.05 | 0.9809
0650 -  89.13 | 0.9521
0651 -  92.68 | 0.9781
0652 -  84.06 | 0.9732
0653 -   0.00 | 0.9400
0654 -   0.00 | 0.9947
0655 -  79.55 | 0.9707
0656 -  82.50 | 0.9700
0657 -  87.33 | 0.9257
0658 -  92.05 | 0.9316
0659 -   0.00 | 0.9481
0660 -   0.00 | 0.8983
0661 -  94.01 | 0.9712
0662 -  25.32 | 0.9670
0663 -  92.71 | 0.9752
0664 -  97.98 | 0.9913
0665 -   0.00 | 0.7748
0666 -  87.83 | 0.9723
0667 -  31.56 | 0.9796
0668 -  87.18 | 0.9454
0669 -  75.75 | 0.9005
0670 -  93.34 | 0.9630
0671 -  81.86 | 0.8828
0672 -  68.77 | 0.9383
0673 -  23.42 | 0.9849
0674 -  24.55 | 0.9468
0675 -  91.34 | 0.9808
0676 -   0.00 | 0.9617
0677 -  28.55 | 0.9947
0678 -  65.75 | 0.9858
0679 -  92.66 | 0.9817
0680 -  39.72 | 0.9270
0681 -  33.86 | 0.7869
0682 -  94.13 | 0.9884
0683 -   0.00 | 0.9481
0684 -  31.51 | 0.9591
0685 -  69.09 | 0.9409
0686 -  63.48 | 0.9492
0687 -   0.00 | 0.9684
0688 -  94.99 | 0.9433
0689 -  93.35 | 0.9867
0690 -  19.26 | 0.9906
0691 -  93.45 | 0.9842
0692 -  20.53 | 0.9995
0693 -  78.55 | 0.9765
0694 -  95.81 | 0.9731
0695 -  25.26 | 0.9872
0696 -  52.70 | 0.9901
0697 -   0.00 | 0.9935
0698 -  35.09 | 0.9833
0699 -  76.39 | 0.9008
0700 -  95.64 | 0.9800
0701 -  71.50 | 0.9460
0702 -  76.04 | 0.9708
0703 -  77.31 | 0.9431
0704 -  56.87 | 0.9709
0705 -  43.62 | 0.9295
0706 -  88.02 | 0.9661
0707 -  83.84 | 0.9779
0708 -  25.94 | 0.8905
0709 -  66.88 | 0.7707
0710 -  27.38 | 0.9955
0711 -  73.09 | 0.9403
0712 -  77.50 | 0.9905
0713 -  31.21 | 0.9859
0714 -  14.50 | 0.9761
0715 -  24.21 | 0.9794
0716 -  72.66 | 0.9259
0717 -  56.38 | 0.8301
0718 -  40.44 | 0.9896
0719 -  41.05 | 0.9928
0720 -  95.50 | 0.9838
0721 -  89.58 | 0.9692
0722 -  18.63 | 0.9660
0723 -  60.21 | 0.9594
0724 -   7.98 | 0.9840
0725 -  50.58 | 0.9781
0726 -  85.16 | 0.9948
0727 -  27.00 | 0.9859
0728 -  52.06 | 0.9869
0729 -  94.86 | 0.9715
0730 -   0.00 | 0.9684
0731 -  16.80 | 0.9466
0732 -   0.00 | 0.9870
0733 -  23.99 | 0.9954
0734 -  46.63 | 0.9881
0735 -  60.15 | 0.9632
0736 -  47.57 | 0.9908
0737 -  79.23 | 0.9857
0738 -  80.15 | 0.9315
0739 -  91.56 | 0.9700
0740 -  94.73 | 0.9924
0741 -  85.62 | 0.8957
0742 -  94.21 | 0.9841
0743 -  97.02 | 0.9979
0744 -  69.81 | 0.9797
0745 -  36.78 | 0.9942
0746 -  57.42 | 0.9938
0747 -  48.23 | 0.9555
0748 -  95.88 | 0.9849
0749 -  98.06 | 0.9805
0750 -  42.66 | 0.9907
0751 -  39.92 | 0.9067
0752 -  51.92 | 0.9881
0753 -  95.39 | 0.9417
0754 -  69.54 | 0.9665
0755 -  62.31 | 0.9467
0756 -  75.58 | 0.9782
0757 -  73.01 | 0.9756
0758 -  78.17 | 0.8981
0759 -  51.20 | 0.9855
0760 -  93.50 | 0.9303
0761 -  76.94 | 0.9403
0762 -  31.66 | 0.9466
0763 -  55.84 | 0.9652
0764 -  95.27 | 0.9885
0765 -  76.44 | 0.8710
0766 -  80.87 | 0.9879
0767 -  78.76 | 0.9732
0768 -  63.25 | 0.8217
0769 -  22.15 | 0.8993
0770 -  80.99 | 0.9844
0771 -  39.90 | 0.9819
0772 -   0.00 | 0.9661
0773 -  62.68 | 0.9897
0774 -  21.92 | 0.9601
0775 -  23.63 | 0.9740
0776 -   0.00 | 0.7769
0777 -   0.00 | 0.8269
0778 -  95.12 | 0.9898
0779 -  10.35 | 0.9921
0780 -  16.25 | 0.9691
0781 -  28.73 | 0.9280
0782 -   0.00 | 0.8963
0783 -  30.59 | 0.9906
0784 -  52.49 | 0.9843
0785 -  77.81 | 0.9802
0786 -  86.69 | 0.9687
0787 -  90.34 | 0.9741
0788 -   0.00 | 0.9938
0789 -   0.00 | 0.9250
0790 -  93.08 | 0.9681
0791 -  14.31 | 0.9903
0792 -  81.18 | 0.8904
0793 -  71.62 | 0.9913
0794 -  40.25 | 0.9639
0795 -  95.04 | 0.9743
0796 -  86.49 | 0.8820
0797 -  76.74 | 0.9439
0798 -  23.04 | 0.9729
0799 -  85.88 | 0.9703
0800 -  83.35 | 0.9254
0801 -  65.95 | 0.9930
0802 -  27.24 | 0.9821
0803 -  29.82 | 0.9802
0804 -  57.81 | 0.9634
0805 -  39.99 | 0.9849
0806 -  90.22 | 0.9649
0807 -  38.34 | 0.9605
0808 -   9.04 | 0.9953
0809 -  89.41 | 0.9451
0810 -  92.14 | 0.9852
0811 -  95.36 | 0.9678
0812 -  53.84 | 0.9654
0813 -   0.00 | 0.9933
0814 -  81.52 | 0.9365
0815 -  30.60 | 0.9178
0816 -  49.69 | 0.9603
0817 -  18.88 | 0.9667
0818 -  27.15 | 0.9870
0819 -  30.02 | 0.9565
0820 -  31.42 | 0.9524
0821 -  34.76 | 0.9645
0822 -  95.89 | 0.9861
0823 -  45.52 | 0.9953
0824 -  74.66 | 0.9892
0825 -  20.04 | 0.9818
0826 -   0.00 | 0.8149
0827 -  14.40 | 0.9844
0828 -  81.75 | 0.9774
0829 -  25.31 | 0.9848
0830 -  55.61 | 0.9894
0831 -  63.28 | 0.8515
0832 -  52.98 | 0.9621
======================
