==============================================
BLEU GOLD:                               72.70
BLEU IN:                                 81.00
SIM GOLD:                               0.9155
SIM IN:                                 0.9496
==============================================
       BLEU GOLD | BLEU IN | SIM GOLD | SIM IN
0001 -     48.63 |   48.36 |     0.96 |   1.00
0002 -     92.72 |  100.00 |     0.98 |   1.00
0003 -     26.24 |   81.06 |     0.92 |   0.94
0004 -      0.00 |    0.00 |     0.82 |   0.87
0005 -     31.29 |   26.76 |     0.97 |   0.99
0006 -     94.34 |   99.82 |     0.98 |   0.98
0007 -     41.15 |   58.54 |     0.75 |   0.78
0008 -      0.00 |    0.00 |     0.86 |   0.91
0009 -     19.34 |    4.18 |     0.98 |   1.00
0010 -      0.00 |    0.00 |     0.95 |   0.97
0011 -     40.21 |  100.00 |     0.95 |   1.00
0012 -     49.16 |   54.58 |     0.97 |   1.00
0013 -     34.08 |   35.35 |     0.97 |   0.99
0014 -     40.95 |   95.84 |     0.99 |   1.00
0015 -     63.30 |   58.34 |     0.61 |   0.67
0016 -      0.00 |    0.00 |     0.76 |   0.82
0017 -      0.00 |    0.00 |     0.93 |   0.99
0018 -      0.00 |    0.00 |     0.87 |   0.90
0019 -     35.42 |  100.00 |     0.99 |   1.00
0020 -     58.99 |  100.00 |     1.00 |   1.00
0021 -     20.81 |    0.00 |     0.99 |   1.00
0022 -      0.00 |    0.00 |     0.95 |   0.99
0023 -     97.54 |  100.00 |     0.98 |   1.00
0024 -     35.02 |  100.00 |     0.97 |   1.00
0025 -      8.36 |    8.26 |     0.84 |   0.96
0026 -      0.00 |    0.00 |     0.94 |   0.95
0027 -      0.00 |  100.00 |     0.89 |   1.00
0028 -     59.12 |   98.36 |     0.97 |   1.00
0029 -      8.67 |  100.00 |     0.96 |   1.00
0030 -     38.53 |   74.80 |     0.90 |   0.92
0031 -     12.23 |    0.00 |     0.96 |   0.97
0032 -      0.00 |    0.00 |     0.98 |   0.99
0033 -      0.00 |    0.00 |     0.91 |   0.93
0034 -      0.00 |    0.00 |     0.78 |   0.82
0035 -      0.00 |   70.43 |     0.92 |   0.94
0036 -      0.00 |  100.00 |     0.95 |   1.00
0037 -     12.34 |  100.00 |     0.92 |   1.00
0038 -     28.30 |  100.00 |     0.96 |   1.00
0039 -     60.12 |   97.05 |     0.97 |   0.98
0040 -     47.99 |   91.30 |     0.92 |   0.92
0041 -      0.00 |    0.00 |     0.97 |   0.98
0042 -     32.12 |  100.00 |     0.92 |   1.00
0043 -      0.00 |   77.54 |     0.91 |   0.91
0044 -      0.00 |    0.00 |     0.95 |   0.97
0045 -     92.25 |   92.71 |     0.96 |   0.95
0046 -     30.52 |   37.17 |     0.88 |   0.91
0047 -     67.97 |  100.00 |     0.58 |   1.00
0048 -     93.01 |  100.00 |     0.99 |   1.00
0049 -     57.56 |  100.00 |     0.98 |   1.00
0050 -      0.00 |   25.61 |     0.90 |   0.92
0051 -     67.18 |   12.55 |     0.86 |   0.93
0052 -     14.11 |  100.00 |     0.97 |   1.00
0053 -     43.43 |   51.36 |     0.97 |   0.99
0054 -     27.49 |   77.34 |     0.93 |   0.95
0055 -     88.87 |  100.00 |     0.96 |   1.00
0056 -     83.47 |  100.00 |     0.96 |   1.00
0057 -     28.77 |  100.00 |     0.96 |   1.00
0058 -     44.36 |   78.64 |     0.89 |   0.96
0059 -     69.65 |  100.00 |     0.98 |   1.00
0060 -     73.88 |   65.83 |     0.97 |   0.98
0061 -     90.52 |   94.42 |     0.97 |   0.98
0062 -     80.10 |   91.53 |     0.92 |   1.00
0063 -     64.78 |  100.00 |     0.91 |   1.00
0064 -     48.90 |   96.07 |     0.98 |   0.99
0065 -     61.15 |   89.92 |     0.95 |   0.99
0066 -     62.91 |   92.82 |     0.95 |   0.97
0067 -      0.00 |    0.00 |     0.94 |   0.96
0068 -     74.34 |   79.93 |     0.91 |   0.95
0069 -     30.96 |   64.42 |     0.96 |   0.99
0070 -      0.00 |    0.00 |     0.91 |   0.92
0071 -      7.63 |   49.96 |     0.88 |   0.91
0072 -     23.27 |  100.00 |     0.99 |   1.00
0073 -     79.90 |    0.00 |     0.91 |   0.99
0074 -     95.58 |  100.00 |     0.98 |   1.00
0075 -     91.11 |   99.63 |     0.96 |   1.00
0076 -      0.00 |    0.00 |     0.94 |   0.96
0077 -     86.26 |  100.00 |     0.97 |   1.00
0078 -      0.00 |   74.25 |     0.89 |   0.93
0079 -     28.18 |   99.43 |     0.94 |   0.96
0080 -     90.91 |  100.00 |     0.94 |   1.00
0081 -     32.92 |   75.78 |     0.71 |   0.75
0082 -     79.47 |   83.88 |     0.96 |   0.97
0083 -     57.07 |   90.46 |     0.92 |   1.00
0084 -     36.73 |  100.00 |     0.93 |   1.00
0085 -      0.00 |    0.00 |     0.97 |   0.99
0086 -      0.00 |    0.00 |     0.71 |   0.84
0087 -      0.00 |   28.08 |     0.89 |   0.90
0088 -     10.45 |    6.26 |     0.98 |   1.00
0089 -      0.00 |    0.00 |     0.91 |   0.95
0090 -      0.00 |   35.77 |     0.80 |   0.85
0091 -     90.56 |   61.71 |     0.95 |   0.88
0092 -     69.98 |  100.00 |     0.94 |   1.00
0093 -     60.81 |   67.63 |     0.90 |   0.97
0094 -     58.67 |   83.58 |     0.40 |   0.84
0095 -      0.00 |    0.00 |     0.95 |   0.97
0096 -     29.40 |   28.21 |     0.89 |   0.93
0097 -     75.84 |   93.67 |     0.97 |   0.99
0098 -     89.59 |   80.08 |     0.97 |   1.00
0099 -      0.00 |    0.00 |     0.98 |   1.00
0100 -     29.38 |   28.97 |     0.89 |   0.86
0101 -     50.33 |   46.42 |     0.96 |   0.99
0102 -     46.29 |   45.45 |     0.81 |   0.84
0103 -     73.35 |   32.51 |     0.94 |   0.99
0104 -     36.67 |   99.85 |     0.94 |   0.95
0105 -     37.17 |   94.03 |     0.96 |   0.98
0106 -     29.58 |   28.77 |     0.90 |   0.93
0107 -     50.78 |    0.00 |     0.95 |   0.96
0108 -      0.00 |    0.00 |     0.73 |   0.95
0109 -      0.00 |    0.00 |     0.91 |   0.92
0110 -     79.93 |   98.82 |     0.93 |   1.00
0111 -     12.62 |   11.48 |     0.89 |   0.93
0112 -      0.00 |    0.00 |     0.91 |   0.90
0113 -      0.00 |    3.72 |     0.97 |   0.99
0114 -     21.80 |  100.00 |     0.99 |   1.00
0115 -      0.00 |    0.00 |     0.81 |   0.84
0116 -     20.80 |   20.80 |     0.94 |   0.99
0117 -      8.73 |  100.00 |     0.99 |   1.00
0118 -     40.79 |    0.00 |     0.69 |   0.76
0119 -     55.41 |   59.60 |     0.90 |   0.94
0120 -     78.52 |  100.00 |     0.87 |   1.00
0121 -     51.95 |   83.18 |     0.94 |   0.96
0122 -     96.75 |  100.00 |     0.95 |   0.99
0123 -     56.89 |  100.00 |     0.96 |   1.00
0124 -      0.00 |    0.00 |     0.90 |   0.92
0125 -     89.18 |   95.90 |     0.99 |   1.00
0126 -     90.68 |   94.99 |     0.92 |   0.98
0127 -      0.00 |    0.00 |     0.93 |   0.97
0128 -     39.15 |  100.00 |     0.96 |   1.00
0129 -      5.10 |    5.16 |     0.95 |   0.96
0130 -     37.60 |   37.86 |     0.93 |   0.95
0131 -      0.00 |    0.00 |     0.14 |   0.16
0132 -      6.43 |    6.82 |     0.80 |   0.87
0133 -     43.10 |   43.19 |     0.95 |   0.99
0134 -      8.76 |   96.95 |     0.91 |   0.97
0135 -     43.91 |   91.15 |     0.98 |   1.00
0136 -      0.00 |    0.00 |     0.76 |   0.91
0137 -     27.43 |  100.00 |     0.99 |   1.00
0138 -     87.13 |  100.00 |     0.93 |   1.00
0139 -      0.00 |  100.00 |     0.97 |   1.00
0140 -     75.75 |  100.00 |     0.90 |   1.00
0141 -     16.98 |   75.64 |     0.96 |   0.95
0142 -      0.00 |    0.00 |     0.99 |   0.99
0143 -     38.96 |   87.34 |     0.94 |   0.97
0144 -     43.52 |   46.56 |     0.97 |   0.98
0145 -      0.00 |    0.00 |     0.85 |   0.89
0146 -     86.20 |  100.00 |     0.93 |   1.00
0147 -     15.85 |    0.00 |     0.93 |   0.94
0148 -      7.75 |   87.46 |     0.99 |   0.98
0149 -     93.53 |  100.00 |     0.97 |   1.00
0150 -      0.00 |    0.00 |     0.90 |   0.89
0151 -      0.00 |    0.00 |     0.73 |   0.77
0152 -      0.00 |    0.00 |     0.93 |   0.98
0153 -     90.29 |  100.00 |     0.90 |   1.00
0154 -     23.60 |   99.00 |     0.88 |   0.92
0155 -      0.00 |    0.00 |     0.96 |   0.99
0156 -     69.55 |   87.06 |     0.96 |   0.97
0157 -     28.00 |   28.00 |     0.94 |   1.00
0158 -     84.56 |  100.00 |     0.97 |   1.00
0159 -      0.00 |    0.00 |     0.88 |   0.91
0160 -     46.00 |  100.00 |     0.96 |   1.00
0161 -      0.00 |    0.00 |     0.94 |   0.98
0162 -     31.57 |  100.00 |     0.98 |   1.00
0163 -     58.75 |   59.04 |     0.97 |   0.99
0164 -     65.01 |   70.00 |     0.98 |   0.99
0165 -     17.30 |   15.32 |     0.93 |   0.94
0166 -     32.27 |   99.82 |     0.95 |   0.96
0167 -      0.00 |    0.00 |     0.88 |   0.95
0168 -     50.42 |   95.18 |     0.97 |   0.98
0169 -      6.00 |    0.00 |     0.88 |   0.90
0170 -      0.00 |    0.00 |     0.81 |   0.85
0171 -      0.00 |    0.00 |     0.81 |   0.89
0172 -     87.65 |  100.00 |     0.98 |   1.00
0173 -     74.71 |   81.84 |     0.97 |   0.99
0174 -     67.62 |   99.76 |     0.92 |   0.93
0175 -      0.00 |    0.00 |     0.79 |   0.82
0176 -     66.29 |  100.00 |     0.99 |   1.00
0177 -     73.73 |   73.73 |     0.95 |   0.97
0178 -     65.79 |  100.00 |     0.91 |   1.00
0179 -    100.00 |   81.03 |     1.00 |   0.91
0180 -     68.92 |   77.42 |     0.89 |   0.93
0181 -     58.88 |   58.75 |     0.89 |   0.93
0182 -      0.00 |    0.00 |     0.68 |   0.66
0183 -      0.00 |    0.00 |     0.93 |   0.96
0184 -      5.05 |    5.92 |     0.92 |   0.95
0185 -      0.00 |    0.00 |     0.87 |   0.89
0186 -      0.00 |    0.00 |     0.78 |   0.79
0187 -     19.78 |  100.00 |     0.94 |   1.00
0188 -     76.31 |  100.00 |     0.95 |   1.00
0189 -     44.68 |  100.00 |     0.84 |   1.00
0190 -      0.00 |  100.00 |     0.96 |   1.00
0191 -     23.60 |  100.00 |     0.94 |   1.00
0192 -      0.00 |    0.00 |     0.96 |   1.00
0193 -      0.00 |    0.00 |     0.94 |   1.00
0194 -      0.00 |    0.00 |     0.95 |   0.97
0195 -     66.95 |  100.00 |     0.99 |   1.00
0196 -      0.00 |   98.89 |     0.95 |   0.97
0197 -      6.69 |   20.93 |     0.91 |   0.92
0198 -     83.80 |   97.03 |     0.95 |   0.99
0199 -     90.79 |  100.00 |     0.93 |   1.00
0200 -      0.00 |    5.08 |     0.86 |   0.87
0201 -     14.34 |   34.10 |     0.97 |   0.99
0202 -     56.41 |  100.00 |     0.97 |   1.00
0203 -      0.00 |    0.00 |     0.81 |   0.86
0204 -     86.54 |   30.60 |     0.96 |   0.97
0205 -      0.00 |    0.00 |     0.94 |   0.90
0206 -     29.37 |   35.02 |     0.96 |   0.97
0207 -     91.79 |  100.00 |     0.98 |   1.00
0208 -     70.94 |   53.49 |     0.97 |   0.92
0209 -     91.82 |   98.77 |     0.92 |   0.95
0210 -     77.75 |   26.74 |     0.98 |   1.00
0211 -     24.74 |  100.00 |     0.97 |   1.00
0212 -     26.78 |   56.66 |     0.97 |   0.98
0213 -     63.73 |    8.75 |     0.96 |   0.98
0214 -      3.82 |    4.79 |     0.94 |   0.98
0215 -     55.72 |  100.00 |     0.94 |   1.00
0216 -     29.40 |   35.43 |     0.92 |   0.94
0217 -      0.00 |    0.00 |     0.81 |   0.99
0218 -     70.47 |   32.33 |     0.95 |   0.97
0219 -     35.36 |  100.00 |     0.97 |   1.00
0220 -      0.00 |    0.00 |     0.90 |   0.99
0221 -     81.95 |  100.00 |     0.89 |   1.00
0222 -      0.00 |    0.00 |     0.97 |   0.98
0223 -      0.00 |    0.00 |     0.82 |   0.86
0224 -      0.00 |    0.00 |     0.95 |   0.96
0225 -      0.00 |    0.00 |     0.97 |   1.00
0226 -     67.75 |  100.00 |     0.96 |   1.00
0227 -      0.00 |   17.00 |     0.90 |   0.96
0228 -      0.00 |    0.00 |     0.93 |   0.96
0229 -      0.00 |    0.00 |     0.87 |   0.90
0230 -     27.31 |   25.15 |     0.73 |   0.76
0231 -      0.00 |    0.00 |     0.98 |   0.99
0232 -     10.48 |   87.28 |     0.94 |   0.97
0233 -     50.89 |  100.00 |     0.95 |   1.00
0234 -     77.52 |    9.89 |     0.95 |   0.96
0235 -      0.00 |    0.00 |     0.92 |   0.99
0236 -      0.00 |  100.00 |     0.94 |   1.00
0237 -      0.00 |    0.00 |     0.85 |   0.92
0238 -     66.52 |  100.00 |     0.98 |   1.00
0239 -     59.71 |   59.58 |     0.96 |   0.97
0240 -     11.10 |  100.00 |     0.98 |   1.00
0241 -     41.35 |  100.00 |     0.98 |   1.00
0242 -     16.73 |   52.66 |     0.99 |   1.00
0243 -     83.07 |   74.14 |     1.00 |   0.89
0244 -     25.03 |  100.00 |     0.99 |   1.00
0245 -      0.00 |  100.00 |     0.98 |   1.00
0246 -     27.38 |   29.45 |     0.75 |   0.88
0247 -     68.24 |   71.12 |     0.98 |   0.99
0248 -     16.34 |   66.30 |     0.86 |   0.90
0249 -     72.91 |  100.00 |     0.89 |   1.00
0250 -      0.00 |   13.72 |     0.64 |   0.65
0251 -     69.54 |  100.00 |     0.94 |   1.00
0252 -      0.00 |    0.00 |     0.86 |   0.89
0253 -      7.95 |    0.00 |     0.91 |   0.88
0254 -     39.47 |  100.00 |     0.96 |   1.00
0255 -     13.58 |  100.00 |     0.95 |   1.00
0256 -      9.20 |  100.00 |     0.98 |   1.00
0257 -     94.22 |   99.86 |     0.99 |   0.99
0258 -     55.49 |  100.00 |     0.98 |   1.00
0259 -     86.47 |  100.00 |     0.94 |   1.00
0260 -     25.51 |   25.08 |     0.84 |   0.99
0261 -     77.77 |   84.14 |     0.77 |   0.90
0262 -      0.00 |   33.70 |     0.78 |   0.78
0263 -     55.07 |  100.00 |     0.84 |   1.00
0264 -     29.68 |  100.00 |     0.90 |   1.00
0265 -      0.00 |    0.00 |     0.85 |   0.91
0266 -     59.78 |   95.57 |     0.94 |   0.99
0267 -     14.36 |  100.00 |     0.98 |   1.00
0268 -     93.41 |  100.00 |     0.93 |   1.00
0269 -      0.00 |    0.00 |     0.91 |   0.91
0270 -     45.53 |  100.00 |     0.96 |   1.00
0271 -     17.72 |   99.48 |     0.98 |   1.00
0272 -      0.00 |    0.00 |     0.24 |   0.23
0273 -      7.05 |   99.81 |     0.89 |   0.97
0274 -     67.53 |   72.32 |     0.98 |   0.99
0275 -     92.41 |  100.00 |     1.00 |   1.00
0276 -     82.41 |   65.97 |     0.93 |   0.95
0277 -      0.00 |    0.00 |     0.97 |   0.99
0278 -     21.90 |   51.87 |     0.89 |   0.99
0279 -     20.65 |   20.24 |     0.91 |   0.91
0280 -     49.68 |   99.41 |     0.94 |   0.95
0281 -      0.00 |    0.00 |     0.89 |   0.89
0282 -     41.79 |   37.98 |     0.97 |   0.99
0283 -     49.02 |  100.00 |     0.98 |   1.00
0284 -     75.47 |   83.88 |     0.93 |   0.95
0285 -     22.26 |   23.66 |     0.87 |   0.88
0286 -     10.97 |    9.87 |     0.93 |   0.95
0287 -     39.24 |   97.52 |     0.96 |   0.98
0288 -      0.00 |    0.00 |     0.32 |   0.32
0289 -      0.00 |   91.17 |     0.96 |   0.99
0290 -     89.84 |   69.39 |     0.96 |   0.94
0291 -     45.67 |  100.00 |     0.87 |   1.00
0292 -      0.00 |    0.00 |     0.89 |   0.88
0293 -     37.34 |   74.96 |     0.97 |   0.99
0294 -      0.00 |    0.00 |     0.92 |   0.94
0295 -     11.37 |  100.00 |     0.90 |   1.00
0296 -     14.41 |   14.55 |     0.95 |   0.96
0297 -     48.94 |   51.47 |     0.96 |   1.00
0298 -      0.00 |   16.13 |     0.90 |   0.92
0299 -     21.48 |   99.80 |     0.96 |   0.97
0300 -     25.36 |   25.17 |     0.94 |   0.97
0301 -     86.61 |  100.00 |     0.91 |   1.00
0302 -      0.00 |    0.00 |     0.91 |   0.92
0303 -     48.25 |   48.25 |     0.95 |   1.00
0304 -      0.00 |   98.22 |     0.93 |   0.95
0305 -     80.71 |  100.00 |     0.98 |   1.00
0306 -      0.00 |    0.00 |     0.94 |   0.95
0307 -     24.26 |  100.00 |     0.93 |   1.00
0308 -      0.00 |    0.00 |     0.94 |   0.97
0309 -      0.00 |    0.00 |     0.85 |   0.88
0310 -      0.00 |    0.00 |     0.95 |   1.00
0311 -     65.27 |  100.00 |     0.99 |   1.00
0312 -     14.73 |   20.69 |     0.91 |   0.92
0313 -     58.46 |  100.00 |     0.89 |   0.97
0314 -      0.00 |    0.00 |     0.70 |   0.73
0315 -     84.36 |  100.00 |     0.97 |   1.00
0316 -     53.47 |  100.00 |     0.98 |   0.99
0317 -      0.00 |    0.00 |     0.97 |   0.98
0318 -     61.58 |  100.00 |     0.87 |   1.00
0319 -     47.47 |   47.57 |     0.97 |   1.00
0320 -      0.00 |   35.61 |     0.84 |   0.88
0321 -     48.64 |   83.99 |     0.89 |   0.88
0322 -    100.00 |   93.18 |     1.00 |   0.99
0323 -      0.00 |    7.02 |     0.86 |   0.87
0324 -      0.00 |  100.00 |     0.94 |   1.00
0325 -     83.38 |  100.00 |     0.86 |   1.00
0326 -     36.52 |   36.30 |     0.98 |   1.00
0327 -     93.00 |  100.00 |     0.98 |   1.00
0328 -     12.83 |  100.00 |     1.00 |   1.00
0329 -     19.59 |   19.00 |     0.90 |   0.95
0330 -    100.00 |   67.74 |     1.00 |   0.91
0331 -      0.00 |    0.00 |     0.67 |   0.72
0332 -     56.70 |   54.74 |     0.92 |   0.96
0333 -     68.42 |   20.69 |     0.89 |   0.94
0334 -     85.06 |  100.00 |     0.97 |   1.00
0335 -     19.26 |    0.00 |     0.94 |   0.95
0336 -     53.76 |   30.12 |     0.89 |   0.99
0337 -      0.00 |    0.00 |     0.96 |   0.96
0338 -      0.00 |  100.00 |     0.94 |   1.00
0339 -     22.36 |  100.00 |     0.97 |   1.00
0340 -     18.85 |   14.51 |     0.93 |   0.94
0341 -     14.41 |   14.41 |     0.99 |   1.00
0342 -      0.00 |   17.22 |     0.93 |   0.95
0343 -     33.59 |   67.38 |     0.97 |   0.98
0344 -     59.25 |   94.36 |     0.94 |   0.96
0345 -     54.07 |  100.00 |     0.98 |   1.00
0346 -     40.04 |   45.82 |     0.89 |   0.90
0347 -      0.00 |   72.84 |     0.93 |   0.94
0348 -     48.96 |  100.00 |     0.98 |   1.00
0349 -      0.00 |    0.00 |     1.00 |   0.98
0350 -     42.00 |  100.00 |     0.95 |   1.00
0351 -     96.25 |  100.00 |     0.98 |   1.00
0352 -     90.12 |  100.00 |     0.87 |   1.00
0353 -      7.92 |    7.92 |     0.95 |   0.95
0354 -     15.65 |   15.10 |     0.92 |   0.92
0355 -     11.43 |   12.68 |     0.86 |   0.87
0356 -     69.70 |   47.97 |     0.98 |   0.99
0357 -     68.66 |   92.60 |     0.96 |   0.98
0358 -     72.66 |  100.00 |     0.92 |   1.00
0359 -     93.51 |  100.00 |     0.98 |   1.00
0360 -     33.27 |   99.71 |     0.90 |   0.97
0361 -      0.00 |    0.00 |     0.93 |   0.93
0362 -     15.04 |    0.00 |     0.98 |   1.00
0363 -      5.92 |  100.00 |     0.97 |   1.00
0364 -     35.40 |   35.58 |     0.96 |   1.00
0365 -     11.83 |   12.07 |     0.90 |   0.91
0366 -      0.00 |    0.00 |     0.83 |   0.90
0367 -     36.02 |   44.05 |     0.92 |   0.96
0368 -      0.00 |    0.00 |     0.96 |   1.00
0369 -     66.27 |   99.76 |     0.89 |   0.91
0370 -      9.05 |   95.70 |     0.98 |   0.99
0371 -     11.81 |   94.60 |     0.97 |   0.99
0372 -      0.00 |    0.00 |     0.92 |   0.92
0373 -      0.00 |    0.00 |     0.93 |   0.97
0374 -     50.81 |   40.96 |     0.97 |   0.99
0375 -     91.09 |  100.00 |     0.91 |   1.00
0376 -     19.80 |   18.11 |     0.98 |   0.99
0377 -     82.53 |  100.00 |     0.96 |   1.00
0378 -      0.00 |   62.08 |     0.77 |   0.89
0379 -      0.00 |    0.00 |     0.93 |   0.96
0380 -      0.00 |    0.00 |     0.94 |   0.96
0381 -      0.00 |   69.67 |     0.82 |   0.83
0382 -    100.00 |   88.04 |     1.00 |   0.93
0383 -     90.69 |  100.00 |     0.95 |   1.00
0384 -     11.80 |   55.38 |     0.95 |   0.98
0385 -      0.00 |    0.00 |     0.85 |   0.89
0386 -     74.17 |   88.97 |     0.96 |   0.97
0387 -     38.22 |   96.59 |     0.97 |   0.98
0388 -     75.04 |    0.00 |     0.98 |   1.00
0389 -     92.29 |  100.00 |     0.95 |   1.00
0390 -     16.81 |   20.48 |     0.98 |   0.99
0391 -     39.41 |   39.41 |     0.79 |   0.95
0392 -     61.46 |   97.76 |     0.98 |   1.00
0393 -     40.66 |   34.81 |     0.93 |   0.90
0394 -      0.00 |    0.00 |     0.79 |   0.75
0395 -      0.00 |    0.00 |     0.91 |   0.92
0396 -      0.00 |    0.00 |     0.99 |   1.00
0397 -     92.36 |  100.00 |     0.97 |   1.00
0398 -     23.07 |   52.37 |     0.94 |   0.97
0399 -     81.78 |  100.00 |     0.96 |   1.00
0400 -      0.00 |    0.00 |     0.93 |   0.96
0401 -      8.25 |    8.25 |     0.94 |   0.96
0402 -     31.82 |   73.18 |     0.97 |   0.99
0403 -     25.70 |   75.71 |     0.94 |   0.97
0404 -     44.78 |  100.00 |     0.99 |   1.00
0405 -      0.00 |    0.00 |     0.93 |   0.97
0406 -     22.49 |   89.35 |     0.93 |   0.96
0407 -     46.30 |   42.53 |     0.92 |   0.95
0408 -      4.40 |    4.40 |     0.97 |   0.98
0409 -      0.00 |    0.00 |     0.93 |   0.94
0410 -     92.57 |  100.00 |     0.97 |   1.00
0411 -      0.00 |    0.00 |     0.97 |   1.00
0412 -      7.74 |    8.62 |     0.92 |   0.95
0413 -     27.57 |   27.44 |     0.98 |   1.00
0414 -      6.38 |   52.15 |     0.95 |   0.99
0415 -     25.78 |  100.00 |     0.97 |   1.00
0416 -     44.56 |   44.56 |     0.94 |   0.97
0417 -     93.30 |  100.00 |     0.96 |   1.00
0418 -      0.00 |    0.00 |     0.95 |   0.96
0419 -      0.00 |    0.00 |     0.92 |   0.93
0420 -      0.00 |    0.00 |     0.61 |   0.66
0421 -      0.00 |    0.00 |     0.91 |   0.94
0422 -     24.36 |  100.00 |     0.99 |   1.00
0423 -     20.03 |   72.22 |     0.95 |   0.98
0424 -     76.98 |  100.00 |     0.97 |   1.00
0425 -     45.07 |    0.00 |     0.96 |   0.97
0426 -     78.47 |   90.54 |     0.88 |   0.95
0427 -      5.11 |  100.00 |     0.98 |   1.00
0428 -     71.16 |  100.00 |     0.99 |   1.00
0429 -     44.84 |   33.03 |     0.94 |   0.97
0430 -     88.01 |  100.00 |     0.94 |   1.00
0431 -      7.75 |    7.59 |     0.96 |   0.99
0432 -     63.82 |   63.96 |     0.96 |   0.97
0433 -      0.00 |    0.00 |     0.81 |   0.81
0434 -     21.09 |    0.00 |     0.87 |   0.91
0435 -     34.42 |  100.00 |     0.98 |   1.00
0436 -      8.83 |   99.53 |     0.97 |   0.99
0437 -      7.03 |    4.83 |     0.98 |   1.00
0438 -     49.70 |  100.00 |     0.97 |   1.00
0439 -      0.00 |    0.00 |     0.76 |   0.76
0440 -      4.24 |    4.26 |     0.99 |   1.00
0441 -     92.42 |   99.85 |     0.98 |   0.99
0442 -     60.95 |    5.74 |     0.98 |   1.00
0443 -     47.40 |  100.00 |     0.92 |   1.00
0444 -      0.00 |    0.00 |     0.83 |   0.87
0445 -     61.28 |  100.00 |     0.91 |   1.00
0446 -     19.18 |   99.41 |     0.95 |   0.96
0447 -     44.19 |  100.00 |     0.89 |   0.98
0448 -     49.57 |   52.97 |     0.98 |   0.98
0449 -     64.63 |  100.00 |     0.96 |   1.00
0450 -     35.58 |   35.26 |     0.99 |   1.00
0451 -      8.97 |   16.37 |     0.95 |   0.96
0452 -     79.09 |   86.24 |     0.95 |   0.97
0453 -      0.00 |    0.00 |     0.84 |   0.87
0454 -     66.76 |   99.86 |     0.97 |   1.00
0455 -      0.00 |    0.00 |     0.89 |   0.90
0456 -      7.83 |   96.87 |     0.97 |   0.98
0457 -     88.27 |  100.00 |     0.94 |   1.00
0458 -     62.53 |   43.99 |     1.00 |   1.00
0459 -     31.97 |  100.00 |     0.92 |   1.00
0460 -     26.36 |   89.92 |     0.99 |   1.00
0461 -      0.00 |    0.00 |     0.54 |   0.61
0462 -     68.83 |  100.00 |     0.97 |   1.00
0463 -     19.41 |  100.00 |     0.95 |   1.00
0464 -      0.00 |   78.44 |     0.89 |   0.94
0465 -     88.79 |  100.00 |     0.97 |   1.00
0466 -     87.31 |  100.00 |     0.91 |   1.00
0467 -      9.73 |    9.57 |     0.97 |   0.98
0468 -     65.64 |   89.10 |     0.86 |   0.90
0469 -     82.27 |  100.00 |     0.89 |   1.00
0470 -      0.00 |    0.00 |     0.72 |   0.80
0471 -     18.99 |  100.00 |     0.98 |   1.00
0472 -     47.58 |   59.38 |     0.93 |   0.95
0473 -     16.25 |  100.00 |     0.94 |   1.00
0474 -     78.53 |   56.76 |     0.93 |   0.99
0475 -     34.72 |  100.00 |     0.98 |   1.00
0476 -     42.85 |    0.00 |     0.86 |   0.92
0477 -      0.00 |    0.00 |     0.95 |   0.96
0478 -     84.85 |  100.00 |     0.99 |   1.00
0479 -      0.00 |    0.00 |     0.84 |   0.87
0480 -     30.77 |   32.02 |     0.85 |   0.96
0481 -     33.65 |  100.00 |     0.98 |   1.00
0482 -     49.64 |   79.64 |     0.85 |   0.94
0483 -     37.47 |   72.21 |     0.98 |   1.00
0484 -     13.15 |   33.12 |     0.90 |   0.91
0485 -     92.85 |   98.89 |     0.82 |   0.93
0486 -      0.00 |    0.00 |     0.95 |   0.96
0487 -      0.00 |    0.00 |     0.93 |   0.93
0488 -      0.00 |  100.00 |     0.97 |   1.00
0489 -      0.00 |    0.00 |     0.94 |   0.97
0490 -      0.00 |    0.00 |     0.89 |   0.91
0491 -      0.00 |   93.44 |     0.98 |   1.00
0492 -      0.00 |  100.00 |     0.99 |   1.00
0493 -      0.00 |    0.00 |     0.86 |   0.87
0494 -      0.00 |    0.00 |     0.94 |   0.97
0495 -     14.86 |    3.94 |     0.99 |   1.00
0496 -      0.00 |    0.00 |     0.82 |   0.93
0497 -     85.89 |   88.45 |     0.96 |   0.99
0498 -      0.00 |    0.00 |     0.91 |   0.99
0499 -     31.32 |   66.10 |     0.97 |   0.99
0500 -      0.00 |    0.00 |     0.95 |   0.96
0501 -     33.84 |    0.00 |     0.98 |   0.97
0502 -     20.09 |   20.16 |     0.93 |   0.97
0503 -     86.30 |   96.15 |     0.85 |   0.93
0504 -    100.00 |   64.00 |     1.00 |   0.96
0505 -     48.05 |   56.15 |     0.89 |   0.94
0506 -     21.74 |   20.95 |     0.94 |   0.96
0507 -     11.13 |   92.38 |     0.99 |   1.00
0508 -      5.30 |    5.33 |     0.97 |   1.00
0509 -      0.00 |    0.00 |     0.72 |   0.75
0510 -      0.00 |    0.00 |     0.63 |   0.66
0511 -      0.00 |    0.00 |     0.86 |   0.88
0512 -      0.00 |    0.00 |     0.95 |   1.00
0513 -     26.12 |   24.62 |     0.87 |   0.99
0514 -     70.50 |  100.00 |     0.70 |   1.00
0515 -     87.68 |   89.72 |     0.96 |   0.97
0516 -     78.60 |  100.00 |     0.99 |   1.00
0517 -      4.58 |    4.70 |     0.97 |   1.00
0518 -     46.77 |   63.18 |     0.79 |   0.86
0519 -     74.12 |   70.37 |     0.92 |   1.00
0520 -      0.00 |   15.66 |     0.90 |   0.92
0521 -     30.57 |   92.23 |     0.94 |   0.98
0522 -     64.84 |   60.05 |     0.98 |   0.98
0523 -      0.00 |    0.00 |     0.93 |   1.00
0524 -      0.00 |    0.00 |     0.92 |   0.93
0525 -     37.09 |    0.00 |     0.92 |   0.90
0526 -     20.30 |   64.18 |     0.94 |   0.99
0527 -     28.22 |   28.39 |     0.80 |   0.81
0528 -     96.22 |  100.00 |     0.95 |   0.98
0529 -      0.00 |    0.00 |     0.85 |   0.86
0530 -      0.00 |    0.00 |     0.97 |   1.00
0531 -     65.94 |   75.09 |     0.87 |   0.94
0532 -      0.00 |  100.00 |     0.97 |   1.00
0533 -     94.88 |  100.00 |     0.94 |   1.00
0534 -      0.00 |    0.00 |     0.98 |   0.97
0535 -      0.00 |    0.00 |     0.97 |   0.98
0536 -     62.10 |   87.95 |     0.94 |   0.93
0537 -     54.66 |   92.60 |     0.79 |   0.93
0538 -     53.88 |  100.00 |     0.98 |   1.00
0539 -      0.00 |    0.00 |     0.95 |   0.97
0540 -     86.80 |   86.80 |     0.92 |   0.92
0541 -      0.00 |    0.00 |     0.94 |   0.96
0542 -     40.25 |   42.89 |     0.97 |   0.98
0543 -     17.35 |   56.06 |     0.95 |   0.99
0544 -     13.76 |   21.13 |     0.38 |   0.43
0545 -     62.98 |  100.00 |     0.95 |   0.98
0546 -     92.80 |  100.00 |     0.97 |   1.00
0547 -      0.00 |    0.00 |     0.91 |   0.96
0548 -    100.00 |   74.56 |     1.00 |   0.97
0549 -     86.98 |  100.00 |     0.96 |   1.00
0550 -      0.00 |    0.00 |     0.85 |   0.86
0551 -     23.66 |   19.56 |     0.90 |   1.00
0552 -      4.15 |    0.00 |     0.97 |   0.99
0553 -     43.53 |  100.00 |     0.95 |   1.00
0554 -     56.11 |  100.00 |     0.99 |   1.00
0555 -     67.64 |   74.67 |     0.95 |   0.98
0556 -     35.96 |    0.00 |     1.00 |   0.96
0557 -     37.65 |   36.20 |     0.86 |   0.91
0558 -     98.52 |  100.00 |     0.99 |   1.00
0559 -      0.00 |    0.00 |     0.97 |   0.98
0560 -     89.65 |  100.00 |     0.95 |   1.00
0561 -     93.22 |  100.00 |     0.98 |   1.00
0562 -     72.28 |  100.00 |     0.82 |   0.90
0563 -     40.89 |   96.05 |     0.95 |   0.99
0564 -     88.64 |   36.12 |     0.95 |   0.98
0565 -     84.16 |  100.00 |     0.99 |   1.00
0566 -     65.16 |   52.66 |     0.97 |   0.97
0567 -     41.81 |  100.00 |     0.95 |   1.00
0568 -     12.35 |   95.53 |     0.97 |   0.98
0569 -     21.35 |   98.39 |     0.99 |   1.00
0570 -     63.87 |   63.87 |     0.97 |   0.99
0571 -     38.09 |   95.70 |     0.97 |   0.97
0572 -     64.26 |  100.00 |     0.97 |   1.00
0573 -      4.57 |   48.93 |     0.99 |   1.00
0574 -      0.00 |    0.00 |     0.56 |   0.58
0575 -      0.00 |    0.00 |     0.82 |   0.84
0576 -     64.28 |   74.99 |     0.94 |   0.97
0577 -     10.81 |   88.75 |     0.93 |   0.96
0578 -     15.48 |   90.53 |     0.96 |   0.97
0579 -      9.56 |   10.14 |     0.91 |   0.93
0580 -      0.00 |    0.00 |     0.75 |   0.78
0581 -     93.06 |    0.00 |     0.98 |   0.98
0582 -     28.45 |   41.96 |     0.87 |   0.89
0583 -     40.12 |   30.91 |     0.95 |   0.94
0584 -      9.68 |   50.76 |     0.93 |   0.95
0585 -     53.55 |   84.24 |     0.96 |   0.98
0586 -     44.25 |   85.15 |     0.94 |   0.97
0587 -     60.24 |   83.01 |     0.95 |   0.98
0588 -     21.87 |  100.00 |     0.98 |   1.00
0589 -      0.00 |   71.23 |     0.87 |   0.98
0590 -     24.42 |   55.54 |     0.97 |   1.00
0591 -     90.72 |   27.19 |     0.98 |   1.00
0592 -     90.20 |   96.42 |     0.98 |   0.99
0593 -     12.84 |   82.50 |     0.94 |   0.99
0594 -      0.00 |    0.00 |     0.98 |   0.99
0595 -      0.00 |    0.00 |     0.91 |   0.96
0596 -      0.00 |    0.00 |     0.91 |   0.96
0597 -      0.00 |    0.00 |     0.88 |   0.89
0598 -      0.00 |    0.00 |     0.86 |   0.91
0599 -      6.71 |  100.00 |     0.98 |   1.00
0600 -     32.49 |   26.16 |     0.97 |   0.95
0601 -      0.00 |    0.00 |     0.89 |   0.96
0602 -     76.44 |  100.00 |     0.99 |   1.00
0603 -     87.47 |   86.52 |     0.94 |   0.97
0604 -      0.00 |    0.00 |     0.96 |   0.98
0605 -     67.02 |   66.47 |     0.95 |   0.99
0606 -     76.88 |  100.00 |     0.98 |   1.00
0607 -     15.28 |  100.00 |     0.95 |   1.00
0608 -      4.83 |    4.74 |     0.86 |   0.84
0609 -     22.18 |   22.18 |     0.73 |   0.75
0610 -      0.00 |    0.00 |     0.91 |   0.97
0611 -     92.40 |  100.00 |     0.97 |   1.00
0612 -      0.00 |    0.00 |     0.60 |   0.61
0613 -     32.09 |  100.00 |     0.99 |   1.00
0614 -     37.56 |   87.08 |     0.92 |   0.95
0615 -      0.00 |    0.00 |     0.91 |   0.92
0616 -      0.00 |    0.00 |     0.86 |   0.90
0617 -      0.00 |    0.00 |     0.73 |   0.85
0618 -     52.56 |   52.56 |     0.86 |   0.85
0619 -     20.24 |   77.10 |     0.96 |   0.96
0620 -     89.69 |  100.00 |     0.94 |   1.00
0621 -      0.00 |    0.00 |     0.82 |   0.86
0622 -     56.60 |   62.52 |     0.96 |   0.98
0623 -     94.11 |   99.84 |     0.96 |   0.97
0624 -     82.65 |   81.55 |     0.99 |   1.00
0625 -      0.00 |    0.00 |     0.89 |   0.90
0626 -      0.00 |    0.00 |     0.95 |   1.00
0627 -     49.74 |   61.09 |     0.95 |   0.99
0628 -     34.68 |  100.00 |     0.96 |   1.00
0629 -      0.00 |    0.00 |     0.94 |   0.94
0630 -     22.93 |   95.48 |     0.91 |   0.96
0631 -     36.32 |   38.29 |     0.97 |   0.97
0632 -      0.00 |    0.00 |     0.93 |   0.97
0633 -     21.22 |  100.00 |     0.99 |   1.00
0634 -      0.00 |    0.00 |     0.98 |   0.99
0635 -     22.45 |   98.85 |     0.94 |   0.99
0636 -     21.17 |   19.33 |     0.98 |   0.98
0637 -     70.20 |   95.76 |     0.98 |   0.99
0638 -     58.30 |  100.00 |     0.99 |   1.00
0639 -     47.17 |  100.00 |     0.98 |   1.00
0640 -     11.75 |   12.13 |     0.84 |   0.92
0641 -     54.64 |   78.72 |     0.88 |   0.91
0642 -     85.16 |  100.00 |     0.98 |   1.00
0643 -     21.11 |   17.56 |     0.94 |   0.91
0644 -      0.00 |    0.00 |     0.79 |   0.79
0645 -      9.68 |   93.82 |     0.97 |   1.00
0646 -      6.27 |    0.00 |     0.90 |   0.92
0647 -      0.00 |    0.00 |     0.96 |   0.98
0648 -     33.11 |    0.00 |     0.96 |   0.98
0649 -     46.11 |  100.00 |     0.98 |   1.00
0650 -      0.00 |    0.00 |     0.78 |   0.80
0651 -     91.68 |   99.81 |     0.96 |   0.98
0652 -     87.36 |  100.00 |     0.97 |   1.00
0653 -      0.00 |  100.00 |     0.94 |   1.00
0654 -      0.00 |   53.45 |     0.92 |   0.92
0655 -     86.07 |   69.75 |     0.97 |   1.00
0656 -     78.18 |  100.00 |     0.97 |   1.00
0657 -     87.75 |  100.00 |     0.76 |   0.85
0658 -     21.73 |   21.73 |     0.91 |   0.99
0659 -      0.00 |    0.00 |     0.88 |   0.92
0660 -      0.00 |   54.23 |     0.90 |   0.95
0661 -     92.05 |  100.00 |     0.97 |   1.00
0662 -     73.78 |   50.91 |     0.96 |   1.00
0663 -      0.00 |    0.00 |     0.97 |   1.00
0664 -      0.00 |    0.00 |     0.71 |   0.73
0665 -      0.00 |  100.00 |     0.77 |   1.00
0666 -     69.54 |   77.85 |     0.76 |   0.79
0667 -      0.00 |   20.68 |     0.85 |   0.88
0668 -      0.00 |    0.00 |     0.92 |   0.97
0669 -     80.85 |  100.00 |     0.90 |   1.00
0670 -     91.40 |  100.00 |     0.96 |   1.00
0671 -     84.33 |  100.00 |     0.88 |   1.00
0672 -     68.19 |  100.00 |     0.94 |   1.00
0673 -     22.53 |  100.00 |     0.98 |   1.00
0674 -      0.00 |    0.00 |     0.73 |   0.79
0675 -     11.28 |   11.54 |     0.97 |   0.99
0676 -      0.00 |  100.00 |     0.96 |   1.00
0677 -     28.48 |   29.09 |     0.97 |   0.97
0678 -     65.38 |  100.00 |     0.99 |   1.00
0679 -     13.67 |   13.67 |     0.98 |   1.00
0680 -     36.23 |  100.00 |     0.93 |   1.00
0681 -      0.00 |    0.00 |     0.71 |   0.89
0682 -      5.72 |    5.72 |     0.94 |   0.95
0683 -      0.00 |    0.00 |     0.83 |   0.88
0684 -     30.88 |   96.89 |     0.94 |   0.98
0685 -      0.00 |    0.00 |     0.74 |   0.80
0686 -      0.00 |    0.00 |     0.57 |   0.52
0687 -      8.48 |   23.62 |     0.89 |   0.93
0688 -     78.33 |   82.24 |     0.94 |   0.99
0689 -     74.93 |   76.38 |     0.96 |   0.97
0690 -      0.00 |    0.00 |     0.87 |   0.88
0691 -     93.20 |  100.00 |     0.98 |   1.00
0692 -     88.00 |    8.28 |     0.98 |   0.98
0693 -      0.00 |    0.00 |     0.92 |   0.93
0694 -      4.90 |    4.84 |     0.93 |   0.95
0695 -     20.74 |   44.19 |     0.93 |   0.94
0696 -     46.88 |   95.20 |     0.99 |   1.00
0697 -      0.00 |   11.81 |     0.98 |   0.98
0698 -     34.39 |   99.74 |     0.95 |   0.97
0699 -     48.05 |   70.45 |     0.89 |   0.98
0700 -     94.89 |   99.87 |     0.97 |   0.99
0701 -     15.75 |    9.34 |     0.95 |   1.00
0702 -     76.74 |   91.66 |     0.94 |   0.97
0703 -      0.00 |    0.00 |     0.93 |   0.99
0704 -     54.45 |  100.00 |     0.97 |   1.00
0705 -      3.63 |    0.00 |     0.84 |   0.91
0706 -     12.90 |    0.00 |     0.95 |   0.98
0707 -     76.04 |   92.92 |     0.98 |   1.00
0708 -     23.61 |  100.00 |     0.89 |   1.00
0709 -      0.00 |    0.00 |     0.47 |   0.72
0710 -     30.42 |   44.78 |     0.95 |   0.95
0711 -     70.46 |  100.00 |     0.94 |   1.00
0712 -     61.97 |   61.10 |     0.93 |   0.94
0713 -      0.00 |    0.00 |     0.74 |   0.76
0714 -     14.94 |   60.54 |     0.97 |   1.00
0715 -      0.00 |   51.65 |     0.62 |   0.62
0716 -     71.44 |  100.00 |     0.93 |   1.00
0717 -     62.48 |  100.00 |     0.83 |   1.00
0718 -     40.38 |   87.99 |     0.94 |   0.95
0719 -      0.00 |   11.81 |     0.73 |   0.73
0720 -     56.74 |   62.35 |     0.98 |   0.99
0721 -     87.92 |  100.00 |     0.97 |   1.00
0722 -     19.10 |  100.00 |     0.97 |   1.00
0723 -     54.50 |  100.00 |     0.96 |   1.00
0724 -      0.00 |    0.00 |     0.93 |   0.92
0725 -     49.84 |  100.00 |     0.98 |   1.00
0726 -     84.98 |   99.41 |     0.99 |   0.99
0727 -     25.48 |   24.47 |     0.90 |   0.92
0728 -      0.00 |    0.00 |     0.96 |   0.98
0729 -     16.04 |   16.02 |     0.93 |   0.96
0730 -     50.13 |   42.23 |     0.94 |   0.97
0731 -     16.18 |  100.00 |     0.95 |   1.00
0732 -      0.00 |    0.00 |     0.92 |   0.93
0733 -      4.52 |    4.12 |     0.98 |   0.99
0734 -     26.93 |   26.70 |     0.93 |   0.94
0735 -     60.05 |  100.00 |     0.96 |   1.00
0736 -     55.40 |   80.19 |     0.97 |   0.98
0737 -     70.28 |   92.66 |     0.98 |   0.99
0738 -     51.13 |   64.25 |     0.78 |   0.85
0739 -     85.93 |   91.77 |     0.91 |   0.96
0740 -     94.18 |   99.85 |     0.96 |   0.97
0741 -      0.00 |    0.00 |     0.72 |   0.74
0742 -     27.56 |   27.56 |     0.98 |   0.99
0743 -     17.03 |   16.75 |     0.98 |   0.98
0744 -     67.31 |  100.00 |     0.98 |   1.00
0745 -      0.00 |    0.00 |     0.92 |   0.92
0746 -      0.00 |    6.08 |     0.98 |   0.98
0747 -      0.00 |    0.00 |     0.95 |   1.00
0748 -     89.75 |   94.75 |     0.97 |   0.99
0749 -     26.82 |   26.78 |     0.97 |   0.99
0750 -      0.00 |    0.00 |     0.92 |   0.93
0751 -     35.45 |   38.92 |     0.78 |   0.86
0752 -     51.02 |  100.00 |     0.99 |   1.00
0753 -      0.00 |    0.00 |     0.94 |   0.98
0754 -     36.54 |   16.43 |     0.95 |   0.98
0755 -      0.00 |    0.00 |     0.91 |   0.96
0756 -     71.64 |  100.00 |     0.98 |   1.00
0757 -     71.87 |  100.00 |     0.98 |   1.00
0758 -     41.30 |   31.19 |     0.98 |   0.84
0759 -      6.60 |    7.22 |     0.84 |   0.84
0760 -     89.22 |   96.20 |     0.92 |   0.99
0761 -     75.07 |  100.00 |     0.94 |   1.00
0762 -     30.69 |  100.00 |     0.95 |   1.00
0763 -     54.46 |  100.00 |     0.97 |   1.00
0764 -     95.80 |  100.00 |     0.99 |   1.00
0765 -     71.12 |  100.00 |     0.87 |   1.00
0766 -     18.13 |    0.00 |     0.94 |   0.96
0767 -     77.02 |  100.00 |     0.97 |   1.00
0768 -     49.40 |   94.60 |     0.62 |   0.85
0769 -     23.24 |   93.03 |     0.90 |   0.99
0770 -      0.00 |    0.00 |     0.95 |   0.96
0771 -      0.00 |    0.00 |     0.95 |   0.97
0772 -      0.00 |  100.00 |     0.97 |   1.00
0773 -     43.54 |    8.59 |     0.98 |   0.99
0774 -     20.32 |  100.00 |     0.96 |   1.00
0775 -     23.65 |  100.00 |     0.97 |   1.00
0776 -      0.00 |  100.00 |     0.78 |   1.00
0777 -      0.00 |    0.00 |     0.80 |   0.97
0778 -     26.87 |   27.29 |     0.84 |   0.85
0779 -      9.99 |   51.30 |     0.85 |   0.86
0780 -     35.27 |   80.11 |     0.97 |   1.00
0781 -      0.00 |    0.00 |     0.83 |   0.88
0782 -      0.00 |   90.78 |     0.88 |   0.97
0783 -      0.00 |    0.00 |     0.81 |   0.83
0784 -      0.00 |    0.00 |     0.93 |   0.94
0785 -      0.00 |    0.00 |     0.33 |   0.33
0786 -     89.32 |  100.00 |     0.97 |   1.00
0787 -      0.00 |    0.00 |     0.85 |   0.88
0788 -      0.00 |    0.00 |     0.96 |   0.97
0789 -      0.00 |    0.00 |     0.86 |   0.94
0790 -     93.26 |  100.00 |     0.97 |   1.00
0791 -     13.01 |   96.06 |     0.98 |   0.99
0792 -     25.71 |   30.05 |     0.69 |   0.82
0793 -      8.74 |    8.42 |     0.93 |   0.96
0794 -     39.17 |  100.00 |     0.96 |   1.00
0795 -     94.18 |   99.87 |     0.96 |   0.98
0796 -     85.96 |  100.00 |     0.88 |   1.00
0797 -     78.95 |  100.00 |     0.94 |   1.00
0798 -     22.56 |  100.00 |     0.97 |   1.00
0799 -     70.24 |   62.40 |     0.97 |   1.00
0800 -      0.00 |    0.00 |     0.66 |   0.72
0801 -     57.28 |   63.91 |     0.95 |   0.96
0802 -     28.63 |  100.00 |     0.98 |   1.00
0803 -     27.15 |   31.44 |     0.91 |   0.93
0804 -      0.00 |    0.00 |     0.86 |   0.88
0805 -     21.50 |    0.00 |     0.90 |   0.90
0806 -    100.00 |   90.22 |     1.00 |   0.96
0807 -     39.01 |  100.00 |     0.96 |   1.00
0808 -      0.00 |    0.00 |     0.87 |   0.87
0809 -      6.50 |    6.40 |     0.94 |   1.00
0810 -     32.48 |   31.71 |     0.93 |   0.93
0811 -     92.16 |   97.07 |     0.93 |   0.97
0812 -      0.00 |    0.00 |     0.97 |   0.99
0813 -      0.00 |   33.62 |     0.91 |   0.91
0814 -      0.00 |   38.50 |     0.40 |   0.54
0815 -     29.05 |   84.36 |     0.90 |   0.97
0816 -     10.05 |    0.00 |     0.96 |   1.00
0817 -     18.46 |  100.00 |     0.97 |   1.00
0818 -      0.00 |    0.00 |     0.82 |   0.82
0819 -     27.73 |   85.83 |     0.93 |   0.97
0820 -     29.86 |   92.31 |     0.95 |   0.99
0821 -     32.49 |   99.68 |     0.92 |   0.96
0822 -     25.85 |   25.49 |     0.83 |   0.84
0823 -     43.94 |   93.94 |     0.94 |   0.95
0824 -     73.20 |   99.84 |     0.97 |   0.98
0825 -     17.68 |   50.54 |     0.85 |   0.84
0826 -      0.00 |    0.00 |     0.71 |   0.85
0827 -      0.00 |    5.07 |     0.89 |   0.91
0828 -      0.00 |    0.00 |     0.81 |   0.83
0829 -     24.17 |   92.11 |     0.93 |   0.95
0830 -     32.41 |   31.71 |     0.96 |   0.97
0831 -      0.00 |    9.77 |     0.74 |   0.86
0832 -     52.98 |   97.98 |     0.95 |   0.99
==============================================
