==============================================
BLEU GOLD:                               20.78
BLEU IN:                                 31.26
SIM GOLD:                               0.7955
SIM IN:                                 0.8661
==============================================
       BLEU GOLD | BLEU IN | SIM GOLD | SIM IN
0001 -      8.05 |   10.36 |     0.88 |   0.90
0002 -     39.36 |   38.17 |     0.94 |   0.98
0003 -     92.19 |   96.38 |     0.84 |   1.00
0004 -     39.96 |   41.43 |     0.83 |   0.77
0005 -     28.58 |   22.59 |     0.94 |   0.97
0006 -     67.90 |   98.90 |     0.86 |   0.99
0007 -     15.79 |    0.00 |     0.74 |   0.76
0008 -      0.00 |    0.00 |     0.60 |   0.78
0009 -      0.00 |   34.34 |     0.64 |   0.73
0010 -      0.00 |   13.63 |     0.92 |   0.94
0011 -     20.09 |   15.39 |     0.80 |   0.96
0012 -     25.63 |   27.97 |     0.87 |   0.93
0013 -      0.00 |    0.00 |     0.96 |   1.00
0014 -      0.00 |    0.00 |     0.72 |   0.94
0015 -      0.00 |    0.00 |     0.89 |   0.94
0016 -      6.51 |    0.00 |     0.76 |   0.94
0017 -      0.00 |  100.00 |     0.62 |   1.00
0018 -      0.00 |   45.05 |     0.70 |   0.78
0019 -      0.00 |    5.69 |     0.94 |   0.97
0020 -     53.70 |  100.00 |     0.86 |   1.00
0021 -     77.13 |   98.16 |     0.95 |   0.98
0022 -      0.00 |   22.74 |     0.89 |   0.93
0023 -      0.00 |   99.16 |     0.92 |   1.00
0024 -     32.68 |   34.04 |     0.87 |   0.87
0025 -     20.74 |   19.60 |     0.69 |   0.77
0026 -     76.18 |   78.88 |     0.95 |   0.96
0027 -     39.94 |   86.87 |     0.85 |   0.89
0028 -     11.48 |   10.26 |     0.87 |   0.91
0029 -     62.83 |   63.71 |     0.93 |   0.98
0030 -      0.00 |    0.00 |     0.97 |   0.97
0031 -      0.00 |   11.64 |     0.73 |   0.78
0032 -     17.64 |   69.38 |     0.87 |   0.93
0033 -     44.14 |   86.76 |     0.87 |   1.00
0034 -      0.00 |    0.00 |     0.83 |   0.86
0035 -     32.84 |   29.03 |     0.79 |   0.88
0036 -      0.00 |    0.00 |     0.91 |   0.93
0037 -      7.49 |   20.66 |     0.87 |   1.00
0038 -     26.29 |   97.70 |     0.93 |   0.98
0039 -      0.00 |    0.00 |     0.78 |   0.81
0040 -      0.00 |    0.00 |     0.78 |   0.86
0041 -     47.76 |  100.00 |     0.93 |   1.00
0042 -     76.64 |  100.00 |     0.91 |   1.00
0043 -      0.00 |   39.17 |     0.85 |   0.86
0044 -      0.00 |    0.00 |     0.89 |   0.94
0045 -     38.95 |   32.77 |     0.89 |   0.97
0046 -     50.38 |    6.60 |     0.71 |   0.75
0047 -     18.16 |   12.67 |     0.61 |   0.65
0048 -     28.73 |   20.14 |     0.90 |   0.95
0049 -     57.99 |   97.94 |     0.98 |   1.00
0050 -     42.15 |   84.93 |     0.88 |   0.94
0051 -     20.40 |   71.05 |     0.90 |   0.95
0052 -     44.90 |   26.34 |     0.94 |   0.98
0053 -      0.00 |    0.00 |     0.47 |   0.60
0054 -      0.00 |    0.00 |     0.84 |   0.91
0055 -      0.00 |    0.00 |     0.80 |   0.76
0056 -      0.00 |    0.00 |     0.80 |   0.82
0057 -     17.11 |   16.46 |     0.90 |   0.87
0058 -      0.00 |    0.00 |     0.82 |   0.82
0059 -      0.00 |    0.00 |     0.79 |   0.97
0060 -     23.78 |   20.67 |     0.91 |   0.96
0061 -     89.31 |   13.62 |     0.99 |   0.99
0062 -      0.00 |    0.00 |     0.83 |   0.87
0063 -      0.00 |    0.00 |     0.59 |   0.62
0064 -      6.72 |   25.77 |     0.88 |   0.91
0065 -      8.44 |    6.80 |     0.97 |   0.99
0066 -     34.23 |   91.93 |     0.90 |   0.97
0067 -     48.73 |   14.90 |     0.97 |   0.97
0068 -      0.00 |   10.60 |     0.12 |   0.42
0069 -      0.00 |    0.00 |     0.77 |   0.81
0070 -      0.00 |   75.42 |     0.93 |   0.97
0071 -      5.68 |    0.00 |     0.90 |   0.93
0072 -     29.33 |   32.86 |     0.84 |   0.94
0073 -      0.00 |    0.00 |     0.76 |   0.86
0074 -      0.00 |   53.42 |     0.73 |   0.84
0075 -     11.19 |   11.64 |     0.90 |   0.93
0076 -      0.00 |    0.00 |     0.62 |   0.78
0077 -     22.01 |   54.62 |     0.86 |   0.91
0078 -      0.00 |    0.00 |     0.60 |   0.72
0079 -     22.99 |   80.19 |     0.91 |   0.96
0080 -     62.63 |   60.47 |     0.91 |   0.96
0081 -     67.99 |   81.17 |     0.89 |   0.94
0082 -      0.00 |   83.51 |     0.86 |   0.93
0083 -      0.00 |    0.00 |     0.96 |   0.96
0084 -      8.88 |    8.21 |     0.76 |   0.88
0085 -     59.92 |   97.80 |     0.73 |   0.99
0086 -      0.00 |   95.89 |     0.84 |   0.93
0087 -     11.38 |   11.52 |     0.89 |   0.99
0088 -     33.11 |   30.75 |     0.94 |   0.96
0089 -     30.58 |   30.58 |     0.82 |   0.85
0090 -     20.88 |   22.07 |     0.78 |   0.91
0091 -      0.00 |    0.00 |     0.66 |   0.77
0092 -     57.99 |   60.22 |     0.96 |   1.00
0093 -      0.00 |    9.73 |     0.76 |   0.89
0094 -      8.92 |   47.43 |     0.77 |   0.91
0095 -      0.00 |    0.00 |     0.77 |   0.85
0096 -      7.59 |   13.29 |     0.93 |   0.89
0097 -     42.21 |   72.85 |     0.78 |   0.83
0098 -     22.90 |   29.83 |     0.64 |   0.70
0099 -     67.11 |   67.97 |     0.82 |   0.93
0100 -     35.22 |   52.48 |     0.53 |   0.89
0101 -     39.95 |   99.18 |     0.82 |   0.94
0102 -      0.00 |    0.00 |     0.85 |   0.87
0103 -      0.00 |    0.00 |     0.64 |   0.71
0104 -     29.89 |   26.99 |     0.93 |   0.99
0105 -      0.00 |    0.00 |     0.81 |   0.88
0106 -      0.00 |    0.00 |     0.81 |   0.83
0107 -     52.01 |    0.00 |     0.80 |   0.89
0108 -     48.22 |   53.68 |     0.71 |   0.72
0109 -      0.00 |    0.00 |     0.87 |   0.90
0110 -      0.00 |    0.00 |     0.74 |   0.84
0111 -     38.11 |   48.48 |     0.72 |   0.74
0112 -      0.00 |    0.00 |     0.92 |   0.97
0113 -     14.75 |   14.11 |     0.90 |   0.94
0114 -      4.96 |    0.00 |     0.66 |   0.67
0115 -     66.04 |   87.95 |     0.96 |   0.97
0116 -     55.21 |   97.80 |     0.87 |   0.97
0117 -     20.66 |   38.52 |     0.85 |   0.85
0118 -     13.59 |   12.56 |     0.99 |   0.93
0119 -      0.00 |    0.00 |     0.80 |   0.82
0120 -      0.00 |    0.00 |     0.59 |   0.63
0121 -      0.00 |    0.00 |     0.55 |   0.70
0122 -     24.38 |   23.00 |     0.71 |   0.75
0123 -     25.22 |   28.77 |     0.88 |   0.93
0124 -     32.07 |   37.47 |     0.53 |   0.89
0125 -      0.00 |   35.62 |     0.89 |   0.95
0126 -      0.00 |    0.00 |     0.89 |   0.93
0127 -     56.55 |   87.99 |     0.86 |   0.91
0128 -      0.00 |   62.57 |     0.84 |   0.94
0129 -     16.87 |   10.55 |     0.68 |   0.79
0130 -     16.64 |   14.33 |     0.85 |   0.90
0131 -      0.00 |    0.00 |     0.91 |   0.94
0132 -     36.47 |   36.37 |     0.81 |   1.00
0133 -      0.00 |    0.00 |     0.82 |   0.87
0134 -     12.74 |   13.86 |     0.84 |   0.91
0135 -     16.77 |   16.09 |     0.93 |   0.94
0136 -      0.00 |    0.00 |     0.55 |   0.58
0137 -      0.00 |    0.00 |     0.96 |   0.99
0138 -      0.00 |   23.26 |     0.72 |   0.70
0139 -     59.87 |   66.93 |     0.94 |   1.00
0140 -     21.47 |   86.32 |     0.90 |   0.99
0141 -     27.96 |   18.62 |     0.87 |   0.92
0142 -     39.67 |   45.41 |     0.68 |   0.89
0143 -     68.67 |   95.64 |     0.92 |   0.97
0144 -      0.00 |    0.00 |     0.53 |   0.60
0145 -     31.27 |   95.90 |     0.94 |   0.97
0146 -     56.65 |   70.00 |     0.96 |   0.99
0147 -      7.86 |   41.28 |     0.84 |   0.96
0148 -      0.00 |    0.00 |     0.85 |   0.96
0149 -     37.68 |   30.20 |     0.85 |   0.89
0150 -     23.03 |   23.51 |     0.69 |   0.86
0151 -      0.00 |   62.22 |     0.64 |   0.89
0152 -     67.01 |   50.80 |     0.80 |   0.83
0153 -     10.33 |    0.00 |     0.98 |   0.99
0154 -     15.46 |   14.04 |     0.68 |   0.77
0155 -     35.68 |   23.34 |     0.86 |   0.86
0156 -      0.00 |    0.00 |     0.93 |   0.92
0157 -      0.00 |   70.82 |     0.81 |   0.93
0158 -      0.00 |    0.00 |     0.63 |   0.57
0159 -      0.00 |    0.00 |     0.55 |   0.53
0160 -     66.16 |   95.26 |     0.88 |   0.99
0161 -      5.18 |    5.10 |     0.75 |   0.89
0162 -      0.00 |    0.00 |     0.65 |   0.66
0163 -      0.00 |    0.00 |     0.81 |   0.81
0164 -      0.00 |    0.00 |     0.61 |   0.79
0165 -      0.00 |    0.00 |     0.82 |   0.82
0166 -      0.00 |    0.00 |     0.59 |   0.75
0167 -      0.00 |    0.00 |     0.69 |   0.67
0168 -     23.32 |   22.54 |     0.52 |   0.65
0169 -      0.00 |   17.40 |     0.65 |   0.86
0170 -     42.19 |   96.05 |     0.93 |   0.98
0171 -     10.07 |    9.94 |     0.93 |   0.94
0172 -     39.98 |   43.29 |     0.90 |   0.91
0173 -     63.08 |   51.53 |     0.80 |   0.91
0174 -      0.00 |    0.00 |     0.67 |   0.94
0175 -      0.00 |    0.00 |     0.68 |   0.76
0176 -     14.36 |   69.29 |     0.76 |   0.95
0177 -      0.00 |    0.00 |     0.37 |   0.60
0178 -      0.00 |    0.00 |     0.83 |   0.94
0179 -     21.65 |   96.19 |     0.87 |   1.00
0180 -     36.40 |    0.00 |     0.79 |   0.92
0181 -      0.00 |    0.00 |     0.75 |   0.81
0182 -     74.94 |   11.27 |     0.91 |   0.92
0183 -     48.67 |   47.88 |     0.93 |   0.96
0184 -      0.00 |   21.02 |     0.88 |   0.92
0185 -      0.00 |    0.00 |     0.41 |   0.67
0186 -      0.00 |   45.49 |     0.69 |   0.90
0187 -      0.00 |    3.32 |     0.87 |   0.84
0188 -      0.00 |    0.00 |     0.73 |   0.79
0189 -      0.00 |    0.00 |     0.72 |   0.81
0190 -     13.80 |   12.73 |     0.79 |   0.83
0191 -      8.53 |   93.00 |     0.96 |   0.99
0192 -      0.00 |   40.17 |     0.55 |   0.86
0193 -      7.01 |    6.71 |     0.74 |   0.70
0194 -     68.09 |   84.58 |     0.90 |   0.93
0195 -     12.98 |   11.89 |     0.89 |   0.94
0196 -      0.00 |   92.05 |     0.89 |   0.98
0197 -     96.42 |   87.17 |     0.84 |   0.95
0198 -      0.00 |    0.00 |     0.46 |   0.51
0199 -     16.90 |   43.56 |     0.93 |   0.96
0200 -      0.00 |    8.56 |     0.72 |   0.74
0201 -     55.74 |   62.01 |     0.86 |   0.99
0202 -      0.00 |    0.00 |     0.89 |   0.92
0203 -      0.00 |   76.65 |     0.92 |   0.94
0204 -      0.00 |   13.37 |     0.85 |   1.00
0205 -     88.55 |   93.44 |     0.94 |   0.96
0206 -      0.00 |   86.09 |     0.93 |   0.94
0207 -     53.47 |   25.41 |     0.94 |   0.95
0208 -      0.00 |  100.00 |     0.98 |   1.00
0209 -      0.00 |   23.48 |     0.70 |   0.64
0210 -     47.03 |    4.66 |     0.73 |   0.81
0211 -      9.54 |   32.15 |     0.82 |   0.97
0212 -     33.78 |   41.46 |     0.83 |   0.88
0213 -     50.82 |   78.65 |     0.87 |   0.99
0214 -     15.04 |   74.89 |     0.87 |   0.97
0215 -      0.00 |    0.00 |     0.87 |   0.90
0216 -      6.07 |   68.87 |     0.95 |   0.99
0217 -      0.00 |   10.61 |     0.92 |   0.95
0218 -      0.00 |   58.94 |     0.62 |   0.82
0219 -      0.00 |    0.00 |     0.78 |   0.85
0220 -      0.00 |   58.47 |     0.81 |   0.85
0221 -      7.61 |   31.12 |     0.73 |   0.76
0222 -      0.00 |    0.00 |     0.51 |   0.65
0223 -      0.00 |    0.00 |     0.88 |   0.90
0224 -      0.00 |    0.00 |     0.64 |   0.68
0225 -     46.83 |   82.07 |     0.80 |   0.96
0226 -      0.00 |    0.00 |     0.66 |   0.69
0227 -      4.96 |    0.00 |     0.64 |   0.71
0228 -     27.70 |   96.12 |     0.94 |   1.00
0229 -      0.00 |    0.00 |     0.44 |   0.88
0230 -      7.32 |   21.09 |     0.83 |   0.89
0231 -     28.37 |   25.03 |     0.82 |   0.89
0232 -     59.87 |   27.34 |     0.89 |   0.93
0233 -     13.72 |    0.00 |     0.53 |   0.61
0234 -      6.39 |    6.45 |     0.81 |   0.81
0235 -      0.00 |    0.00 |     0.72 |   0.79
0236 -     30.72 |   74.24 |     0.91 |   0.94
0237 -      0.00 |    0.00 |     0.79 |   0.84
0238 -      0.00 |    0.00 |     0.78 |   0.90
0239 -      0.00 |    0.00 |     0.48 |   0.62
0240 -      0.00 |    0.00 |     0.84 |   0.95
0241 -     99.01 |   18.15 |     1.00 |   0.98
0242 -      0.00 |    0.00 |     0.66 |   0.70
0243 -      0.00 |    0.00 |     0.89 |   0.94
0244 -      0.00 |    0.00 |     0.85 |   0.92
0245 -     54.99 |  100.00 |     0.82 |   1.00
0246 -      0.00 |   97.46 |     0.87 |   0.98
0247 -     26.82 |   25.10 |     0.78 |   0.80
0248 -     88.03 |   89.29 |     0.95 |   0.98
0249 -     37.73 |   14.41 |     0.80 |   0.83
0250 -      0.00 |    0.00 |     0.88 |   0.85
0251 -      0.00 |   17.88 |     0.91 |   0.95
0252 -     21.44 |   63.10 |     0.73 |   0.85
0253 -      0.00 |    0.00 |     0.81 |   0.87
0254 -      6.43 |    0.00 |     0.94 |   0.97
0255 -      0.00 |    0.00 |     0.75 |   0.83
0256 -      0.00 |    0.00 |     0.64 |   0.62
0257 -      0.00 |   22.48 |     0.83 |   0.96
0258 -     41.21 |   90.13 |     0.82 |   0.98
0259 -     41.83 |   66.08 |     0.76 |   0.87
0260 -      0.00 |    0.00 |     0.85 |   0.89
0261 -      7.18 |    6.94 |     0.69 |   0.68
0262 -      0.00 |    0.00 |     0.56 |   0.53
0263 -     24.45 |   22.13 |     0.82 |   0.95
0264 -     18.93 |   17.55 |     0.96 |   0.97
0265 -     41.60 |   96.72 |     0.73 |   0.99
0266 -     20.27 |   93.03 |     0.98 |   0.98
0267 -      0.00 |    0.00 |     0.82 |   0.78
0268 -     45.48 |   50.75 |     0.77 |   0.96
0269 -     45.04 |   96.71 |     0.91 |   0.99
0270 -     63.23 |   56.07 |     0.92 |   0.91
0271 -     18.36 |   23.35 |     0.92 |   0.94
0272 -     33.73 |  100.00 |     0.86 |   1.00
0273 -     76.75 |   99.52 |     0.98 |   1.00
0274 -      7.16 |    7.77 |     0.91 |   0.93
0275 -     55.66 |   43.86 |     0.77 |   0.89
0276 -      0.00 |    0.00 |     0.84 |   0.89
0277 -     46.62 |  100.00 |     0.91 |   1.00
0278 -     69.02 |  100.00 |     0.86 |   1.00
0279 -      0.00 |    0.00 |     0.12 |   0.15
0280 -     88.44 |   74.06 |     0.87 |   0.98
0281 -      0.00 |    0.00 |     0.78 |   0.80
0282 -      0.00 |    0.00 |     0.75 |   0.76
0283 -     41.87 |  100.00 |     0.88 |   1.00
0284 -     22.84 |   70.88 |     0.88 |   0.99
0285 -     58.87 |   99.21 |     0.93 |   0.98
0286 -     55.29 |   86.72 |     0.82 |   0.91
0287 -      0.00 |    0.00 |     0.26 |   0.36
0288 -     11.49 |   11.20 |     0.90 |   0.95
0289 -     63.89 |   66.45 |     0.87 |   0.93
0290 -     14.34 |   12.07 |     0.93 |   1.00
0291 -      0.00 |    0.00 |     0.80 |   0.76
0292 -      0.00 |    0.00 |     0.46 |   0.53
0293 -     62.57 |   72.38 |     0.94 |   0.93
0294 -      0.00 |    0.00 |     0.54 |   0.66
0295 -      0.00 |    0.00 |     0.77 |   0.86
0296 -     92.27 |    0.00 |     0.93 |   0.92
0297 -      0.00 |    0.00 |     0.78 |   0.84
0298 -      8.65 |    8.86 |     0.78 |   0.86
0299 -      7.07 |    7.64 |     0.91 |   0.94
0300 -      0.00 |    0.00 |     0.55 |   0.66
0301 -     41.11 |   45.63 |     0.88 |   0.92
0302 -     66.78 |  100.00 |     0.95 |   1.00
0303 -      0.00 |    0.00 |     0.84 |   0.90
0304 -      0.00 |    0.00 |     0.52 |   0.67
0305 -     36.18 |   29.44 |     0.93 |   0.99
0306 -      0.00 |    0.00 |     0.80 |   0.79
0307 -     27.10 |   81.51 |     0.84 |   0.95
0308 -      0.00 |    0.00 |     0.75 |   0.79
0309 -     12.64 |   65.45 |     0.84 |   0.92
0310 -     28.17 |   27.79 |     0.85 |   0.90
0311 -      9.01 |    9.34 |     0.69 |   0.87
0312 -     36.23 |   43.90 |     0.81 |   0.86
0313 -      0.00 |    0.00 |     0.87 |   0.95
0314 -      0.00 |    0.00 |     0.16 |   0.22
0315 -      0.00 |    0.00 |     0.81 |   0.87
0316 -      0.00 |    0.00 |     0.84 |   0.86
0317 -      0.00 |    0.00 |     0.88 |   0.90
0318 -     45.76 |   56.83 |     0.78 |   0.83
0319 -      8.76 |   21.78 |     0.91 |   0.92
0320 -     78.79 |   89.06 |     0.94 |   0.96
0321 -      0.00 |    0.00 |     0.75 |   0.82
0322 -     20.32 |   15.25 |     0.71 |   0.80
0323 -     22.26 |   41.94 |     0.82 |   0.84
0324 -      0.00 |    0.00 |     0.93 |   0.94
0325 -      0.00 |    0.00 |     0.54 |   0.52
0326 -      0.00 |   82.87 |     0.93 |   0.95
0327 -     11.76 |   10.83 |     0.67 |   0.87
0328 -      0.00 |    0.00 |     0.90 |   0.92
0329 -      0.00 |    0.00 |     0.68 |   0.68
0330 -     85.91 |  100.00 |     0.92 |   1.00
0331 -     33.37 |   64.09 |     0.85 |   1.00
0332 -      0.00 |    0.00 |     0.46 |   0.47
0333 -      0.00 |    0.00 |     0.93 |   0.92
0334 -     11.15 |    0.00 |     0.85 |   0.88
0335 -      0.00 |   37.51 |     0.90 |   0.94
0336 -      7.25 |   40.62 |     0.80 |   0.88
0337 -     20.47 |   20.47 |     0.97 |   0.95
0338 -      0.00 |    9.05 |     0.91 |   0.95
0339 -      0.00 |    0.00 |     0.63 |   0.66
0340 -      0.00 |    0.00 |     0.90 |   0.99
0341 -     63.11 |   73.20 |     0.79 |   0.91
0342 -     47.32 |   99.50 |     0.95 |   1.00
0343 -     23.33 |   86.96 |     0.92 |   1.00
0344 -     53.47 |    6.67 |     0.93 |   0.97
0345 -     11.85 |    4.43 |     0.78 |   0.81
0346 -     15.74 |   16.26 |     0.84 |   0.91
0347 -     13.44 |   15.54 |     0.78 |   0.79
0348 -     62.62 |   66.47 |     0.92 |   0.96
0349 -     35.24 |   43.73 |     0.69 |   0.79
0350 -      0.00 |    0.00 |     0.20 |   0.50
0351 -      0.00 |    0.00 |     0.54 |   0.60
0352 -      0.00 |    0.00 |     0.71 |   0.80
0353 -     40.75 |   33.41 |     0.92 |   0.95
0354 -     12.03 |   47.13 |     0.92 |   0.96
0355 -      0.00 |    0.00 |     0.69 |   0.72
0356 -     43.71 |   33.03 |     0.90 |   0.96
0357 -      0.00 |    0.00 |     0.82 |   0.83
0358 -      0.00 |    0.00 |     0.82 |   0.90
0359 -      0.00 |    0.00 |     0.66 |   0.74
0360 -     11.44 |   10.52 |     0.89 |   0.90
0361 -     47.29 |   43.40 |     0.87 |   0.89
0362 -      0.00 |    0.00 |     0.76 |   0.78
0363 -     51.31 |   51.20 |     0.67 |   0.71
0364 -     54.12 |   96.76 |     0.94 |   0.98
0365 -     43.85 |    0.00 |     0.85 |   0.89
0366 -     73.26 |   99.21 |     0.95 |   0.98
0367 -      0.00 |   17.01 |     0.74 |   0.76
0368 -      0.00 |    0.00 |     0.62 |   0.30
0369 -     23.50 |   20.70 |     0.83 |   0.91
0370 -      0.00 |    0.00 |     0.78 |   0.83
0371 -      0.00 |   12.81 |     0.77 |   0.81
0372 -      0.00 |    0.00 |     0.87 |   0.92
0373 -     23.65 |    0.00 |     0.82 |   0.95
0374 -     30.61 |   67.43 |     0.94 |   0.96
0375 -     29.09 |    0.00 |     0.89 |   0.93
0376 -      0.00 |    0.00 |     0.81 |   0.86
0377 -      0.00 |    0.00 |     0.75 |   0.93
0378 -     19.67 |   21.91 |     0.82 |   0.89
0379 -     31.55 |   93.28 |     0.92 |   0.99
0380 -      0.00 |    6.02 |     0.96 |   0.98
0381 -      0.00 |    0.00 |     0.71 |   0.76
0382 -      0.00 |    0.00 |     0.84 |   0.95
0383 -      0.00 |    0.00 |     0.75 |   0.89
0384 -      0.00 |    0.00 |     0.89 |   0.90
0385 -      0.00 |    0.00 |     0.64 |   0.70
0386 -      0.00 |   99.10 |     0.94 |   1.00
0387 -     30.24 |   34.18 |     0.86 |   0.86
0388 -      0.00 |    0.00 |     0.93 |   0.99
0389 -     86.04 |   98.64 |     0.82 |   0.85
0390 -     43.95 |    0.00 |     0.80 |   0.89
0391 -     20.83 |   27.79 |     0.65 |   0.81
0392 -     45.42 |   32.52 |     0.53 |   0.54
0393 -      0.00 |   40.89 |     0.43 |   0.61
0394 -      0.00 |    0.00 |     0.85 |   0.96
0395 -     58.20 |   56.99 |     0.95 |   0.94
0396 -     51.29 |   36.90 |     0.91 |   0.90
0397 -     70.24 |   67.56 |     0.89 |   0.91
0398 -      0.00 |    0.00 |     0.89 |   0.98
0399 -      0.00 |    0.00 |     0.62 |   0.72
0400 -      0.00 |    0.00 |     0.79 |   0.91
0401 -      0.00 |    0.00 |     0.74 |   0.75
0402 -      0.00 |   11.84 |     0.61 |   0.63
0403 -      0.00 |    0.00 |     0.86 |   0.95
0404 -      3.94 |    0.00 |     0.95 |   0.99
0405 -      0.00 |   30.81 |     0.80 |   0.88
0406 -      0.00 |    0.00 |     0.76 |   0.76
0407 -     45.02 |   63.18 |     0.66 |   0.77
0408 -      7.98 |   37.50 |     0.87 |   0.88
0409 -      6.82 |   40.14 |     0.75 |   0.86
0410 -      0.00 |    0.00 |     0.70 |   0.76
0411 -      0.00 |   14.47 |     0.86 |   0.92
0412 -     57.40 |  100.00 |     0.94 |   0.96
0413 -     23.65 |   34.09 |     0.58 |   0.75
0414 -     15.01 |   31.47 |     0.70 |   0.82
0415 -      0.00 |    0.00 |     0.74 |   0.87
0416 -      9.94 |   80.52 |     0.90 |   0.95
0417 -      0.00 |   40.51 |     0.67 |   0.84
0418 -     76.27 |   66.17 |     0.86 |   0.86
0419 -     16.92 |   10.94 |     0.55 |   0.83
0420 -     63.22 |    0.00 |     0.81 |   0.85
0421 -      0.00 |    0.00 |     0.68 |   0.59
0422 -     50.82 |   57.87 |     0.74 |   0.97
0423 -     37.81 |   75.76 |     0.84 |   0.85
0424 -     25.74 |   95.09 |     0.91 |   0.96
0425 -     37.02 |   65.90 |     0.85 |   0.99
0426 -      0.00 |    0.00 |     0.48 |   0.50
0427 -     36.09 |   53.34 |     0.92 |   0.94
0428 -      6.77 |   99.26 |     0.92 |   0.98
0429 -      0.00 |    0.00 |     0.65 |   0.78
0430 -     44.00 |   34.35 |     0.88 |   0.95
0431 -      0.00 |    0.00 |     0.59 |   0.59
0432 -     86.91 |   61.61 |     0.94 |   0.94
0433 -      0.00 |    8.40 |     0.68 |   0.68
0434 -      8.69 |    7.96 |     0.87 |   0.93
0435 -     59.88 |   44.63 |     0.84 |   0.96
0436 -     78.06 |   85.53 |     0.92 |   0.94
0437 -      0.00 |    0.00 |     0.87 |   0.98
0438 -     70.01 |   62.09 |     0.65 |   0.65
0439 -      8.01 |  100.00 |     0.77 |   0.93
0440 -      7.19 |   11.64 |     0.91 |   0.92
0441 -     23.86 |   22.09 |     0.64 |   0.90
0442 -      0.00 |    0.00 |     0.62 |   0.62
0443 -     36.48 |    7.73 |     0.87 |   0.91
0444 -      0.00 |    0.00 |     0.85 |   0.86
0445 -     12.89 |    9.25 |     0.98 |   0.99
0446 -      0.00 |    0.00 |     0.89 |   0.92
0447 -      0.00 |    0.00 |     0.45 |   0.66
0448 -      7.63 |    0.00 |     0.56 |   0.59
0449 -      0.00 |    0.00 |     0.75 |   0.83
0450 -      0.00 |    0.00 |     0.84 |   0.83
0451 -      0.00 |   36.88 |     0.78 |   0.95
0452 -      0.00 |    9.87 |     0.79 |   0.92
0453 -     46.93 |  100.00 |     0.60 |   1.00
0454 -     59.54 |  100.00 |     0.93 |   1.00
0455 -      0.00 |    0.00 |     0.78 |   0.91
0456 -     64.66 |   57.20 |     0.92 |   0.96
0457 -     25.26 |   23.85 |     0.92 |   0.89
0458 -     51.47 |  100.00 |     0.69 |   1.00
0459 -      0.00 |    0.00 |     0.58 |   0.62
0460 -      0.00 |    0.00 |     0.76 |   0.77
0461 -      0.00 |    0.00 |     0.81 |   0.86
0462 -      8.80 |    8.77 |     0.73 |   0.82
0463 -      7.77 |    6.00 |     0.90 |   0.92
0464 -      0.00 |    0.00 |     0.72 |   0.70
0465 -      0.00 |    0.00 |     0.62 |   0.64
0466 -     38.74 |  100.00 |     0.90 |   1.00
0467 -     56.16 |   67.12 |     0.98 |   1.00
0468 -      0.00 |    0.00 |     0.60 |   0.66
0469 -      7.01 |   24.89 |     0.95 |   0.96
0470 -     51.41 |    0.00 |     0.82 |   0.86
0471 -      0.00 |    0.00 |     0.58 |   0.68
0472 -     12.71 |   18.11 |     0.62 |   0.86
0473 -     11.27 |    0.00 |     0.93 |   0.89
0474 -      0.00 |    0.00 |     0.55 |   0.75
0475 -     44.69 |   37.69 |     0.95 |   0.99
0476 -      0.00 |    0.00 |     0.92 |   0.98
0477 -     34.04 |   34.64 |     0.96 |   0.99
0478 -     65.63 |   49.92 |     0.82 |   0.92
0479 -     11.65 |   11.38 |     0.86 |   0.91
0480 -      0.00 |   41.13 |     0.52 |   0.66
0481 -      0.00 |    0.00 |     0.75 |   0.74
0482 -     21.23 |   99.11 |     0.94 |   1.00
0483 -     25.74 |   24.87 |     0.89 |   0.94
0484 -     17.14 |   49.94 |     0.85 |   0.93
0485 -      0.00 |    0.00 |     0.93 |   0.96
0486 -     41.28 |   22.34 |     0.90 |   0.95
0487 -     25.07 |   23.51 |     0.89 |   0.83
0488 -      0.00 |    0.00 |     0.83 |   0.87
0489 -     12.80 |   51.44 |     0.80 |   0.87
0490 -     40.73 |  100.00 |     0.97 |   1.00
0491 -      0.00 |    0.00 |     0.66 |   0.74
0492 -      0.00 |    0.00 |     0.68 |   0.77
0493 -     42.15 |   34.54 |     0.91 |   1.00
0494 -     13.54 |    0.00 |     0.51 |   0.75
0495 -     23.84 |   41.11 |     0.89 |   0.89
0496 -     23.71 |   24.14 |     0.87 |   0.93
0497 -      6.89 |   70.34 |     0.85 |   0.99
0498 -     23.22 |   93.12 |     0.92 |   0.96
0499 -      0.00 |    0.00 |     0.90 |   0.95
0500 -      0.00 |    0.00 |     0.63 |   0.63
0501 -     62.81 |  100.00 |     0.91 |   1.00
0502 -     20.39 |   16.56 |     0.83 |   0.87
0503 -      0.00 |    0.00 |     0.88 |   0.89
0504 -      9.61 |   19.77 |     0.72 |   0.93
0505 -     11.06 |   11.92 |     0.44 |   0.44
0506 -     51.68 |   85.79 |     0.88 |   0.90
0507 -      0.00 |    8.30 |     0.06 |   0.41
0508 -      0.00 |    0.00 |     0.94 |   0.99
0509 -     53.35 |   42.30 |     0.88 |   0.86
0510 -      0.00 |    0.00 |     0.88 |   0.87
0511 -     48.44 |   43.69 |     0.93 |   0.96
0512 -     11.91 |   12.33 |     0.90 |   0.98
0513 -     18.17 |   18.68 |     0.97 |   1.00
0514 -     54.91 |   88.13 |     0.80 |   0.90
0515 -     29.06 |   29.86 |     0.92 |   0.93
0516 -      0.00 |    0.00 |     0.80 |   0.95
0517 -     13.26 |   13.49 |     0.89 |   0.98
0518 -     11.49 |   11.01 |     0.77 |   0.82
0519 -     59.51 |   84.13 |     0.97 |   0.99
0520 -      0.00 |    0.00 |     0.89 |   0.91
0521 -      0.00 |    0.00 |     0.73 |   0.80
0522 -     89.42 |   22.71 |     0.94 |   0.90
0523 -     31.55 |   30.25 |     0.97 |   0.99
0524 -      0.00 |    0.00 |     0.76 |   0.89
0525 -     29.25 |   27.14 |     0.90 |   0.94
0526 -      0.00 |    0.00 |     0.69 |   0.69
0527 -     46.70 |   44.45 |     0.93 |   0.95
0528 -     15.55 |   54.91 |     0.89 |   0.90
0529 -      6.16 |   23.28 |     0.65 |   0.76
0530 -      0.00 |   96.72 |     0.84 |   0.97
0531 -     45.04 |   65.33 |     0.76 |   0.88
0532 -     75.37 |   57.73 |     0.83 |   0.97
0533 -      0.00 |    0.00 |     0.18 |   0.17
0534 -     92.64 |   99.30 |     0.93 |   0.97
0535 -      0.00 |  100.00 |     0.81 |   1.00
0536 -     26.23 |   23.19 |     0.83 |   0.86
0537 -      5.54 |    5.23 |     0.68 |   0.84
0538 -     43.14 |   38.63 |     0.89 |   0.93
0539 -      0.00 |    0.00 |     0.81 |   0.85
0540 -      0.00 |    0.00 |     0.39 |   0.42
0541 -      0.00 |    0.00 |     0.60 |   0.71
0542 -      9.32 |    0.00 |     0.80 |   0.87
0543 -      0.00 |    0.00 |     0.74 |   0.80
0544 -      0.00 |    0.00 |     0.70 |   0.77
0545 -     89.19 |   92.62 |     0.85 |   0.99
0546 -     66.62 |   84.91 |     0.86 |   0.96
0547 -      0.00 |    0.00 |     0.93 |   0.96
0548 -     14.95 |   13.65 |     0.87 |   0.96
0549 -     55.35 |   51.86 |     0.89 |   0.95
0550 -     36.48 |   25.44 |     0.77 |   0.81
0551 -     37.65 |   30.96 |     0.90 |   0.99
0552 -     82.80 |   94.07 |     0.90 |   0.94
0553 -      0.00 |   89.42 |     0.89 |   0.92
0554 -     38.21 |   58.17 |     0.86 |   0.93
0555 -     11.78 |   11.44 |     0.88 |   0.87
0556 -      0.00 |    0.00 |     0.74 |   0.79
0557 -     70.72 |  100.00 |     0.76 |   1.00
0558 -      0.00 |    0.00 |     0.85 |   0.86
0559 -      0.00 |   16.16 |     0.52 |   0.79
0560 -     31.38 |   54.04 |     0.78 |   0.87
0561 -     91.17 |   89.15 |     0.86 |   0.95
0562 -     32.91 |   70.75 |     0.94 |   0.94
0563 -      0.00 |    0.00 |     0.88 |   0.90
0564 -      0.00 |    0.00 |     0.72 |   0.77
0565 -     14.00 |  100.00 |     0.90 |   1.00
0566 -      0.00 |    0.00 |     0.78 |   0.84
0567 -      0.00 |    9.62 |     0.91 |   0.96
0568 -      0.00 |    0.00 |     0.76 |   0.89
0569 -     39.42 |    0.00 |     0.89 |   0.86
0570 -     34.56 |   50.59 |     0.92 |   0.99
0571 -      0.00 |    4.46 |     0.68 |   0.75
0572 -      0.00 |    0.00 |     0.74 |   0.75
0573 -     59.47 |   71.58 |     0.90 |   0.95
0574 -      0.00 |   12.04 |     0.89 |   0.88
0575 -      0.00 |    0.00 |     0.74 |   0.94
0576 -      6.98 |   12.58 |     0.84 |   0.81
0577 -     82.88 |   69.91 |     0.95 |   0.96
0578 -     26.84 |   25.96 |     0.85 |   0.84
0579 -     58.67 |   45.54 |     0.83 |   0.88
0580 -      0.00 |    0.00 |     0.80 |   0.80
0581 -     59.95 |   35.09 |     0.89 |   0.96
0582 -     33.55 |   34.66 |     0.86 |   0.98
0583 -    100.00 |   74.26 |     1.00 |   0.97
0584 -     18.27 |   75.27 |     0.93 |   0.99
0585 -     57.91 |   57.74 |     0.86 |   0.98
0586 -     27.92 |   27.14 |     0.92 |   0.96
0587 -     15.40 |   13.74 |     0.70 |   0.83
0588 -      0.00 |    0.00 |     0.73 |   0.94
0589 -      0.00 |   13.49 |     0.56 |   0.65
0590 -     47.15 |   62.33 |     0.87 |   0.90
0591 -     39.73 |    0.00 |     0.78 |   0.86
0592 -      0.00 |    0.00 |     0.76 |   0.95
0593 -     92.97 |  100.00 |     0.98 |   1.00
0594 -     40.19 |   44.39 |     0.90 |   0.98
0595 -     28.18 |  100.00 |     0.96 |   1.00
0596 -     26.47 |   19.04 |     0.86 |   0.79
0597 -      0.00 |    0.00 |     0.67 |   0.73
0598 -      0.00 |    0.00 |     0.73 |   0.75
0599 -      4.28 |    0.00 |     0.64 |   0.74
0600 -      9.54 |   56.13 |     0.71 |   0.97
0601 -     43.61 |   43.39 |     0.58 |   0.68
0602 -      0.00 |    0.00 |     0.91 |   1.00
0603 -     39.37 |   82.15 |     0.83 |   0.93
0604 -      0.00 |   18.03 |     0.84 |   0.92
0605 -     37.78 |   88.60 |     0.92 |   0.99
0606 -      4.42 |    0.00 |     0.91 |   0.92
0607 -     10.76 |    9.88 |     0.57 |   0.61
0608 -      0.00 |   46.24 |     0.80 |   0.91
0609 -     45.10 |   11.97 |     0.70 |   0.76
0610 -      0.00 |    0.00 |     0.56 |   0.76
0611 -      0.00 |    0.00 |     0.82 |   0.93
0612 -      0.00 |    0.00 |     0.83 |   0.82
0613 -     11.79 |   31.06 |     0.95 |   0.94
0614 -     33.11 |    0.00 |     0.90 |   0.98
0615 -     68.20 |   75.99 |     0.87 |   0.85
0616 -      0.00 |    0.00 |     0.72 |   0.88
0617 -      0.00 |    0.00 |     0.76 |   0.87
0618 -      0.00 |    0.00 |     0.58 |   0.54
0619 -     27.33 |    6.63 |     0.40 |   0.45
0620 -     60.49 |  100.00 |     0.96 |   1.00
0621 -     35.24 |   97.40 |     0.95 |   1.00
0622 -     67.80 |   56.80 |     0.85 |   0.85
0623 -     39.95 |    0.00 |     0.88 |   0.89
0624 -      0.00 |    0.00 |     0.89 |   0.96
0625 -      0.00 |   25.52 |     0.94 |   0.93
0626 -     75.30 |   79.87 |     0.92 |   0.97
0627 -     24.29 |   91.25 |     0.89 |   0.93
0628 -     93.51 |   92.88 |     0.97 |   0.97
0629 -      0.00 |    0.00 |     0.85 |   0.89
0630 -      4.84 |   12.75 |     0.93 |   0.95
0631 -     78.13 |   99.32 |     0.88 |   1.00
0632 -     45.36 |   45.62 |     0.67 |   0.92
0633 -     28.06 |   31.02 |     0.82 |   0.85
0634 -      0.00 |   17.82 |     0.58 |   0.85
0635 -    100.00 |   68.70 |     0.93 |   0.99
0636 -      0.00 |    0.00 |     0.78 |   0.84
0637 -     20.20 |   39.85 |     0.80 |   0.95
0638 -      0.00 |    0.00 |     0.72 |   0.80
0639 -      0.00 |    0.00 |     0.77 |   0.79
0640 -     37.39 |   30.67 |     0.89 |   0.92
0641 -     30.45 |   97.48 |     0.90 |   0.98
0642 -     20.07 |   20.75 |     0.93 |   0.96
0643 -      6.01 |    5.80 |     0.88 |   0.90
0644 -     21.65 |   35.36 |     0.76 |   0.88
0645 -     11.25 |    0.00 |     0.85 |   0.94
0646 -     21.47 |  100.00 |     0.77 |   1.00
0647 -      0.00 |    0.00 |     0.56 |   0.54
0648 -      9.18 |    8.56 |     0.83 |   0.84
0649 -      0.00 |    0.00 |     0.33 |   0.39
0650 -     67.60 |   83.92 |     0.88 |   0.96
0651 -      4.09 |    4.29 |     0.87 |   0.91
0652 -      0.00 |    0.00 |     0.55 |   0.61
0653 -     14.15 |   89.96 |     0.77 |   0.79
0654 -     70.27 |   55.09 |     0.66 |   0.94
0655 -      8.35 |    0.00 |     0.69 |   0.85
0656 -     31.14 |   29.89 |     0.88 |   0.90
0657 -      4.96 |    0.00 |     0.81 |   0.83
0658 -      0.00 |    0.00 |     0.92 |   0.93
0659 -     36.45 |   37.58 |     0.81 |   0.91
0660 -      0.00 |    4.72 |     0.66 |   0.75
0661 -      0.00 |   23.16 |     0.51 |   0.87
0662 -     35.04 |   30.21 |     0.87 |   0.94
0663 -     15.82 |   71.37 |     0.79 |   0.94
0664 -     46.80 |  100.00 |     0.92 |   1.00
0665 -      0.00 |    0.00 |     0.76 |   0.75
0666 -      0.00 |    0.00 |     0.57 |   0.57
0667 -     23.11 |   25.70 |     0.98 |   0.94
0668 -      0.00 |    0.00 |     0.56 |   0.57
0669 -     29.50 |    0.00 |     0.72 |   0.76
0670 -      0.00 |    0.00 |     0.81 |   0.93
0671 -     57.95 |   67.92 |     0.92 |   1.00
0672 -     74.84 |   66.75 |     0.98 |   0.96
0673 -     29.15 |   21.53 |     0.85 |   0.89
0674 -     14.57 |   87.82 |     0.99 |   0.98
0675 -      0.00 |   37.20 |     0.80 |   0.84
0676 -      0.00 |    0.00 |     0.70 |   0.78
0677 -      6.83 |  100.00 |     0.80 |   1.00
0678 -      0.00 |    0.00 |     0.83 |   0.93
0679 -      9.28 |    9.60 |     0.84 |   0.87
0680 -      0.00 |    0.00 |     0.82 |   0.90
0681 -     36.96 |   38.48 |     0.81 |   0.87
0682 -      0.00 |   10.18 |     0.66 |   0.66
0683 -      0.00 |    0.00 |     0.90 |   0.97
0684 -     20.80 |   17.44 |     0.57 |   0.88
0685 -      3.89 |    3.86 |     0.78 |   0.81
0686 -     25.38 |   31.19 |     0.84 |   0.97
0687 -      0.00 |   56.31 |     0.93 |   0.98
0688 -     22.17 |   18.39 |     0.89 |   0.94
0689 -      4.69 |    4.36 |     0.66 |   0.65
0690 -      0.00 |    0.00 |     0.94 |   0.98
0691 -     73.94 |   68.82 |     0.95 |   0.98
0692 -      0.00 |    0.00 |     0.65 |   0.67
0693 -      0.00 |    0.00 |     0.82 |   0.82
0694 -      0.00 |    0.00 |     0.79 |   0.77
0695 -      7.55 |    7.34 |     0.66 |   0.71
0696 -     13.69 |   12.63 |     0.90 |   0.91
0697 -     61.69 |  100.00 |     0.89 |   1.00
0698 -      0.00 |    0.00 |     0.69 |   0.96
0699 -      0.00 |    0.00 |     0.67 |   0.71
0700 -      0.00 |    0.00 |     0.38 |   0.51
0701 -      0.00 |    0.00 |     0.72 |   0.78
0702 -     14.01 |    0.00 |     0.86 |   0.95
0703 -     20.84 |    0.00 |     0.78 |   0.78
0704 -     29.27 |   87.80 |     0.85 |   0.99
0705 -      0.00 |    0.00 |     0.72 |   0.79
0706 -     63.29 |   86.06 |     0.76 |   0.87
0707 -     49.90 |   52.06 |     0.71 |   0.74
0708 -     12.38 |   10.82 |     0.84 |   0.77
0709 -      0.00 |    0.00 |     0.34 |   0.30
0710 -      0.00 |    5.93 |     0.94 |   0.99
0711 -      0.00 |   34.29 |     0.46 |   0.75
0712 -     31.40 |   43.45 |     0.58 |   0.83
0713 -      0.00 |   13.03 |     0.89 |   0.98
0714 -     10.42 |   98.04 |     0.89 |   1.00
0715 -     12.74 |   13.20 |     0.80 |   0.83
0716 -      0.00 |   41.71 |     0.85 |   0.90
0717 -     24.60 |    5.44 |     0.82 |   0.91
0718 -     76.22 |   91.38 |     0.91 |   0.99
0719 -     59.09 |   48.12 |     0.72 |   0.82
0720 -     11.84 |    0.00 |     0.79 |   0.81
0721 -     23.31 |   64.66 |     0.73 |   0.85
0722 -      0.00 |    9.83 |     0.84 |   0.79
0723 -     45.32 |   39.90 |     0.82 |   0.89
0724 -      3.95 |   94.95 |     0.89 |   0.97
0725 -     12.78 |    9.67 |     0.75 |   0.73
0726 -      0.00 |    0.00 |     0.86 |   0.90
0727 -     14.97 |   13.65 |     0.56 |   0.52
0728 -     95.86 |   96.74 |     0.75 |   0.99
0729 -     64.77 |   72.66 |     0.89 |   0.91
0730 -      0.00 |    0.00 |     0.68 |   0.62
0731 -      0.00 |    0.00 |     0.62 |   0.73
0732 -     32.91 |   29.46 |     0.85 |   0.89
0733 -      0.00 |    0.00 |     0.75 |   0.74
0734 -     15.82 |    0.00 |     0.96 |   0.96
0735 -      0.00 |    0.00 |     0.63 |   0.79
0736 -     89.79 |   93.00 |     0.92 |   0.99
0737 -     58.21 |   93.48 |     0.86 |   0.99
0738 -      0.00 |    0.00 |     0.79 |   0.92
0739 -      0.00 |   13.51 |     0.87 |   0.90
0740 -     16.16 |   88.63 |     0.91 |   0.99
0741 -      0.00 |    9.69 |     0.58 |   0.61
0742 -      8.67 |    0.00 |     0.76 |   0.87
0743 -      0.00 |   20.44 |     0.94 |   0.98
0744 -     60.13 |   61.67 |     0.90 |   0.96
0745 -     19.28 |   41.58 |     0.80 |   0.88
0746 -      0.00 |    0.00 |     0.69 |   0.74
0747 -     71.73 |  100.00 |     0.91 |   1.00
0748 -     20.02 |    9.19 |     0.84 |   0.91
0749 -     51.81 |   70.50 |     0.75 |   0.84
0750 -      0.00 |    0.00 |     0.49 |   0.56
0751 -      0.00 |    0.00 |     0.70 |   0.82
0752 -      0.00 |    0.00 |     0.81 |   0.96
0753 -     41.42 |   60.41 |     0.92 |   0.94
0754 -     10.08 |   95.22 |     0.87 |   0.96
0755 -     37.68 |   36.46 |     0.70 |   0.67
0756 -      0.00 |    0.00 |     0.43 |   0.50
0757 -      9.86 |    9.82 |     0.94 |   0.95
0758 -      0.00 |   76.78 |     0.91 |   0.97
0759 -      0.00 |    0.00 |     0.82 |   0.90
0760 -      0.00 |    0.00 |     0.25 |   0.26
0761 -     18.99 |   16.38 |     0.97 |   1.00
0762 -      0.00 |    0.00 |     0.62 |   0.78
0763 -     43.73 |   41.03 |     0.86 |   0.82
0764 -      0.00 |    0.00 |     0.79 |   0.92
0765 -      0.00 |    0.00 |     0.81 |   0.88
0766 -     79.02 |   65.12 |     0.74 |   0.86
0767 -     99.06 |   95.96 |     0.96 |   0.94
0768 -     84.58 |  100.00 |     0.95 |   1.00
0769 -     15.39 |   16.90 |     0.90 |   0.97
0770 -     24.16 |   29.17 |     0.83 |   0.90
0771 -      0.00 |    0.00 |     0.57 |   0.73
0772 -      0.00 |   41.63 |     0.78 |   0.70
0773 -     15.19 |    0.00 |     0.77 |   0.79
0774 -      0.00 |    0.00 |     0.48 |   0.57
0775 -      9.34 |    0.00 |     0.83 |   0.83
0776 -     34.63 |    0.00 |     0.79 |   0.95
0777 -     73.73 |   88.03 |     0.80 |   0.98
0778 -      0.00 |    0.00 |     0.79 |   0.95
0779 -     58.31 |   60.92 |     0.97 |   1.00
0780 -      0.00 |    0.00 |     0.38 |   0.66
0781 -     46.46 |   38.47 |     0.61 |   0.84
0782 -     15.37 |   76.07 |     0.74 |   0.89
0783 -     93.31 |   79.06 |     0.96 |   0.99
0784 -      0.00 |    0.00 |     0.82 |   0.89
0785 -     34.41 |   96.36 |     0.98 |   1.00
0786 -      0.00 |    0.00 |     0.26 |   0.25
0787 -      0.00 |    0.00 |     0.63 |   0.77
0788 -     56.07 |   72.60 |     0.70 |   0.83
0789 -      9.56 |   29.73 |     0.47 |   0.67
0790 -      0.00 |    0.00 |     0.75 |   0.80
0791 -      0.00 |    0.00 |     0.83 |   0.96
0792 -      0.00 |    0.00 |     0.78 |   0.90
0793 -     31.49 |   31.92 |     0.83 |   0.84
0794 -     67.44 |   71.67 |     0.93 |   0.95
0795 -      0.00 |    6.15 |     0.86 |   0.93
0796 -      0.00 |    0.00 |     0.63 |   0.67
0797 -     56.26 |   57.96 |     0.71 |   0.87
0798 -      0.00 |  100.00 |     0.93 |   1.00
0799 -      0.00 |    0.00 |     0.63 |   0.73
0800 -      0.00 |   32.40 |     0.77 |   0.95
0801 -      0.00 |    0.00 |     0.06 |   0.09
0802 -     80.86 |   97.57 |     0.98 |   0.99
0803 -     38.60 |  100.00 |     0.52 |   1.00
0804 -      0.00 |   56.58 |     0.78 |   0.89
0805 -      0.00 |   61.36 |     0.83 |   0.84
0806 -     94.25 |   95.95 |     0.96 |   0.98
0807 -      0.00 |   50.81 |     0.91 |   1.00
0808 -     22.22 |   18.00 |     0.92 |   0.95
0809 -     27.71 |   27.19 |     0.78 |   0.83
0810 -     98.36 |   95.68 |     0.85 |   0.95
0811 -     16.99 |   21.84 |     0.94 |   0.95
0812 -     21.25 |   72.58 |     0.80 |   0.99
0813 -     21.36 |   15.82 |     0.87 |   0.98
0814 -     12.63 |   99.13 |     0.95 |   1.00
0815 -     10.55 |    9.43 |     0.70 |   0.72
0816 -      0.00 |   52.91 |     0.82 |   1.00
0817 -      7.75 |    8.02 |     0.69 |   0.91
0818 -      0.00 |    0.00 |     0.79 |   0.93
0819 -     29.33 |   24.06 |     0.94 |   0.99
0820 -      0.00 |    0.00 |     0.73 |   0.77
0821 -      0.00 |    0.00 |     0.52 |   0.53
0822 -      0.00 |    0.00 |     0.16 |   0.27
0823 -     11.21 |   13.34 |     0.79 |   0.87
0824 -     10.88 |   62.19 |     0.80 |   0.90
0825 -      0.00 |    0.00 |     0.74 |   0.76
0826 -      9.42 |   11.31 |     0.96 |   0.97
0827 -      0.00 |    8.22 |     0.94 |   0.98
0828 -      6.65 |    0.00 |     0.66 |   0.70
0829 -      0.00 |    0.00 |     0.75 |   0.90
0830 -     75.30 |   97.94 |     0.93 |   0.96
0831 -      0.00 |    0.00 |     0.70 |   0.80
0832 -     49.45 |   48.64 |     0.88 |   0.96
0833 -     48.01 |   92.85 |     0.93 |   0.97
0834 -      0.00 |    0.00 |     0.51 |   0.53
0835 -      0.00 |    0.00 |     0.94 |   0.99
0836 -      0.00 |   74.83 |     0.84 |   0.98
0837 -     41.05 |   39.63 |     0.91 |   0.93
0838 -     29.99 |    0.00 |     0.87 |   0.89
0839 -     15.97 |   43.58 |     0.76 |   0.81
0840 -      0.00 |   72.87 |     0.85 |   0.96
0841 -      5.56 |    5.58 |     0.90 |   0.92
0842 -      0.00 |   54.46 |     0.92 |   0.98
0843 -      0.00 |   19.29 |     0.85 |   0.95
0844 -      9.47 |    0.00 |     0.87 |   0.93
0845 -     13.44 |   12.90 |     0.96 |   0.99
0846 -     14.10 |   67.43 |     0.81 |   0.87
0847 -     20.90 |   20.95 |     0.70 |   0.81
0848 -      0.00 |    0.00 |     0.53 |   0.58
0849 -      0.00 |    0.00 |     0.88 |   0.96
0850 -     68.22 |  100.00 |     0.83 |   1.00
0851 -      0.00 |    0.00 |     0.80 |   0.89
0852 -     82.44 |   89.41 |     0.88 |   0.93
0853 -     77.45 |   93.57 |     0.93 |   0.98
0854 -      0.00 |    0.00 |     0.52 |   0.57
0855 -      0.00 |   19.40 |     0.94 |   0.98
0856 -     50.61 |  100.00 |     0.92 |   1.00
0857 -     10.24 |   93.09 |     0.87 |   0.90
0858 -      0.00 |    0.00 |     0.96 |   0.97
0859 -      0.00 |    0.00 |     0.73 |   0.81
0860 -      5.30 |    0.00 |     0.66 |   0.75
0861 -     47.79 |   54.38 |     0.80 |   0.87
0862 -     33.96 |  100.00 |     0.87 |   1.00
0863 -     78.58 |  100.00 |     0.91 |   1.00
0864 -      7.86 |    8.65 |     0.86 |   0.89
0865 -     56.89 |   36.43 |     0.92 |   1.00
0866 -     85.42 |   14.79 |     0.87 |   0.89
0867 -      0.00 |    6.37 |     0.97 |   0.95
0868 -     71.91 |    0.00 |     0.90 |   0.97
0869 -     23.49 |   23.51 |     0.92 |   0.92
0870 -     27.75 |   23.74 |     0.92 |   0.93
0871 -     78.37 |   95.65 |     0.89 |   0.96
0872 -     57.32 |   72.57 |     0.89 |   0.96
0873 -      0.00 |    0.00 |     0.86 |   0.99
0874 -      6.87 |    6.78 |     0.85 |   0.98
0875 -     15.82 |   14.54 |     0.95 |   0.93
0876 -     89.44 |   37.98 |     0.88 |   0.82
0877 -     12.59 |   27.51 |     0.86 |   0.89
0878 -      0.00 |    0.00 |     0.73 |   0.89
0879 -     13.55 |   96.69 |     0.87 |   0.97
0880 -      0.00 |    0.00 |     0.75 |   1.00
0881 -     44.64 |   37.11 |     0.89 |   0.96
0882 -     96.98 |   73.01 |     0.87 |   0.94
0883 -      5.91 |    0.00 |     0.83 |   0.95
0884 -     28.51 |   88.06 |     0.93 |   1.00
0885 -      0.00 |    0.00 |     0.92 |   0.93
0886 -     23.18 |    0.00 |     0.68 |   0.72
0887 -     27.86 |    0.00 |     0.64 |   0.73
0888 -     43.82 |   31.60 |     0.87 |   0.92
0889 -     15.71 |   12.76 |     0.93 |   1.00
0890 -      0.00 |    0.00 |     0.84 |   0.89
0891 -     75.97 |   77.21 |     0.90 |   0.97
0892 -     52.92 |   67.02 |     0.91 |   0.97
0893 -      0.00 |    5.96 |     0.71 |   0.72
0894 -     89.16 |   91.04 |     0.97 |   0.99
0895 -     28.69 |   67.13 |     0.55 |   0.71
0896 -     12.44 |   53.29 |     0.68 |   0.77
0897 -      0.00 |    4.43 |     0.91 |   0.94
0898 -      0.00 |    0.00 |     0.95 |   0.93
0899 -     99.28 |   99.19 |     0.82 |   0.96
0900 -     44.91 |   45.55 |     0.94 |   0.96
0901 -     12.39 |   37.40 |     0.92 |   0.95
0902 -      0.00 |    0.00 |     0.72 |   0.82
0903 -      0.00 |    5.23 |     0.76 |   0.91
0904 -     55.87 |   62.05 |     0.92 |   0.99
0905 -      0.00 |   83.30 |     0.92 |   0.99
0906 -     34.84 |   45.20 |     0.87 |   0.77
0907 -      0.00 |    0.00 |     0.66 |   0.76
0908 -      0.00 |    0.00 |     0.85 |   0.90
0909 -     14.13 |   12.87 |     0.87 |   0.96
0910 -      0.00 |    0.00 |     0.83 |   0.84
0911 -      0.00 |   34.57 |     0.62 |   0.72
0912 -      0.00 |   58.89 |     0.88 |   0.96
0913 -     18.02 |   49.07 |     0.88 |   0.91
0914 -      0.00 |   46.17 |     0.81 |   0.98
0915 -      0.00 |    0.00 |     0.66 |   0.73
0916 -      0.00 |   85.38 |     0.87 |   0.99
0917 -     85.16 |   97.31 |     0.94 |   1.00
0918 -     33.01 |   29.08 |     0.79 |   0.86
0919 -      0.00 |    0.00 |     0.50 |   0.53
0920 -     76.41 |   65.86 |     0.74 |   0.87
0921 -     14.31 |   63.74 |     0.86 |   0.99
0922 -      0.00 |    0.00 |     0.82 |   0.92
0923 -     71.79 |  100.00 |     0.81 |   1.00
0924 -      0.00 |    0.00 |     0.68 |   0.67
0925 -      0.00 |    0.00 |     0.79 |   0.84
0926 -     12.07 |  100.00 |     0.98 |   1.00
0927 -      0.00 |    0.00 |     0.71 |   0.92
0928 -      0.00 |    0.00 |     0.81 |   0.90
0929 -     28.46 |   98.52 |     0.84 |   0.89
0930 -      0.00 |    0.00 |     0.92 |   0.94
0931 -      0.00 |    0.00 |     0.67 |   0.75
0932 -      0.00 |    0.00 |     0.78 |   0.78
0933 -     12.49 |  100.00 |     0.99 |   1.00
0934 -      0.00 |    0.00 |     0.55 |   0.69
0935 -     64.06 |   35.03 |     0.91 |   0.91
0936 -      0.00 |    0.00 |     0.67 |   0.66
0937 -      0.00 |    0.00 |     0.67 |   0.68
0938 -     13.38 |   12.51 |     0.86 |   0.88
0939 -     46.29 |   49.34 |     0.85 |   0.90
0940 -      0.00 |    9.37 |     0.76 |   0.91
0941 -     38.18 |   37.39 |     0.70 |   0.77
0942 -      0.00 |    0.00 |     0.72 |   0.73
0943 -     11.36 |   56.21 |     0.91 |   0.98
0944 -     83.95 |   98.97 |     0.81 |   0.92
0945 -     21.35 |   96.88 |     0.90 |   0.93
0946 -      0.00 |    0.00 |     0.83 |   0.84
0947 -     36.82 |   70.63 |     0.88 |   0.99
0948 -     13.58 |   99.44 |     0.92 |   0.99
0949 -      0.00 |    6.99 |     0.77 |   0.94
0950 -     60.35 |   53.25 |     0.73 |   0.99
0951 -      0.00 |    0.00 |     0.91 |   0.93
0952 -     98.73 |   92.67 |     0.89 |   0.99
0953 -      0.00 |    0.00 |     0.77 |   0.77
0954 -     38.32 |    7.19 |     0.88 |   0.94
0955 -     17.75 |   29.38 |     0.92 |   0.96
0956 -      0.00 |    0.00 |     0.71 |   0.93
0957 -      0.00 |    0.00 |     0.47 |   0.47
0958 -     84.69 |   98.59 |     0.91 |   0.97
0959 -     39.58 |   38.80 |     0.88 |   0.92
0960 -     10.35 |   56.94 |     0.42 |   0.81
0961 -     11.25 |   92.48 |     0.83 |   0.99
0962 -     67.35 |   90.21 |     0.84 |   0.95
0963 -     16.67 |    0.00 |     0.48 |   0.70
0964 -     15.97 |   17.30 |     0.83 |   0.90
0965 -      0.00 |    0.00 |     0.74 |   0.82
0966 -     17.31 |   17.31 |     0.64 |   0.94
0967 -      8.93 |    8.93 |     0.67 |   0.89
0968 -      0.00 |    0.00 |     0.79 |   0.86
0969 -      4.06 |    0.00 |     0.72 |   0.82
0970 -      0.00 |   50.03 |     0.81 |   0.88
0971 -      0.00 |    0.00 |     0.88 |   0.85
0972 -      0.00 |    0.00 |     0.79 |   0.80
0973 -     27.70 |   86.94 |     0.84 |   0.88
0974 -      0.00 |    0.00 |     0.92 |   0.94
0975 -      0.00 |    0.00 |     0.30 |   0.31
0976 -      0.00 |   26.14 |     0.42 |   0.92
0977 -      0.00 |    0.00 |     0.86 |   0.85
0978 -      0.00 |    0.00 |     0.92 |   0.95
0979 -     23.89 |   23.49 |     0.88 |   1.00
0980 -      0.00 |    0.00 |     0.65 |   0.76
0981 -     98.96 |   99.06 |     0.94 |   0.98
0982 -      0.00 |   89.25 |     0.74 |   0.96
0983 -     84.52 |   58.12 |     0.82 |   0.92
0984 -     45.88 |   60.45 |     0.75 |   0.86
0985 -      0.00 |  100.00 |     0.74 |   0.99
0986 -      0.00 |    0.00 |     0.66 |   0.78
0987 -      0.00 |    0.00 |     0.78 |   0.77
0988 -      0.00 |    0.00 |     0.49 |   0.53
0989 -      0.00 |    0.00 |     0.43 |   0.68
0990 -     13.39 |  100.00 |     0.97 |   1.00
0991 -      0.00 |    0.00 |     0.87 |   0.89
0992 -      0.00 |    0.00 |     0.65 |   0.58
0993 -      0.00 |    0.00 |     0.68 |   0.75
0994 -      0.00 |    0.00 |     0.66 |   0.92
0995 -      0.00 |    0.00 |     0.86 |   0.86
0996 -     26.74 |   28.18 |     0.83 |   0.95
0997 -      0.00 |    0.00 |     0.85 |   0.90
0998 -     29.11 |   29.99 |     0.73 |   0.79
0999 -     32.46 |   66.14 |     0.93 |   0.98
1000 -     38.25 |    0.00 |     0.84 |   0.80
==============================================
