==============================================
BLEU GOLD:                               36.04
BLEU IN:                                 69.64
SIM GOLD:                               0.8932
SIM IN:                                 0.9798
==============================================
       BLEU GOLD | BLEU IN | SIM GOLD | SIM IN
0001 -     86.49 |   99.14 |     0.96 |   1.00
0002 -     83.78 |  100.00 |     0.96 |   1.00
0003 -     96.91 |  100.00 |     0.84 |   1.00
0004 -     42.70 |  100.00 |     0.91 |   1.00
0005 -     99.28 |   55.36 |     1.00 |   0.96
0006 -      0.00 |    0.00 |     0.85 |   0.99
0007 -     49.35 |   91.13 |     0.87 |   0.93
0008 -      0.00 |    0.00 |     0.72 |   0.95
0009 -      0.00 |   17.68 |     0.80 |   0.96
0010 -     11.38 |  100.00 |     0.99 |   1.00
0011 -     98.94 |  100.00 |     0.87 |   1.00
0012 -     68.21 |  100.00 |     0.95 |   1.00
0013 -      0.00 |    0.00 |     0.96 |   1.00
0014 -      0.00 |  100.00 |     0.78 |   1.00
0015 -     52.66 |   52.42 |     0.93 |   0.98
0016 -     56.92 |  100.00 |     0.81 |   1.00
0017 -      0.00 |  100.00 |     0.62 |   1.00
0018 -      0.00 |    0.00 |     0.92 |   1.00
0019 -      0.00 |   95.88 |     0.95 |   0.98
0020 -     48.15 |   43.98 |     0.85 |   1.00
0021 -     80.85 |  100.00 |     0.96 |   1.00
0022 -      0.00 |   24.52 |     0.95 |   1.00
0023 -      0.00 |  100.00 |     0.92 |   1.00
0024 -     74.34 |  100.00 |     0.99 |   1.00
0025 -     38.36 |  100.00 |     0.89 |   1.00
0026 -     96.49 |   99.28 |     0.99 |   1.00
0027 -     39.94 |  100.00 |     0.93 |   1.00
0028 -     99.22 |  100.00 |     0.93 |   1.00
0029 -     61.85 |  100.00 |     0.95 |   1.00
0030 -     29.79 |   98.72 |     0.96 |   0.97
0031 -      0.00 |    0.00 |     0.88 |   0.96
0032 -     17.64 |   98.45 |     0.90 |   0.97
0033 -     44.14 |   86.76 |     0.87 |   1.00
0034 -     88.56 |   95.65 |     0.98 |   1.00
0035 -     50.47 |  100.00 |     0.87 |   1.00
0036 -     16.12 |   99.26 |     0.97 |   0.99
0037 -      7.47 |   21.38 |     0.87 |   1.00
0038 -     24.55 |   84.00 |     0.95 |   1.00
0039 -     26.93 |   21.10 |     0.94 |   1.00
0040 -     98.84 |  100.00 |     0.90 |   1.00
0041 -     47.76 |  100.00 |     0.93 |   1.00
0042 -     76.64 |   98.76 |     0.90 |   0.97
0043 -     38.83 |    8.38 |     0.98 |   0.99
0044 -     98.29 |  100.00 |     0.92 |   1.00
0045 -     37.69 |   34.30 |     0.90 |   0.98
0046 -      0.00 |    0.00 |     0.85 |   0.88
0047 -     19.15 |    0.00 |     0.90 |   0.99
0048 -     26.21 |   19.47 |     0.90 |   0.98
0049 -     57.99 |  100.00 |     0.98 |   1.00
0050 -     44.89 |   99.32 |     0.90 |   0.96
0051 -     22.77 |   44.06 |     0.94 |   0.99
0052 -     17.97 |   15.85 |     0.94 |   0.98
0053 -      0.00 |    0.00 |     0.76 |   0.86
0054 -      0.00 |    0.00 |     0.86 |   0.93
0055 -    100.00 |    5.52 |     1.00 |   0.92
0056 -     41.94 |   15.33 |     0.96 |   0.98
0057 -     66.98 |   68.56 |     0.94 |   0.95
0058 -      0.00 |    0.00 |     0.73 |   0.75
0059 -     81.00 |  100.00 |     0.83 |   1.00
0060 -     82.90 |   97.10 |     0.95 |   1.00
0061 -     17.76 |  100.00 |     0.99 |   0.99
0062 -     69.31 |  100.00 |     0.97 |   1.00
0063 -     26.71 |   68.06 |     0.44 |   0.51
0064 -      0.00 |    0.00 |     0.90 |   0.90
0065 -      6.39 |    6.39 |     0.93 |   0.95
0066 -     43.71 |  100.00 |     0.93 |   1.00
0067 -     24.17 |   22.51 |     0.98 |   0.98
0068 -     74.48 |  100.00 |     0.73 |   1.00
0069 -      0.00 |  100.00 |     0.93 |   1.00
0070 -     24.70 |   97.60 |     0.96 |   1.00
0071 -      6.65 |  100.00 |     0.94 |   0.99
0072 -     66.70 |   98.90 |     0.84 |   1.00
0073 -     70.42 |   50.11 |     0.85 |   1.00
0074 -      0.00 |    0.00 |     0.71 |   0.80
0075 -     63.74 |   96.28 |     0.96 |   0.99
0076 -     63.63 |   94.38 |     0.83 |   0.99
0077 -     63.55 |   56.51 |     0.93 |   0.98
0078 -      0.00 |    0.00 |     0.76 |   0.89
0079 -     22.99 |   82.17 |     0.93 |   0.97
0080 -     66.36 |  100.00 |     0.94 |   1.00
0081 -     82.45 |  100.00 |     0.94 |   1.00
0082 -      0.00 |  100.00 |     0.90 |   1.00
0083 -     20.73 |  100.00 |     0.99 |   1.00
0084 -     10.20 |    9.09 |     0.84 |   0.99
0085 -     57.91 |  100.00 |     0.73 |   1.00
0086 -      0.00 |  100.00 |     0.89 |   1.00
0087 -     81.95 |  100.00 |     0.90 |   1.00
0088 -     85.16 |   99.29 |     0.97 |   0.99
0089 -     29.83 |   30.58 |     0.91 |   0.91
0090 -     78.35 |   94.85 |     0.83 |   0.98
0091 -      0.00 |  100.00 |     0.91 |   1.00
0092 -     53.78 |   83.33 |     0.95 |   0.99
0093 -     10.67 |    0.00 |     0.85 |   0.98
0094 -     30.35 |   98.63 |     0.88 |   1.00
0095 -     98.06 |  100.00 |     0.94 |   1.00
0096 -      0.00 |    0.00 |     1.00 |   0.94
0097 -     41.16 |   96.92 |     0.83 |   0.90
0098 -     53.02 |   81.21 |     0.79 |   0.86
0099 -     76.50 |  100.00 |     0.87 |   1.00
0100 -     63.37 |   75.32 |     0.69 |   1.00
0101 -     39.95 |  100.00 |     0.84 |   1.00
0102 -     74.41 |  100.00 |     0.96 |   1.00
0103 -      0.00 |    0.00 |     0.94 |   0.98
0104 -     49.64 |   98.84 |     0.93 |   0.98
0105 -     11.83 |   10.83 |     0.93 |   1.00
0106 -     93.02 |   98.10 |     0.98 |   1.00
0107 -     47.64 |    0.00 |     0.83 |   0.92
0108 -     45.17 |   97.76 |     0.80 |   0.94
0109 -     98.26 |   87.07 |     0.88 |   0.94
0110 -     12.21 |  100.00 |     0.91 |   1.00
0111 -     56.54 |  100.00 |     0.95 |   1.00
0112 -     50.18 |   99.32 |     0.95 |   1.00
0113 -     15.24 |  100.00 |     0.94 |   1.00
0114 -     12.11 |    0.00 |     0.79 |   0.79
0115 -     66.04 |  100.00 |     0.99 |   1.00
0116 -     55.21 |  100.00 |     0.91 |   1.00
0117 -     17.83 |   42.22 |     0.97 |   0.97
0118 -     13.46 |   12.84 |     0.92 |   0.98
0119 -      0.00 |    0.00 |     0.92 |   1.00
0120 -     15.84 |   98.78 |     0.95 |   0.99
0121 -      0.00 |  100.00 |     0.82 |   1.00
0122 -     74.35 |  100.00 |     0.97 |   1.00
0123 -     26.64 |  100.00 |     0.93 |   1.00
0124 -     43.07 |  100.00 |     0.58 |   1.00
0125 -      0.00 |  100.00 |     0.95 |   1.00
0126 -      0.00 |   93.97 |     0.92 |   0.96
0127 -     94.37 |   70.26 |     0.95 |   0.98
0128 -      0.00 |   99.28 |     0.85 |   0.95
0129 -     13.99 |   12.66 |     0.80 |   0.98
0130 -     56.78 |   81.31 |     0.95 |   0.99
0131 -     65.77 |   98.89 |     0.93 |   0.97
0132 -     59.76 |  100.00 |     0.81 |   1.00
0133 -      0.00 |    0.00 |     0.94 |   0.98
0134 -     67.70 |  100.00 |     0.95 |   1.00
0135 -     41.40 |  100.00 |     0.97 |   1.00
0136 -     31.60 |   98.98 |     0.91 |   0.98
0137 -     13.35 |  100.00 |     0.97 |   1.00
0138 -      0.00 |  100.00 |     0.80 |   1.00
0139 -     60.74 |  100.00 |     0.94 |   1.00
0140 -     22.70 |   98.74 |     0.91 |   1.00
0141 -     97.61 |   98.59 |     0.89 |   0.99
0142 -     67.86 |  100.00 |     0.75 |   1.00
0143 -     73.76 |   62.51 |     0.89 |   0.94
0144 -      0.00 |    0.00 |     0.81 |   0.89
0145 -     31.46 |   99.49 |     0.96 |   0.99
0146 -     57.72 |   71.36 |     0.97 |   1.00
0147 -      9.08 |  100.00 |     0.87 |   1.00
0148 -     42.48 |  100.00 |     0.89 |   1.00
0149 -      0.00 |  100.00 |     0.96 |   1.00
0150 -     31.80 |   93.34 |     0.81 |   0.99
0151 -      0.00 |  100.00 |     0.71 |   1.00
0152 -     92.57 |   81.20 |     0.96 |   0.99
0153 -      0.00 |    0.00 |     0.91 |   0.92
0154 -     14.04 |  100.00 |     0.80 |   1.00
0155 -     61.90 |  100.00 |     0.92 |   1.00
0156 -      0.00 |   99.02 |     0.93 |   1.00
0157 -      0.00 |  100.00 |     0.82 |   1.00
0158 -     59.36 |  100.00 |     0.88 |   1.00
0159 -     13.46 |   62.40 |     0.97 |   1.00
0160 -      8.14 |    0.00 |     0.84 |   0.95
0161 -      6.03 |    5.75 |     0.71 |   0.89
0162 -     32.00 |   38.86 |     1.00 |   0.98
0163 -     76.74 |  100.00 |     0.99 |   1.00
0164 -     22.28 |   54.98 |     0.74 |   1.00
0165 -      0.00 |   58.81 |     0.96 |   1.00
0166 -     21.23 |  100.00 |     0.88 |   1.00
0167 -      0.00 |    0.00 |     0.86 |   0.94
0168 -     30.66 |  100.00 |     0.83 |   1.00
0169 -      0.00 |   18.32 |     0.73 |   0.95
0170 -     42.81 |  100.00 |     0.95 |   1.00
0171 -     83.51 |   80.59 |     0.99 |   1.00
0172 -     44.28 |  100.00 |     0.94 |   1.00
0173 -     96.11 |   98.41 |     0.85 |   1.00
0174 -      0.00 |    0.00 |     0.73 |   1.00
0175 -     25.84 |   99.05 |     0.92 |   0.97
0176 -     15.19 |  100.00 |     0.85 |   1.00
0177 -      0.00 |   42.65 |     0.90 |   1.00
0178 -      0.00 |    0.00 |     0.89 |   1.00
0179 -     21.19 |  100.00 |     0.88 |   1.00
0180 -     36.40 |    0.00 |     0.81 |   0.96
0181 -     42.68 |  100.00 |     0.90 |   1.00
0182 -     11.04 |  100.00 |     0.88 |   1.00
0183 -      0.00 |    0.00 |     0.97 |   1.00
0184 -      0.00 |   21.42 |     0.97 |   0.99
0185 -      0.00 |    0.00 |     0.58 |   1.00
0186 -      0.00 |   45.37 |     0.76 |   0.99
0187 -     31.32 |   24.02 |     0.87 |   0.98
0188 -      0.00 |    0.00 |     0.95 |   1.00
0189 -     52.81 |   96.91 |     0.90 |   1.00
0190 -     20.85 |   22.41 |     0.96 |   1.00
0191 -      8.39 |  100.00 |     0.98 |   1.00
0192 -      0.00 |  100.00 |     0.76 |   1.00
0193 -      0.00 |    0.00 |     0.81 |   0.91
0194 -     68.09 |   97.45 |     0.93 |   0.97
0195 -     94.18 |   95.58 |     0.95 |   0.99
0196 -     30.62 |   29.43 |     0.91 |   0.99
0197 -     96.42 |   99.01 |     0.88 |   1.00
0198 -      0.00 |    0.00 |     0.66 |   0.95
0199 -     20.45 |  100.00 |     0.96 |   1.00
0200 -      6.79 |    0.00 |     0.91 |   1.00
0201 -     58.05 |  100.00 |     0.86 |   1.00
0202 -      0.00 |    0.00 |     0.93 |   0.96
0203 -      0.00 |  100.00 |     0.97 |   1.00
0204 -      0.00 |   13.37 |     0.85 |   1.00
0205 -     94.03 |   99.04 |     0.96 |   0.98
0206 -     12.72 |   95.31 |     0.95 |   0.96
0207 -     54.08 |   96.43 |     0.98 |   0.99
0208 -      0.00 |  100.00 |     0.98 |   1.00
0209 -     63.01 |   98.79 |     0.92 |   0.97
0210 -     39.31 |  100.00 |     0.94 |   1.00
0211 -     11.44 |  100.00 |     0.86 |   1.00
0212 -     32.04 |   34.38 |     0.78 |   0.88
0213 -     45.51 |  100.00 |     0.87 |   1.00
0214 -     70.73 |   21.02 |     0.89 |   0.99
0215 -     81.58 |  100.00 |     0.96 |   1.00
0216 -      6.30 |  100.00 |     0.96 |   1.00
0217 -     71.96 |   98.93 |     0.96 |   1.00
0218 -      0.00 |  100.00 |     0.84 |   1.00
0219 -      0.00 |    0.00 |     0.93 |   1.00
0220 -     21.62 |  100.00 |     0.96 |   1.00
0221 -     85.72 |   58.02 |     0.98 |   0.99
0222 -      0.00 |    6.33 |     0.89 |   0.99
0223 -     79.01 |   91.90 |     0.95 |   0.98
0224 -     49.50 |   61.98 |     0.93 |   0.99
0225 -     57.86 |  100.00 |     0.86 |   1.00
0226 -     82.31 |  100.00 |     0.94 |   1.00
0227 -      7.73 |  100.00 |     0.96 |   1.00
0228 -     27.70 |   96.12 |     0.94 |   1.00
0229 -     51.48 |  100.00 |     0.51 |   1.00
0230 -     16.45 |   98.96 |     0.92 |   0.98
0231 -     55.75 |   73.57 |     0.91 |   1.00
0232 -      0.00 |   97.64 |     0.95 |   1.00
0233 -     18.09 |   98.92 |     0.93 |   1.00
0234 -     88.79 |  100.00 |     0.98 |   1.00
0235 -      0.00 |    0.00 |     0.94 |   0.99
0236 -     29.88 |   97.94 |     0.96 |   0.99
0237 -      9.21 |   63.71 |     0.87 |   0.93
0238 -     96.69 |   98.26 |     0.81 |   0.92
0239 -      0.00 |    0.00 |     0.78 |   0.94
0240 -     42.86 |   99.50 |     0.88 |   1.00
0241 -     17.89 |   96.83 |     0.98 |   1.00
0242 -      0.00 |    0.00 |     0.82 |   0.84
0243 -      0.00 |    0.00 |     0.96 |   0.98
0244 -     77.36 |  100.00 |     0.91 |   1.00
0245 -     57.50 |   97.49 |     0.83 |   1.00
0246 -      0.00 |   98.02 |     0.87 |   0.99
0247 -      0.00 |    0.00 |     0.92 |   0.96
0248 -     95.24 |  100.00 |     0.97 |   1.00
0249 -     16.25 |  100.00 |     0.98 |   1.00
0250 -      0.00 |    0.00 |     0.84 |   0.80
0251 -      0.00 |   99.10 |     0.96 |   0.99
0252 -     42.06 |   91.44 |     0.83 |   0.98
0253 -      4.25 |    4.15 |     0.81 |   1.00
0254 -      6.38 |    0.00 |     0.98 |   0.99
0255 -      6.16 |   25.03 |     0.59 |   0.76
0256 -      0.00 |    0.00 |     0.95 |   1.00
0257 -      0.00 |  100.00 |     0.86 |   1.00
0258 -     44.19 |  100.00 |     0.85 |   1.00
0259 -     67.29 |  100.00 |     0.88 |   1.00
0260 -     42.15 |   99.11 |     0.95 |   1.00
0261 -     29.02 |   12.31 |     0.97 |   0.99
0262 -     78.48 |  100.00 |     0.95 |   1.00
0263 -     40.78 |   99.12 |     0.86 |   0.98
0264 -     18.76 |   98.53 |     0.96 |   0.97
0265 -     43.33 |  100.00 |     0.74 |   1.00
0266 -     20.06 |   97.43 |     0.96 |   0.97
0267 -      0.00 |  100.00 |     0.89 |   1.00
0268 -     67.52 |  100.00 |     0.79 |   1.00
0269 -     48.19 |  100.00 |     0.92 |   1.00
0270 -     99.40 |  100.00 |     0.97 |   1.00
0271 -     20.22 |   23.66 |     0.96 |   1.00
0272 -     33.73 |  100.00 |     0.86 |   1.00
0273 -      0.00 |    0.00 |     0.98 |   1.00
0274 -     92.68 |  100.00 |     0.98 |   1.00
0275 -     98.40 |  100.00 |     0.88 |   1.00
0276 -     10.89 |    7.18 |     0.67 |   0.74
0277 -     46.62 |  100.00 |     0.91 |   1.00
0278 -     69.37 |   95.72 |     0.86 |   0.98
0279 -     97.70 |   91.37 |     0.90 |   0.95
0280 -     90.52 |   97.77 |     0.86 |   1.00
0281 -     92.97 |  100.00 |     0.92 |   1.00
0282 -      0.00 |    0.00 |     0.95 |   0.96
0283 -    100.00 |   41.20 |     1.00 |   0.88
0284 -     25.39 |   93.82 |     0.88 |   0.99
0285 -     58.87 |  100.00 |     0.95 |   1.00
0286 -     63.43 |   98.91 |     0.88 |   0.96
0287 -     98.10 |   98.74 |     0.84 |   0.95
0288 -     16.56 |   16.38 |     0.93 |   0.98
0289 -     68.77 |   90.78 |     0.88 |   0.97
0290 -     98.62 |  100.00 |     0.93 |   1.00
0291 -      0.00 |   31.02 |     0.79 |   0.74
0292 -     55.74 |  100.00 |     0.93 |   1.00
0293 -     39.55 |  100.00 |     0.99 |   1.00
0294 -      0.00 |    0.00 |     0.91 |   1.00
0295 -     22.12 |  100.00 |     0.95 |   1.00
0296 -     40.17 |    0.00 |     0.98 |   1.00
0297 -     56.87 |  100.00 |     0.95 |   1.00
0298 -     11.55 |   50.95 |     0.93 |   0.99
0299 -     21.33 |   95.30 |     0.99 |   0.99
0300 -      0.00 |    0.00 |     0.75 |   0.82
0301 -     52.10 |   90.53 |     0.93 |   0.98
0302 -     66.78 |  100.00 |     0.95 |   1.00
0303 -     44.99 |   99.27 |     0.94 |   0.97
0304 -      0.00 |  100.00 |     0.72 |   1.00
0305 -     99.00 |  100.00 |     0.94 |   1.00
0306 -     59.94 |   48.91 |     0.96 |   0.98
0307 -     27.10 |  100.00 |     0.87 |   1.00
0308 -      0.00 |    0.00 |     0.91 |   1.00
0309 -     14.09 |  100.00 |     0.89 |   1.00
0310 -     51.99 |  100.00 |     0.95 |   1.00
0311 -     35.09 |   91.39 |     0.78 |   0.99
0312 -     64.20 |   61.46 |     0.81 |   0.99
0313 -     63.25 |  100.00 |     0.93 |   1.00
0314 -      0.00 |  100.00 |     0.96 |   1.00
0315 -     84.35 |  100.00 |     0.90 |   1.00
0316 -     16.50 |   10.40 |     0.96 |   1.00
0317 -      6.26 |    0.00 |     0.95 |   1.00
0318 -     70.78 |  100.00 |     0.97 |   1.00
0319 -     70.81 |   38.69 |     0.96 |   0.98
0320 -     78.79 |  100.00 |     0.99 |   1.00
0321 -      0.00 |    0.00 |     0.89 |   0.94
0322 -      0.00 |    0.00 |     0.83 |   0.87
0323 -     21.58 |  100.00 |     0.97 |   1.00
0324 -      0.00 |   98.69 |     0.96 |   0.97
0325 -     24.03 |  100.00 |     0.93 |   1.00
0326 -      0.00 |   54.49 |     0.97 |   1.00
0327 -     43.23 |  100.00 |     0.80 |   1.00
0328 -      0.00 |    0.00 |     0.89 |   0.90
0329 -     46.25 |  100.00 |     0.95 |   1.00
0330 -     18.20 |   28.76 |     0.92 |   0.99
0331 -     33.37 |  100.00 |     0.86 |   1.00
0332 -     41.20 |  100.00 |     0.82 |   1.00
0333 -      0.00 |    0.00 |     0.82 |   0.84
0334 -      0.00 |   75.62 |     0.96 |   0.99
0335 -      0.00 |   36.56 |     0.95 |   0.99
0336 -      7.02 |  100.00 |     0.95 |   1.00
0337 -     84.88 |  100.00 |     0.98 |   1.00
0338 -     11.15 |   97.74 |     0.90 |   0.99
0339 -     96.09 |   98.83 |     0.93 |   0.97
0340 -     89.39 |  100.00 |     0.91 |   1.00
0341 -     62.55 |   95.05 |     0.77 |   1.00
0342 -     47.53 |  100.00 |     0.96 |   1.00
0343 -     24.03 |  100.00 |     0.92 |   1.00
0344 -     46.09 |   59.22 |     0.91 |   0.99
0345 -      0.00 |    7.26 |     0.95 |   0.96
0346 -     16.57 |  100.00 |     0.92 |   1.00
0347 -     76.74 |   97.45 |     0.96 |   0.98
0348 -     66.99 |  100.00 |     0.97 |   1.00
0349 -     31.86 |   34.06 |     0.79 |   0.98
0350 -      0.00 |    0.00 |     0.83 |   0.99
0351 -     22.63 |  100.00 |     0.95 |   1.00
0352 -     98.73 |  100.00 |     0.95 |   1.00
0353 -     39.78 |  100.00 |     0.97 |   1.00
0354 -     37.76 |   99.48 |     0.96 |   0.99
0355 -     65.64 |   99.55 |     0.90 |   1.00
0356 -     97.84 |   95.04 |     0.95 |   1.00
0357 -     79.78 |   79.53 |     0.95 |   1.00
0358 -      0.00 |    0.00 |     0.86 |   0.94
0359 -     88.43 |   31.27 |     0.89 |   0.95
0360 -     21.49 |  100.00 |     0.98 |   1.00
0361 -     74.47 |   66.38 |     0.98 |   1.00
0362 -     31.64 |   77.27 |     0.95 |   0.98
0363 -     56.79 |  100.00 |     0.96 |   1.00
0364 -     56.43 |  100.00 |     0.96 |   1.00
0365 -     13.34 |   12.96 |     0.89 |   1.00
0366 -     73.26 |  100.00 |     0.97 |   1.00
0367 -      0.00 |  100.00 |     0.97 |   1.00
0368 -     47.48 |  100.00 |     0.76 |   1.00
0369 -     52.11 |  100.00 |     0.93 |   1.00
0370 -      0.00 |  100.00 |     0.96 |   1.00
0371 -      0.00 |   57.87 |     0.96 |   0.99
0372 -     70.62 |  100.00 |     0.95 |   1.00
0373 -     17.23 |  100.00 |     0.88 |   1.00
0374 -     30.74 |   73.63 |     0.97 |   0.98
0375 -     50.74 |  100.00 |     0.95 |   1.00
0376 -      0.00 |    0.00 |     0.93 |   1.00
0377 -     45.65 |  100.00 |     0.81 |   1.00
0378 -     21.38 |   21.36 |     0.91 |   0.99
0379 -     31.55 |   93.28 |     0.92 |   0.99
0380 -      0.00 |    5.58 |     0.96 |   0.94
0381 -      0.00 |    0.00 |     0.95 |   0.99
0382 -     98.52 |   98.90 |     0.84 |   0.95
0383 -      0.00 |    0.00 |     0.80 |   1.00
0384 -     26.47 |  100.00 |     0.98 |   1.00
0385 -      7.86 |    0.00 |     0.93 |   0.97
0386 -      0.00 |  100.00 |     0.95 |   1.00
0387 -     30.56 |   34.01 |     0.92 |   0.91
0388 -     56.28 |  100.00 |     0.94 |   1.00
0389 -     86.04 |   98.64 |     0.79 |   0.83
0390 -     42.18 |    0.00 |     0.92 |   1.00
0391 -     20.19 |   82.92 |     0.74 |   0.92
0392 -     97.97 |  100.00 |     0.93 |   1.00
0393 -      0.00 |  100.00 |     0.79 |   1.00
0394 -      0.00 |    0.00 |     0.90 |   0.99
0395 -     57.62 |   98.54 |     0.96 |   0.97
0396 -     48.43 |  100.00 |     0.98 |   1.00
0397 -     78.29 |  100.00 |     0.98 |   1.00
0398 -      0.00 |    0.00 |     0.92 |   1.00
0399 -     70.76 |  100.00 |     0.87 |   1.00
0400 -      0.00 |    0.00 |     0.87 |   0.99
0401 -     21.26 |   97.85 |     0.94 |   0.95
0402 -     40.34 |   37.98 |     0.95 |   1.00
0403 -     76.10 |   97.92 |     0.90 |   0.98
0404 -      0.00 |    8.45 |     0.96 |   1.00
0405 -     79.98 |  100.00 |     0.95 |   1.00
0406 -      0.00 |    0.00 |     0.93 |   0.98
0407 -     61.97 |  100.00 |     0.86 |   1.00
0408 -      7.87 |   99.48 |     0.98 |   1.00
0409 -      0.00 |   90.69 |     0.91 |   0.98
0410 -     88.76 |  100.00 |     0.96 |   1.00
0411 -     68.48 |   15.00 |     0.89 |   0.94
0412 -     57.40 |  100.00 |     0.97 |   1.00
0413 -     30.78 |   25.04 |     0.85 |   1.00
0414 -     15.21 |   74.39 |     0.80 |   0.99
0415 -      0.00 |    8.18 |     0.92 |   0.98
0416 -     10.91 |   98.64 |     0.92 |   0.97
0417 -      0.00 |  100.00 |     0.80 |   1.00
0418 -     95.28 |   96.54 |     0.94 |   0.96
0419 -     13.40 |  100.00 |     0.76 |   1.00
0420 -     22.95 |   50.22 |     0.95 |   0.98
0421 -     29.37 |   58.12 |     0.81 |   1.00
0422 -     48.32 |   99.09 |     0.74 |   0.96
0423 -     50.30 |  100.00 |     0.90 |   1.00
0424 -     26.90 |  100.00 |     0.95 |   1.00
0425 -     34.74 |  100.00 |     0.83 |   1.00
0426 -      0.00 |    0.00 |     0.89 |   1.00
0427 -     25.41 |   98.26 |     0.94 |   0.96
0428 -      6.77 |  100.00 |     0.94 |   1.00
0429 -      0.00 |    0.00 |     0.79 |   0.95
0430 -     72.81 |   54.62 |     0.92 |   0.99
0431 -      0.00 |  100.00 |     0.96 |   1.00
0432 -     70.23 |  100.00 |     0.97 |   1.00
0433 -     35.48 |   51.22 |     0.73 |   0.96
0434 -     23.76 |   22.20 |     0.94 |   1.00
0435 -     99.27 |  100.00 |     0.89 |   1.00
0436 -     92.17 |  100.00 |     0.99 |   1.00
0437 -      0.00 |  100.00 |     0.89 |   1.00
0438 -     72.27 |   92.99 |     0.96 |   0.99
0439 -      8.01 |  100.00 |     0.82 |   0.95
0440 -     20.48 |   17.04 |     0.96 |   0.99
0441 -     68.81 |   40.63 |     0.75 |   1.00
0442 -      0.00 |   96.13 |     0.97 |   0.99
0443 -     39.42 |  100.00 |     0.90 |   1.00
0444 -     66.48 |   90.49 |     0.94 |   0.99
0445 -     12.76 |    9.05 |     0.99 |   0.99
0446 -     94.43 |  100.00 |     0.98 |   1.00
0447 -      0.00 |    0.00 |     0.81 |   0.98
0448 -      0.00 |    0.00 |     0.69 |   0.95
0449 -     34.97 |   98.54 |     0.92 |   1.00
0450 -     22.43 |  100.00 |     0.98 |   1.00
0451 -      0.00 |   98.77 |     0.79 |   0.98
0452 -      0.00 |  100.00 |     0.79 |   1.00
0453 -     46.93 |  100.00 |     0.60 |   1.00
0454 -     59.54 |  100.00 |     0.93 |   1.00
0455 -     97.52 |   99.31 |     0.89 |   1.00
0456 -     98.93 |   99.38 |     0.94 |   0.97
0457 -     38.88 |   19.52 |     0.96 |   1.00
0458 -     51.47 |  100.00 |     0.69 |   1.00
0459 -      0.00 |   96.76 |     0.94 |   1.00
0460 -     34.90 |    3.85 |     0.98 |   1.00
0461 -      8.47 |  100.00 |     0.86 |   1.00
0462 -     53.53 |  100.00 |     0.91 |   1.00
0463 -     98.96 |  100.00 |     0.92 |   1.00
0464 -      0.00 |    0.00 |     0.84 |   0.98
0465 -      0.00 |    0.00 |     0.94 |   0.95
0466 -     38.74 |  100.00 |     0.90 |   1.00
0467 -     22.08 |   33.70 |     0.92 |   0.95
0468 -      0.00 |    0.00 |     0.98 |   1.00
0469 -      7.92 |   37.40 |     0.94 |   0.98
0470 -      0.00 |   96.21 |     0.95 |   1.00
0471 -     51.55 |   44.41 |     0.83 |   0.87
0472 -     72.56 |  100.00 |     0.72 |   1.00
0473 -      5.93 |   98.83 |     0.92 |   0.97
0474 -     21.81 |   32.86 |     0.93 |   0.99
0475 -     39.52 |  100.00 |     0.96 |   1.00
0476 -      5.97 |    6.62 |     0.92 |   0.99
0477 -     34.04 |   34.64 |     0.96 |   0.99
0478 -     70.00 |   55.95 |     0.86 |   0.96
0479 -     84.69 |  100.00 |     0.94 |   1.00
0480 -      0.00 |  100.00 |     0.85 |   1.00
0481 -     81.78 |  100.00 |     0.98 |   1.00
0482 -     20.65 |   95.73 |     0.93 |   0.98
0483 -     18.90 |  100.00 |     0.96 |   1.00
0484 -     17.14 |   49.94 |     0.86 |   0.96
0485 -     64.95 |  100.00 |     0.91 |   1.00
0486 -     75.30 |   99.30 |     0.94 |   0.97
0487 -     98.98 |  100.00 |     0.95 |   0.99
0488 -      0.00 |    0.00 |     0.94 |   0.96
0489 -     45.04 |   99.16 |     0.94 |   1.00
0490 -     40.73 |  100.00 |     0.97 |   1.00
0491 -     14.98 |   88.09 |     0.89 |   0.93
0492 -      7.76 |    0.00 |     0.79 |   0.94
0493 -     98.79 |  100.00 |     0.92 |   1.00
0494 -     32.28 |    0.00 |     0.80 |   0.91
0495 -     60.55 |   57.86 |     0.99 |   1.00
0496 -     29.28 |   93.16 |     0.88 |   0.96
0497 -      8.04 |  100.00 |     0.87 |   1.00
0498 -     90.14 |   39.35 |     0.97 |   0.99
0499 -     64.63 |   51.20 |     0.94 |   0.97
0500 -     11.85 |  100.00 |     0.90 |   1.00
0501 -     62.81 |  100.00 |     0.91 |   1.00
0502 -     20.82 |  100.00 |     0.87 |   1.00
0503 -      0.00 |    0.00 |     0.90 |   0.91
0504 -     25.11 |   31.66 |     0.78 |   0.99
0505 -      9.91 |   80.87 |     0.70 |   0.91
0506 -     70.69 |  100.00 |     0.98 |   1.00
0507 -      0.00 |  100.00 |     0.65 |   1.00
0508 -      0.00 |    0.00 |     0.94 |   0.96
0509 -     99.26 |  100.00 |     0.94 |   1.00
0510 -     92.79 |  100.00 |     0.95 |   1.00
0511 -     53.61 |   97.98 |     0.93 |   0.97
0512 -     86.60 |  100.00 |     0.92 |   1.00
0513 -     16.98 |  100.00 |     0.97 |   1.00
0514 -     56.81 |  100.00 |     0.91 |   1.00
0515 -     26.80 |  100.00 |     0.95 |   1.00
0516 -      0.00 |   36.02 |     0.84 |   1.00
0517 -     26.29 |  100.00 |     0.91 |   1.00
0518 -     10.81 |   10.92 |     0.91 |   0.95
0519 -     58.97 |  100.00 |     0.98 |   1.00
0520 -     26.66 |   24.88 |     0.93 |   0.96
0521 -     46.78 |   96.54 |     0.87 |   0.97
0522 -     98.46 |   24.61 |     0.97 |   0.91
0523 -     57.59 |  100.00 |     0.97 |   1.00
0524 -      0.00 |  100.00 |     0.87 |   1.00
0525 -     68.01 |   96.75 |     0.94 |   0.97
0526 -      0.00 |    0.00 |     0.92 |   0.93
0527 -      0.00 |    0.00 |     0.95 |   0.98
0528 -     16.63 |  100.00 |     0.96 |   1.00
0529 -      5.85 |   15.84 |     0.83 |   0.99
0530 -      0.00 |   36.56 |     0.91 |   0.95
0531 -     74.96 |  100.00 |     0.82 |   1.00
0532 -     75.33 |  100.00 |     0.83 |   1.00
0533 -     51.65 |  100.00 |     0.97 |   1.00
0534 -     93.35 |  100.00 |     0.96 |   1.00
0535 -      0.00 |   98.15 |     0.78 |   0.96
0536 -     97.61 |  100.00 |     0.96 |   1.00
0537 -     71.34 |  100.00 |     0.82 |   1.00
0538 -     45.31 |   40.31 |     0.92 |   0.97
0539 -     78.76 |   98.69 |     0.91 |   0.98
0540 -      0.00 |    0.00 |     0.88 |   0.98
0541 -     19.64 |   17.96 |     0.91 |   1.00
0542 -     28.32 |  100.00 |     0.88 |   0.97
0543 -      0.00 |    0.00 |     0.95 |   0.92
0544 -      0.00 |  100.00 |     0.87 |   1.00
0545 -     10.61 |    8.01 |     0.88 |   1.00
0546 -     78.55 |  100.00 |     0.90 |   1.00
0547 -      0.00 |    0.00 |     0.87 |   0.87
0548 -     46.35 |  100.00 |     0.86 |   1.00
0549 -     63.00 |   64.72 |     0.93 |   0.99
0550 -     54.48 |   98.71 |     0.86 |   0.96
0551 -     41.29 |   29.96 |     0.91 |   1.00
0552 -     88.68 |  100.00 |     0.96 |   1.00
0553 -      0.00 |   93.53 |     0.91 |   0.93
0554 -     48.47 |  100.00 |     0.94 |   1.00
0555 -     31.08 |   30.59 |     0.95 |   0.96
0556 -      0.00 |    0.00 |     0.84 |   0.88
0557 -     70.72 |  100.00 |     0.76 |   1.00
0558 -     76.06 |   99.28 |     0.96 |   0.98
0559 -     23.23 |    0.00 |     0.66 |   0.89
0560 -      0.00 |    0.00 |     0.92 |   1.00
0561 -     88.71 |  100.00 |     0.89 |   1.00
0562 -     16.85 |  100.00 |     0.98 |   1.00
0563 -     15.80 |   14.00 |     0.97 |   0.99
0564 -      0.00 |    0.00 |     0.83 |   0.91
0565 -     14.00 |  100.00 |     0.90 |   1.00
0566 -     11.35 |   99.10 |     0.89 |   0.98
0567 -      5.66 |    9.02 |     0.94 |   0.99
0568 -     11.95 |   94.26 |     0.87 |   1.00
0569 -      0.00 |    0.00 |     0.97 |   1.00
0570 -     14.60 |   93.74 |     0.93 |   1.00
0571 -      0.00 |    0.00 |     0.93 |   0.98
0572 -      0.00 |    0.00 |     0.95 |   0.96
0573 -     59.47 |   75.39 |     0.94 |   0.99
0574 -      0.00 |   18.42 |     0.93 |   0.95
0575 -      0.00 |    0.00 |     0.77 |   0.97
0576 -     37.15 |  100.00 |     0.96 |   1.00
0577 -     83.87 |   71.79 |     0.96 |   0.96
0578 -     35.60 |   36.17 |     0.94 |   0.95
0579 -     57.41 |   46.40 |     0.85 |   0.90
0580 -     30.33 |   70.03 |     0.93 |   0.94
0581 -     56.64 |  100.00 |     0.92 |   1.00
0582 -     35.25 |  100.00 |     0.89 |   1.00
0583 -    100.00 |   74.26 |     1.00 |   0.97
0584 -     21.11 |   72.65 |     0.87 |   0.94
0585 -     58.29 |  100.00 |     0.85 |   1.00
0586 -      0.00 |    0.00 |     0.91 |   0.94
0587 -      4.78 |    4.24 |     0.86 |   1.00
0588 -      0.00 |    0.00 |     0.72 |   0.97
0589 -     59.93 |  100.00 |     0.93 |   1.00
0590 -      8.24 |   98.11 |     0.95 |   1.00
0591 -     10.91 |  100.00 |     0.87 |   1.00
0592 -     34.82 |  100.00 |     0.81 |   1.00
0593 -     92.97 |  100.00 |     0.98 |   1.00
0594 -     22.14 |  100.00 |     0.91 |   1.00
0595 -     28.18 |  100.00 |     0.96 |   1.00
0596 -     99.02 |   77.77 |     0.89 |   0.81
0597 -      0.00 |  100.00 |     0.92 |   1.00
0598 -     22.02 |   51.13 |     0.92 |   0.94
0599 -      0.00 |  100.00 |     0.82 |   1.00
0600 -     20.08 |   64.67 |     0.75 |   1.00
0601 -     55.00 |   81.62 |     0.90 |   1.00
0602 -      0.00 |    0.00 |     0.91 |   1.00
0603 -     38.62 |  100.00 |     0.88 |   1.00
0604 -     11.86 |   24.27 |     0.82 |   0.92
0605 -     37.85 |   99.16 |     0.90 |   0.96
0606 -     25.48 |   96.95 |     0.94 |   1.00
0607 -     11.49 |   10.53 |     0.95 |   1.00
0608 -     22.83 |   23.16 |     0.89 |   0.95
0609 -      0.00 |  100.00 |     0.93 |   1.00
0610 -     73.66 |  100.00 |     0.88 |   1.00
0611 -     82.68 |  100.00 |     0.83 |   1.00
0612 -     21.61 |   21.25 |     0.92 |   0.97
0613 -     75.22 |   98.02 |     0.96 |   0.98
0614 -     54.22 |  100.00 |     0.92 |   1.00
0615 -     67.02 |   96.31 |     0.86 |   0.98
0616 -     10.94 |    8.06 |     0.87 |   0.97
0617 -     61.40 |   54.16 |     0.94 |   1.00
0618 -      0.00 |   28.48 |     0.81 |   0.92
0619 -      8.21 |   51.43 |     0.92 |   1.00
0620 -     60.49 |  100.00 |     0.96 |   1.00
0621 -     35.18 |  100.00 |     0.96 |   1.00
0622 -     62.07 |   54.76 |     0.91 |   0.97
0623 -     31.31 |    0.00 |     0.97 |   0.98
0624 -     78.89 |  100.00 |     0.94 |   1.00
0625 -     23.12 |   60.44 |     0.96 |   1.00
0626 -     75.30 |  100.00 |     0.95 |   1.00
0627 -     24.42 |  100.00 |     0.95 |   1.00
0628 -     39.51 |   44.18 |     0.93 |   0.95
0629 -     13.43 |  100.00 |     0.95 |   1.00
0630 -      6.10 |  100.00 |     0.96 |   1.00
0631 -     79.11 |  100.00 |     0.88 |   1.00
0632 -     51.05 |   91.00 |     0.70 |   0.95
0633 -     94.89 |   98.80 |     0.95 |   0.97
0634 -     22.00 |  100.00 |     0.59 |   1.00
0635 -    100.00 |  100.00 |     0.93 |   1.00
0636 -      0.00 |    0.00 |     0.92 |   0.94
0637 -     23.77 |  100.00 |     0.82 |   1.00
0638 -      0.00 |    0.00 |     0.86 |   0.98
0639 -      0.00 |    0.00 |     0.92 |   0.99
0640 -      0.00 |    0.00 |     0.95 |   0.97
0641 -     31.02 |   97.48 |     0.90 |   0.98
0642 -     39.22 |   50.99 |     0.91 |   0.96
0643 -     48.87 |   99.35 |     0.99 |   1.00
0644 -     23.07 |  100.00 |     0.90 |   1.00
0645 -     31.98 |  100.00 |     0.90 |   1.00
0646 -     21.47 |   90.06 |     0.73 |   0.96
0647 -      0.00 |    0.00 |     0.67 |   0.60
0648 -     21.54 |   94.81 |     0.87 |   1.00
0649 -      0.00 |    0.00 |     0.86 |   1.00
0650 -     79.68 |  100.00 |     0.92 |   1.00
0651 -      0.00 |    0.00 |     0.94 |   0.97
0652 -      8.71 |  100.00 |     0.96 |   1.00
0653 -     14.15 |  100.00 |     0.98 |   1.00
0654 -     73.93 |   86.81 |     0.74 |   0.99
0655 -     13.64 |   61.58 |     0.81 |   0.99
0656 -     14.40 |   13.02 |     0.88 |   0.91
0657 -      0.00 |    0.00 |     0.95 |   0.96
0658 -     18.98 |    0.00 |     0.96 |   0.95
0659 -     31.79 |   34.79 |     0.92 |   0.99
0660 -      0.00 |    0.00 |     0.84 |   1.00
0661 -      0.00 |  100.00 |     0.67 |   1.00
0662 -     34.57 |   29.76 |     0.90 |   0.94
0663 -     15.82 |   76.75 |     0.84 |   1.00
0664 -     32.25 |   87.16 |     0.72 |   0.81
0665 -     26.99 |   27.07 |     0.96 |   0.98
0666 -      0.00 |    0.00 |     0.83 |   0.83
0667 -     25.25 |   25.27 |     1.00 |   0.96
0668 -      6.61 |    6.90 |     0.80 |   0.94
0669 -      0.00 |  100.00 |     0.96 |   1.00
0670 -     55.75 |  100.00 |     0.89 |   1.00
0671 -     57.95 |   67.92 |     0.92 |   1.00
0672 -     74.32 |  100.00 |     0.96 |   1.00
0673 -     40.27 |  100.00 |     0.91 |   1.00
0674 -     15.02 |   98.18 |     0.99 |   1.00
0675 -      0.00 |   98.27 |     0.84 |   0.97
0676 -      9.80 |   33.26 |     0.85 |   0.97
0677 -      6.45 |   98.44 |     0.78 |   0.96
0678 -     75.90 |   83.36 |     0.90 |   1.00
0679 -      0.00 |    0.00 |     0.91 |   0.94
0680 -     98.37 |  100.00 |     0.93 |   1.00
0681 -     76.10 |  100.00 |     0.96 |   1.00
0682 -     57.62 |   48.76 |     1.00 |   1.00
0683 -      0.00 |    0.00 |     0.84 |   0.89
0684 -     29.90 |  100.00 |     0.66 |   1.00
0685 -     45.67 |   95.71 |     0.97 |   1.00
0686 -     25.38 |   31.19 |     0.84 |   0.97
0687 -      0.00 |   55.29 |     0.93 |   0.98
0688 -     58.08 |   98.67 |     0.91 |   0.96
0689 -     84.00 |  100.00 |     0.99 |   1.00
0690 -     36.74 |   99.18 |     0.96 |   0.99
0691 -     98.69 |   89.31 |     0.97 |   1.00
0692 -     98.74 |   98.27 |     0.92 |   0.97
0693 -      0.00 |    3.68 |     0.97 |   0.98
0694 -      0.00 |  100.00 |     0.95 |   1.00
0695 -     75.86 |  100.00 |     0.97 |   1.00
0696 -     98.63 |   98.86 |     0.95 |   0.99
0697 -     61.69 |  100.00 |     0.89 |   1.00
0698 -      0.00 |  100.00 |     0.70 |   1.00
0699 -      0.00 |    0.00 |     0.86 |   0.96
0700 -      0.00 |  100.00 |     0.91 |   1.00
0701 -     63.90 |  100.00 |     0.77 |   1.00
0702 -      0.00 |   98.04 |     0.90 |   1.00
0703 -      5.21 |    6.39 |     0.83 |   0.86
0704 -     37.92 |   94.78 |     0.86 |   1.00
0705 -      0.00 |  100.00 |     0.94 |   1.00
0706 -     75.11 |  100.00 |     0.89 |   1.00
0707 -     60.46 |   94.20 |     0.99 |   0.98
0708 -      0.00 |    0.00 |     0.85 |   0.93
0709 -     12.52 |  100.00 |     0.89 |   1.00
0710 -      0.00 |  100.00 |     0.95 |   1.00
0711 -     31.91 |  100.00 |     0.71 |   1.00
0712 -      0.00 |  100.00 |     0.69 |   1.00
0713 -      0.00 |  100.00 |     0.91 |   1.00
0714 -     10.42 |   98.02 |     0.85 |   0.97
0715 -     46.91 |   49.07 |     0.89 |   0.94
0716 -      0.00 |   47.62 |     0.90 |   1.00
0717 -     23.82 |    5.41 |     0.86 |   0.95
0718 -     84.86 |  100.00 |     0.92 |   1.00
0719 -     99.10 |  100.00 |     0.93 |   1.00
0720 -      0.00 |    0.00 |     0.77 |   0.82
0721 -      7.48 |   52.04 |     0.86 |   0.99
0722 -     98.65 |   95.28 |     0.92 |   1.00
0723 -     69.11 |   98.90 |     0.90 |   0.97
0724 -      3.95 |   98.38 |     0.89 |   0.97
0725 -     14.69 |   16.15 |     0.92 |   1.00
0726 -      4.44 |  100.00 |     0.94 |   0.97
0727 -     18.54 |  100.00 |     0.88 |   1.00
0728 -    100.00 |  100.00 |     0.76 |   1.00
0729 -     90.47 |  100.00 |     0.96 |   1.00
0730 -     77.71 |  100.00 |     0.85 |   1.00
0731 -      5.45 |    0.00 |     0.84 |   1.00
0732 -     61.14 |  100.00 |     0.95 |   1.00
0733 -      0.00 |    0.00 |     0.95 |   0.97
0734 -      0.00 |  100.00 |     0.92 |   1.00
0735 -      0.00 |   54.61 |     0.83 |   0.99
0736 -     99.18 |  100.00 |     0.94 |   1.00
0737 -     68.07 |   73.68 |     0.86 |   0.99
0738 -     85.71 |  100.00 |     0.87 |   1.00
0739 -     22.57 |   58.59 |     0.89 |   0.94
0740 -     16.25 |  100.00 |     0.92 |   1.00
0741 -      0.00 |  100.00 |     0.92 |   1.00
0742 -      8.49 |  100.00 |     0.84 |   1.00
0743 -     40.14 |  100.00 |     0.96 |   1.00
0744 -     87.73 |  100.00 |     0.92 |   1.00
0745 -     19.13 |   99.01 |     0.82 |   0.97
0746 -      0.00 |    0.00 |     0.82 |   0.85
0747 -     71.73 |  100.00 |     0.91 |   1.00
0748 -      0.00 |    0.00 |     0.87 |   0.95
0749 -     24.67 |   23.61 |     0.88 |   1.00
0750 -     16.21 |  100.00 |     0.95 |   0.98
0751 -      0.00 |    0.00 |     0.84 |   1.00
0752 -      0.00 |    0.00 |     0.84 |   1.00
0753 -     38.99 |   95.60 |     0.94 |   0.96
0754 -     10.08 |   95.30 |     0.90 |   1.00
0755 -     82.74 |  100.00 |     0.75 |   1.00
0756 -      0.00 |    0.00 |     0.97 |   0.94
0757 -      7.37 |    7.28 |     0.97 |   0.99
0758 -      0.00 |   82.36 |     0.93 |   1.00
0759 -      0.00 |    0.00 |     0.93 |   0.98
0760 -     14.30 |   99.09 |     0.71 |   0.98
0761 -     32.25 |  100.00 |     0.97 |   1.00
0762 -     31.21 |   25.32 |     0.80 |   1.00
0763 -     62.22 |   92.00 |     0.93 |   0.96
0764 -      6.15 |    0.00 |     0.74 |   0.88
0765 -      0.00 |    0.00 |     0.87 |   0.99
0766 -     78.31 |  100.00 |     0.86 |   1.00
0767 -     44.39 |   42.90 |     0.98 |   1.00
0768 -     84.58 |  100.00 |     0.95 |   1.00
0769 -     77.69 |  100.00 |     0.93 |   1.00
0770 -     22.35 |  100.00 |     0.91 |   1.00
0771 -     32.01 |  100.00 |     0.72 |   1.00
0772 -      0.00 |    0.00 |     0.70 |   0.90
0773 -      0.00 |  100.00 |     0.86 |   1.00
0774 -     23.45 |   17.95 |     0.86 |   0.98
0775 -     18.43 |  100.00 |     0.89 |   1.00
0776 -      0.00 |  100.00 |     0.83 |   1.00
0777 -     73.73 |   96.19 |     0.79 |   0.97
0778 -     77.57 |  100.00 |     0.82 |   1.00
0779 -     58.31 |   60.92 |     0.97 |   1.00
0780 -      0.00 |    0.00 |     0.62 |   0.83
0781 -     97.59 |  100.00 |     0.82 |   1.00
0782 -     17.32 |  100.00 |     0.86 |   1.00
0783 -     72.89 |  100.00 |     0.95 |   1.00
0784 -      0.00 |    0.00 |     0.86 |   1.00
0785 -     35.35 |  100.00 |     0.98 |   1.00
0786 -     61.06 |   89.73 |     0.81 |   0.97
0787 -      0.00 |   19.37 |     0.86 |   0.94
0788 -     53.76 |  100.00 |     0.81 |   1.00
0789 -      9.73 |   56.45 |     0.73 |   0.96
0790 -     22.66 |  100.00 |     0.89 |   1.00
0791 -     56.57 |  100.00 |     0.87 |   1.00
0792 -      0.00 |    0.00 |     0.89 |   1.00
0793 -      3.95 |    0.00 |     0.95 |   0.98
0794 -     70.49 |   74.94 |     0.97 |   0.99
0795 -     45.27 |  100.00 |     0.92 |   1.00
0796 -     46.58 |  100.00 |     0.97 |   1.00
0797 -     79.80 |   78.90 |     0.77 |   0.99
0798 -      0.00 |  100.00 |     0.93 |   1.00
0799 -      0.00 |   93.10 |     0.81 |   1.00
0800 -      0.00 |    0.00 |     0.84 |   0.97
0801 -     17.92 |  100.00 |     0.83 |   1.00
0802 -     78.47 |   93.30 |     0.99 |   1.00
0803 -     38.60 |  100.00 |     0.52 |   1.00
0804 -      0.00 |   61.42 |     0.77 |   0.98
0805 -     14.66 |  100.00 |     0.88 |   1.00
0806 -     98.86 |  100.00 |     0.98 |   1.00
0807 -      0.00 |  100.00 |     0.91 |   1.00
0808 -      0.00 |    0.00 |     0.96 |   1.00
0809 -     28.78 |   27.24 |     0.93 |   0.96
0810 -     98.93 |   96.73 |     0.89 |   0.99
0811 -     16.60 |   23.24 |     0.96 |   0.98
0812 -     20.38 |  100.00 |     0.81 |   1.00
0813 -     98.68 |   99.11 |     0.90 |   0.99
0814 -     12.48 |  100.00 |     0.95 |   1.00
0815 -     64.35 |  100.00 |     0.97 |   1.00
0816 -      0.00 |  100.00 |     0.82 |   1.00
0817 -     41.40 |  100.00 |     0.83 |   1.00
0818 -     63.63 |   92.82 |     0.83 |   0.97
0819 -     32.14 |  100.00 |     0.95 |   1.00
0820 -     25.74 |  100.00 |     0.95 |   1.00
0821 -     99.15 |  100.00 |     0.96 |   1.00
0822 -      0.00 |    0.00 |     0.76 |   0.87
0823 -     19.43 |   90.49 |     0.88 |   0.99
0824 -      5.30 |   66.20 |     0.88 |   0.97
0825 -     45.27 |   98.50 |     0.93 |   0.96
0826 -     65.97 |   23.11 |     0.99 |   1.00
0827 -     11.90 |    0.00 |     0.96 |   0.99
0828 -      0.00 |  100.00 |     0.82 |   1.00
0829 -      0.00 |    0.00 |     0.78 |   0.99
0830 -     75.30 |  100.00 |     0.95 |   1.00
0831 -     70.77 |  100.00 |     0.91 |   1.00
0832 -     98.46 |  100.00 |     0.90 |   1.00
0833 -     48.01 |  100.00 |     0.95 |   1.00
0834 -     68.29 |  100.00 |     0.98 |   1.00
0835 -      0.00 |    0.00 |     0.95 |   1.00
0836 -      0.00 |  100.00 |     0.85 |   1.00
0837 -     41.82 |   98.93 |     0.92 |   0.98
0838 -      0.00 |    0.00 |     0.89 |   0.90
0839 -     65.09 |  100.00 |     0.92 |   1.00
0840 -     15.59 |   52.74 |     0.79 |   0.97
0841 -      5.77 |    6.53 |     0.94 |   0.96
0842 -      0.00 |  100.00 |     0.94 |   1.00
0843 -      0.00 |  100.00 |     0.92 |   1.00
0844 -      0.00 |  100.00 |     0.95 |   1.00
0845 -     13.36 |   12.82 |     0.97 |   1.00
0846 -     13.72 |   99.00 |     0.94 |   0.98
0847 -     23.21 |   21.43 |     0.85 |   0.99
0848 -     52.17 |   92.99 |     0.96 |   0.98
0849 -      0.00 |    0.00 |     0.91 |   1.00
0850 -     68.22 |  100.00 |     0.83 |   1.00
0851 -     98.68 |  100.00 |     0.92 |   1.00
0852 -     92.75 |  100.00 |     0.95 |   1.00
0853 -     83.92 |  100.00 |     0.93 |   1.00
0854 -      0.00 |    0.00 |     0.90 |   1.00
0855 -     34.30 |   34.44 |     0.95 |   0.98
0856 -     50.61 |  100.00 |     0.92 |   1.00
0857 -     10.11 |   96.44 |     0.97 |   1.00
0858 -     58.95 |  100.00 |     0.98 |   1.00
0859 -     14.17 |  100.00 |     0.83 |   1.00
0860 -      0.00 |    0.00 |     0.74 |   0.96
0861 -     72.35 |  100.00 |     0.85 |   1.00
0862 -     33.96 |  100.00 |     0.87 |   1.00
0863 -     78.58 |  100.00 |     0.91 |   1.00
0864 -     66.40 |   98.71 |     0.97 |   0.99
0865 -     28.64 |  100.00 |     0.92 |   1.00
0866 -     10.97 |  100.00 |     0.94 |   1.00
0867 -      0.00 |    0.00 |     0.93 |   0.97
0868 -     24.92 |  100.00 |     0.93 |   1.00
0869 -     98.87 |  100.00 |     0.98 |   1.00
0870 -    100.00 |   41.20 |     1.00 |   0.99
0871 -     82.97 |  100.00 |     0.93 |   1.00
0872 -     56.25 |   75.26 |     0.92 |   0.99
0873 -     31.15 |  100.00 |     0.86 |   1.00
0874 -     53.59 |  100.00 |     0.86 |   1.00
0875 -     99.27 |  100.00 |     0.97 |   1.00
0876 -     46.95 |   34.07 |     0.90 |   0.98
0877 -     60.05 |  100.00 |     0.94 |   0.97
0878 -      0.00 |    0.00 |     0.75 |   0.90
0879 -     19.21 |  100.00 |     0.90 |   1.00
0880 -      0.00 |   97.50 |     0.74 |   0.97
0881 -     43.89 |  100.00 |     0.94 |   1.00
0882 -     88.94 |   87.18 |     0.88 |   0.97
0883 -      0.00 |    0.00 |     0.90 |   0.97
0884 -     30.91 |  100.00 |     0.93 |   1.00
0885 -      0.00 |    0.00 |     0.99 |   1.00
0886 -     68.88 |  100.00 |     0.82 |   1.00
0887 -      0.00 |  100.00 |     0.93 |   1.00
0888 -     43.04 |  100.00 |     0.85 |   1.00
0889 -     64.05 |  100.00 |     0.94 |   1.00
0890 -     10.32 |    0.00 |     0.93 |   0.99
0891 -      0.00 |    6.60 |     0.87 |   0.95
0892 -     58.03 |   54.43 |     0.94 |   1.00
0893 -      0.00 |  100.00 |     0.97 |   1.00
0894 -     91.29 |   92.93 |     0.97 |   1.00
0895 -     46.28 |  100.00 |     0.75 |   1.00
0896 -     10.93 |  100.00 |     0.91 |   1.00
0897 -     99.36 |  100.00 |     0.97 |   1.00
0898 -     18.27 |  100.00 |     0.96 |   1.00
0899 -     99.28 |  100.00 |     0.86 |   1.00
0900 -     58.08 |   98.83 |     0.93 |   0.97
0901 -     12.09 |  100.00 |     0.96 |   1.00
0902 -     30.61 |  100.00 |     0.90 |   1.00
0903 -      0.00 |  100.00 |     0.85 |   1.00
0904 -     67.76 |  100.00 |     0.93 |   1.00
0905 -      0.00 |  100.00 |     0.94 |   1.00
0906 -     34.84 |   30.29 |     0.94 |   0.84
0907 -     26.11 |   46.84 |     0.85 |   0.91
0908 -      5.47 |    0.00 |     0.94 |   1.00
0909 -      0.00 |    0.00 |     0.94 |   1.00
0910 -     96.59 |  100.00 |     0.98 |   1.00
0911 -      0.00 |   99.12 |     0.87 |   0.96
0912 -      0.00 |    0.00 |     0.91 |   0.97
0913 -     19.91 |  100.00 |     0.96 |   1.00
0914 -      0.00 |  100.00 |     0.81 |   1.00
0915 -      0.00 |    0.00 |     0.88 |   0.93
0916 -      0.00 |  100.00 |     0.88 |   1.00
0917 -     87.24 |  100.00 |     0.95 |   1.00
0918 -     81.98 |   99.14 |     0.93 |   0.99
0919 -     95.34 |  100.00 |     0.97 |   1.00
0920 -     77.69 |  100.00 |     0.77 |   1.00
0921 -     15.33 |  100.00 |     0.88 |   1.00
0922 -      0.00 |    0.00 |     0.86 |   0.97
0923 -     70.48 |   65.98 |     0.81 |   0.99
0924 -      0.00 |    0.00 |     0.94 |   0.92
0925 -     51.88 |   47.10 |     0.84 |   0.96
0926 -     12.07 |  100.00 |     0.98 |   1.00
0927 -      0.00 |    0.00 |     0.67 |   0.95
0928 -      0.00 |    0.00 |     0.93 |   1.00
0929 -     28.46 |   97.84 |     0.93 |   0.97
0930 -      0.00 |    0.00 |     0.97 |   0.99
0931 -      0.00 |    0.00 |     0.83 |   0.91
0932 -      0.00 |  100.00 |     0.97 |   1.00
0933 -     12.49 |  100.00 |     0.99 |   1.00
0934 -      0.00 |  100.00 |     0.93 |   1.00
0935 -     63.43 |   35.77 |     0.83 |   0.85
0936 -     33.91 |  100.00 |     0.95 |   1.00
0937 -     80.37 |  100.00 |     0.93 |   1.00
0938 -     61.11 |   96.64 |     0.96 |   0.99
0939 -     99.22 |  100.00 |     0.96 |   1.00
0940 -     61.71 |  100.00 |     0.88 |   1.00
0941 -      0.00 |    0.00 |     0.69 |   0.76
0942 -     97.81 |    0.00 |     0.93 |   1.00
0943 -     14.69 |   97.07 |     0.92 |   1.00
0944 -     83.95 |  100.00 |     0.89 |   1.00
0945 -     21.35 |   96.88 |     0.90 |   0.93
0946 -      0.00 |    0.00 |     0.91 |   0.92
0947 -     68.10 |   63.69 |     0.88 |   1.00
0948 -     13.58 |  100.00 |     0.93 |   1.00
0949 -     27.08 |   90.09 |     0.81 |   0.97
0950 -     62.51 |  100.00 |     0.72 |   1.00
0951 -     69.95 |   68.39 |     0.93 |   0.95
0952 -     98.73 |  100.00 |     0.90 |   1.00
0953 -      9.11 |    0.00 |     0.89 |   0.91
0954 -     18.26 |   55.73 |     0.89 |   0.96
0955 -     62.65 |   85.55 |     0.94 |   0.97
0956 -     54.06 |   97.82 |     0.70 |   1.00
0957 -      0.00 |    0.00 |     0.86 |   0.95
0958 -     86.10 |  100.00 |     0.93 |   1.00
0959 -     44.38 |   44.38 |     0.93 |   0.98
0960 -      9.41 |  100.00 |     0.64 |   1.00
0961 -     19.72 |  100.00 |     0.84 |   1.00
0962 -     71.62 |  100.00 |     0.86 |   1.00
0963 -     71.17 |   98.58 |     0.78 |   1.00
0964 -     62.88 |  100.00 |     0.94 |   1.00
0965 -     96.27 |   98.23 |     0.94 |   1.00
0966 -     19.64 |   19.64 |     0.64 |   0.95
0967 -     10.28 |    9.42 |     0.80 |   0.98
0968 -      0.00 |    0.00 |     0.87 |   0.97
0969 -     30.49 |  100.00 |     0.76 |   1.00
0970 -     22.55 |  100.00 |     0.91 |   1.00
0971 -      0.00 |    0.00 |     0.88 |   0.95
0972 -     10.81 |   15.00 |     0.97 |   0.97
0973 -     28.62 |   98.99 |     0.92 |   0.97
0974 -     14.13 |  100.00 |     0.98 |   1.00
0975 -      0.00 |   98.27 |     0.77 |   0.95
0976 -     54.22 |   62.67 |     0.44 |   0.98
0977 -     48.64 |   50.55 |     0.94 |   0.99
0978 -     76.50 |  100.00 |     0.97 |   1.00
0979 -     23.89 |   23.49 |     0.88 |   1.00
0980 -     53.39 |  100.00 |     0.87 |   1.00
0981 -     98.96 |   99.06 |     0.95 |   0.97
0982 -      0.00 |   89.25 |     0.74 |   0.96
0983 -     84.80 |  100.00 |     0.83 |   1.00
0984 -     33.44 |   62.97 |     0.91 |   1.00
0985 -      0.00 |  100.00 |     0.75 |   1.00
0986 -      0.00 |   57.73 |     0.91 |   1.00
0987 -     78.66 |   98.78 |     0.97 |   1.00
0988 -      6.23 |   96.25 |     0.97 |   0.99
0989 -      0.00 |    0.00 |     0.50 |   0.82
0990 -     13.39 |  100.00 |     0.97 |   1.00
0991 -     98.39 |   91.25 |     0.94 |   0.99
0992 -     42.27 |  100.00 |     0.91 |   1.00
0993 -      0.00 |    0.00 |     0.78 |   0.90
0994 -      8.49 |    7.18 |     0.73 |   0.99
0995 -      0.00 |    0.00 |     0.93 |   0.97
0996 -     71.41 |   99.17 |     0.87 |   0.97
0997 -     95.63 |   99.45 |     0.95 |   0.98
0998 -     34.03 |   32.94 |     0.93 |   0.98
0999 -     60.36 |   25.06 |     0.93 |   1.00
1000 -     76.92 |    0.00 |     0.82 |   0.79
==============================================
