==================
SIM GOLD:   0.8274
SIM IN:     0.8534
==================
       GOLD |  IN
0001 - 0.61 | 0.64
0002 - 0.41 | 0.41
0003 - 0.93 | 0.95
0004 - 0.81 | 0.87
0005 - 0.83 | 0.84
0006 - 0.78 | 0.77
0007 - 0.93 | 0.95
0008 - 0.56 | 0.61
0009 - 0.97 | 0.99
0010 - 0.75 | 0.79
0011 - 0.82 | 0.87
0012 - 0.97 | 1.00
0013 - 0.95 | 0.98
0014 - 0.83 | 0.85
0015 - 0.63 | 0.63
0016 - 0.90 | 0.94
0017 - 0.79 | 0.87
0018 - 0.66 | 0.67
0019 - 0.95 | 0.96
0020 - 0.94 | 0.94
0021 - 0.84 | 0.85
0022 - 0.91 | 0.95
0023 - 0.97 | 0.99
0024 - 0.47 | 0.49
0025 - 0.82 | 0.93
0026 - 0.83 | 0.84
0027 - 0.93 | 0.94
0028 - 0.89 | 1.00
0029 - 0.80 | 0.84
0030 - 0.96 | 0.99
0031 - 0.57 | 0.59
0032 - 0.83 | 0.87
0033 - 0.93 | 0.94
0034 - 0.87 | 0.86
0035 - 0.92 | 0.94
0036 - 0.86 | 0.90
0037 - 0.41 | 0.45
0038 - 0.43 | 0.40
0039 - 0.88 | 0.97
0040 - 0.79 | 0.79
0041 - 0.96 | 1.00
0042 - 0.93 | 0.94
0043 - 0.97 | 0.98
0044 - 0.76 | 0.77
0045 - 0.88 | 0.90
0046 - 0.71 | 0.78
0047 - 1.00 | 1.00
0048 - 0.86 | 0.87
0049 - 0.71 | 0.73
0050 - 0.72 | 0.73
0051 - 0.76 | 0.80
0052 - 0.53 | 0.91
0053 - 0.56 | 0.59
0054 - 0.91 | 0.93
0055 - 0.88 | 0.91
0056 - 0.89 | 0.99
0057 - 0.88 | 0.90
0058 - 0.94 | 0.97
0059 - 0.91 | 0.92
0060 - 0.96 | 1.00
0061 - 0.75 | 0.77
0062 - 0.86 | 0.92
0063 - 0.95 | 1.00
0064 - 0.89 | 0.96
0065 - 0.98 | 1.00
0066 - 0.92 | 0.93
0067 - 0.74 | 0.75
0068 - 0.93 | 0.94
0069 - 0.82 | 0.84
0070 - 0.87 | 0.94
0071 - 0.74 | 0.75
0072 - 0.72 | 0.79
0073 - 0.96 | 0.98
0074 - 0.93 | 0.94
0075 - 0.71 | 0.68
0076 - 0.68 | 0.72
0077 - 0.83 | 0.85
0078 - 0.80 | 0.82
0079 - 0.76 | 0.79
0080 - 0.90 | 0.92
0081 - 0.91 | 0.97
0082 - 0.90 | 0.92
0083 - 0.96 | 1.00
0084 - 0.76 | 0.77
0085 - 0.94 | 0.98
0086 - 0.71 | 0.71
0087 - 0.68 | 0.71
0088 - 0.91 | 0.94
0089 - 0.69 | 0.72
0090 - 0.24 | 0.27
0091 - 0.97 | 1.00
0092 - 0.66 | 0.71
0093 - 0.80 | 0.93
0094 - 0.97 | 0.96
0095 - 0.96 | 0.97
0096 - 0.56 | 0.69
0097 - 0.76 | 0.80
0098 - 0.59 | 0.60
0099 - 0.65 | 0.70
0100 - 0.87 | 0.92
0101 - 0.91 | 0.99
0102 - 0.49 | 0.54
0103 - 0.91 | 0.93
0104 - 0.93 | 1.00
0105 - 0.45 | 0.80
0106 - 0.95 | 0.97
0107 - 0.96 | 1.00
0108 - 0.84 | 0.87
0109 - 0.88 | 0.93
0110 - 0.95 | 0.96
0111 - 1.00 | 0.96
0112 - 0.74 | 0.72
0113 - 0.82 | 0.86
0114 - 0.94 | 0.99
0115 - 0.86 | 0.87
0116 - 0.98 | 0.99
0117 - 0.87 | 0.89
0118 - 0.83 | 0.86
0119 - 0.89 | 0.89
0120 - 0.61 | 0.76
0121 - 0.88 | 0.91
0122 - 0.87 | 0.89
0123 - 0.86 | 0.88
0124 - 0.95 | 0.95
0125 - 0.77 | 0.79
0126 - 0.88 | 0.88
0127 - 0.84 | 0.88
0128 - 0.76 | 0.75
0129 - 0.78 | 0.78
0130 - 0.78 | 0.76
0131 - 0.99 | 1.00
0132 - 0.75 | 0.76
0133 - 0.74 | 0.75
0134 - 0.94 | 0.99
0135 - 0.79 | 0.78
0136 - 0.82 | 0.83
0137 - 0.77 | 0.76
0138 - 0.54 | 0.55
0139 - 0.78 | 0.90
0140 - 0.81 | 0.85
0141 - 0.84 | 0.87
0142 - 0.84 | 0.87
0143 - 0.93 | 0.95
0144 - 0.94 | 0.96
0145 - 0.89 | 0.95
0146 - 0.73 | 0.70
0147 - 0.87 | 0.91
0148 - 0.75 | 0.80
0149 - 0.60 | 0.61
0150 - 0.16 | 0.16
0151 - 0.76 | 0.79
0152 - 0.84 | 0.90
0153 - 0.77 | 0.83
0154 - 0.80 | 0.86
0155 - 0.88 | 0.90
0156 - 0.60 | 0.60
0157 - 0.81 | 0.84
0158 - 0.71 | 0.85
0159 - 0.92 | 0.93
0160 - 0.86 | 0.88
0161 - 0.76 | 0.76
0162 - 0.94 | 0.93
0163 - 0.83 | 0.81
0164 - 0.73 | 0.74
0165 - 0.56 | 0.61
0166 - 0.90 | 0.93
0167 - 0.88 | 0.96
0168 - 0.86 | 0.85
0169 - 0.86 | 0.87
0170 - 0.52 | 0.53
0171 - 0.94 | 0.95
0172 - 0.84 | 0.86
0173 - 0.84 | 0.91
0174 - 0.57 | 0.58
0175 - 0.98 | 1.00
0176 - 0.85 | 0.87
0177 - 0.84 | 0.85
0178 - 0.96 | 0.98
0179 - 0.81 | 0.87
0180 - 0.67 | 0.63
0181 - 0.85 | 0.89
0182 - 0.65 | 0.63
0183 - 0.87 | 0.87
0184 - 0.80 | 0.78
0185 - 0.97 | 1.00
0186 - 0.88 | 0.91
0187 - 0.93 | 0.95
0188 - 0.73 | 0.78
0189 - 0.74 | 0.75
0190 - 0.96 | 0.97
0191 - 0.80 | 0.79
0192 - 0.89 | 0.91
0193 - 0.89 | 0.91
0194 - 0.87 | 0.88
0195 - 0.88 | 0.98
0196 - 0.94 | 0.94
0197 - 0.79 | 0.81
0198 - 0.67 | 0.72
0199 - 0.71 | 0.80
0200 - 0.60 | 0.62
0201 - 0.96 | 0.98
0202 - 0.97 | 0.99
0203 - 0.78 | 0.82
0204 - 0.80 | 0.81
0205 - 0.57 | 0.57
0206 - 0.91 | 0.90
0207 - 0.85 | 0.84
0208 - 0.85 | 0.85
0209 - 0.88 | 0.97
0210 - 1.00 | 0.91
0211 - 0.83 | 0.85
0212 - 0.83 | 0.85
0213 - 0.80 | 0.82
0214 - 0.82 | 0.80
0215 - 0.75 | 0.78
0216 - 0.81 | 0.86
0217 - 0.94 | 0.97
0218 - 0.82 | 0.85
0219 - 0.83 | 0.83
0220 - 0.83 | 0.90
0221 - 0.92 | 0.96
0222 - 0.95 | 1.00
0223 - 0.84 | 1.00
0224 - 0.74 | 0.78
0225 - 0.75 | 0.76
0226 - 0.92 | 0.91
0227 - 0.82 | 0.80
0228 - 0.80 | 0.81
0229 - 0.72 | 0.74
0230 - 0.93 | 0.95
0231 - 0.98 | 0.99
0232 - 0.92 | 0.93
0233 - 0.78 | 0.83
0234 - 0.97 | 1.00
0235 - 0.92 | 0.99
0236 - 0.95 | 0.96
0237 - 0.89 | 0.91
0238 - 0.91 | 0.93
0239 - 0.72 | 0.70
0240 - 0.94 | 0.98
0241 - 0.95 | 0.95
0242 - 0.86 | 0.86
0243 - 0.94 | 0.95
0244 - 0.82 | 0.84
0245 - 0.98 | 0.94
0246 - 0.83 | 0.85
0247 - 0.75 | 0.74
0248 - 0.77 | 0.83
0249 - 0.81 | 0.83
0250 - 0.37 | 0.39
0251 - 0.78 | 0.82
0252 - 0.94 | 0.96
0253 - 0.80 | 0.80
0254 - 0.63 | 0.69
0255 - 0.80 | 0.87
0256 - 0.97 | 0.99
0257 - 0.44 | 0.57
0258 - 0.85 | 0.88
0259 - 0.89 | 0.88
0260 - 0.91 | 1.00
0261 - 0.77 | 0.88
0262 - 0.89 | 0.90
0263 - 0.79 | 0.82
0264 - 0.93 | 1.00
0265 - 0.90 | 0.91
0266 - 0.95 | 0.98
0267 - 0.96 | 1.00
0268 - 0.79 | 0.86
0269 - 0.82 | 0.85
0270 - 0.69 | 0.68
0271 - 0.93 | 0.95
0272 - 0.97 | 0.98
0273 - 0.86 | 0.87
0274 - 0.99 | 0.99
0275 - 0.69 | 0.73
0276 - 0.84 | 0.91
0277 - 0.87 | 0.88
0278 - 0.68 | 0.77
0279 - 0.79 | 0.83
0280 - 0.93 | 0.95
0281 - 0.73 | 0.73
0282 - 0.98 | 1.00
0283 - 0.76 | 0.78
0284 - 0.91 | 0.92
0285 - 0.77 | 0.79
0286 - 0.93 | 0.95
0287 - 0.91 | 0.95
0288 - 0.91 | 0.91
0289 - 0.82 | 0.83
0290 - 0.85 | 0.86
0291 - 0.88 | 0.91
0292 - 0.91 | 0.92
0293 - 0.58 | 0.57
0294 - 0.90 | 0.91
0295 - 0.83 | 0.78
0296 - 0.72 | 0.73
0297 - 0.93 | 0.95
0298 - 0.82 | 0.87
0299 - 0.77 | 0.77
0300 - 0.75 | 0.77
0301 - 0.87 | 0.92
0302 - 0.79 | 0.82
0303 - 0.77 | 0.78
0304 - 0.88 | 0.91
0305 - 0.62 | 0.63
0306 - 0.50 | 0.53
0307 - 0.78 | 0.79
0308 - 0.92 | 0.95
0309 - 0.72 | 0.84
0310 - 0.85 | 1.00
0311 - 0.68 | 0.68
0312 - 0.82 | 0.95
0313 - 0.90 | 1.00
0314 - 0.90 | 0.96
0315 - 0.91 | 0.95
0316 - 0.97 | 1.00
0317 - 0.88 | 0.94
0318 - 0.83 | 0.82
0319 - 0.96 | 1.00
0320 - 0.93 | 0.96
0321 - 0.91 | 0.91
0322 - 0.66 | 0.62
0323 - 0.92 | 0.98
0324 - 0.91 | 0.92
0325 - 0.94 | 0.95
0326 - 0.82 | 0.84
0327 - 0.92 | 0.93
0328 - 0.87 | 0.97
0329 - 0.68 | 0.69
0330 - 0.74 | 0.74
0331 - 0.97 | 0.97
0332 - 0.98 | 0.98
0333 - 0.70 | 0.71
0334 - 0.86 | 0.87
0335 - 0.77 | 0.79
0336 - 0.98 | 0.96
0337 - 0.89 | 0.90
0338 - 0.89 | 0.91
0339 - 0.91 | 0.90
0340 - 0.95 | 0.98
0341 - 0.84 | 0.85
0342 - 0.65 | 0.66
0343 - 0.85 | 0.87
0344 - 0.83 | 0.83
0345 - 0.45 | 0.48
0346 - 0.87 | 1.00
0347 - 0.83 | 0.89
0348 - 0.84 | 0.84
0349 - 0.89 | 0.89
0350 - 0.78 | 0.76
0351 - 0.98 | 1.00
0352 - 0.90 | 1.00
0353 - 0.89 | 0.89
0354 - 0.94 | 0.96
0355 - 0.70 | 0.72
0356 - 0.70 | 0.69
0357 - 0.93 | 0.93
0358 - 0.86 | 0.87
0359 - 0.71 | 0.79
0360 - 0.88 | 0.89
0361 - 0.86 | 0.84
0362 - 0.96 | 0.97
0363 - 0.88 | 0.91
0364 - 0.60 | 0.63
0365 - 0.82 | 0.84
0366 - 0.77 | 0.78
0367 - 0.93 | 1.00
0368 - 0.84 | 0.87
0369 - 0.76 | 0.79
0370 - 0.90 | 0.95
0371 - 0.99 | 1.00
0372 - 0.84 | 0.85
0373 - 0.88 | 0.94
0374 - 0.90 | 0.92
0375 - 0.97 | 1.00
0376 - 0.91 | 0.93
0377 - 0.88 | 0.88
0378 - 0.76 | 0.79
0379 - 0.72 | 0.84
0380 - 0.74 | 0.76
0381 - 0.92 | 0.93
0382 - 0.79 | 0.82
0383 - 0.93 | 0.92
0384 - 0.76 | 0.78
0385 - 0.62 | 0.71
0386 - 0.74 | 0.61
0387 - 0.77 | 0.78
0388 - 0.96 | 0.95
0389 - 0.98 | 0.98
0390 - 0.58 | 0.59
0391 - 0.98 | 0.90
0392 - 0.82 | 0.84
0393 - 0.83 | 0.77
0394 - 0.74 | 0.80
0395 - 0.96 | 1.00
0396 - 0.83 | 0.82
0397 - 0.84 | 0.93
0398 - 0.77 | 0.78
0399 - 0.69 | 0.70
0400 - 0.89 | 0.96
0401 - 0.32 | 0.32
0402 - 0.92 | 0.92
0403 - 0.98 | 0.99
0404 - 0.88 | 0.89
0405 - 0.88 | 0.88
0406 - 0.87 | 0.90
0407 - 0.88 | 0.90
0408 - 0.98 | 1.00
0409 - 0.71 | 0.71
0410 - 0.61 | 0.60
0411 - 0.61 | 0.62
0412 - 0.95 | 0.98
0413 - 0.95 | 1.00
0414 - 0.29 | 0.29
0415 - 0.87 | 1.00
0416 - 0.92 | 0.93
0417 - 0.68 | 0.69
0418 - 0.86 | 0.85
0419 - 0.92 | 0.94
0420 - 0.82 | 0.83
0421 - 0.96 | 0.97
0422 - 0.98 | 1.00
0423 - 0.92 | 1.00
0424 - 0.87 | 0.89
0425 - 0.91 | 0.96
0426 - 0.68 | 0.68
0427 - 0.85 | 0.87
0428 - 0.94 | 0.97
0429 - 0.96 | 1.00
0430 - 0.95 | 0.96
0431 - 0.79 | 0.79
0432 - 0.44 | 0.48
0433 - 0.76 | 0.76
0434 - 0.90 | 0.94
0435 - 0.74 | 0.73
0436 - 0.93 | 0.97
0437 - 0.91 | 0.93
0438 - 0.87 | 0.87
0439 - 0.87 | 0.87
0440 - 0.93 | 0.94
0441 - 0.83 | 0.88
0442 - 0.47 | 0.49
0443 - 0.79 | 0.90
0444 - 0.77 | 0.75
0445 - 0.96 | 1.00
0446 - 0.72 | 0.77
0447 - 0.95 | 0.98
0448 - 0.84 | 0.86
0449 - 0.82 | 0.83
0450 - 0.73 | 0.76
0451 - 1.00 | 0.93
0452 - 0.95 | 1.00
0453 - 0.53 | 0.55
0454 - 0.97 | 0.99
0455 - 0.98 | 0.99
0456 - 0.69 | 0.71
0457 - 0.95 | 0.96
0458 - 0.95 | 0.97
0459 - 0.95 | 1.00
0460 - 0.80 | 0.80
0461 - 0.97 | 0.98
0462 - 0.49 | 0.52
0463 - 0.68 | 0.71
0464 - 0.88 | 0.92
0465 - 0.80 | 0.84
0466 - 0.96 | 0.96
0467 - 0.68 | 0.69
0468 - 0.74 | 0.72
0469 - 0.81 | 0.81
0470 - 0.85 | 0.87
0471 - 0.92 | 0.96
0472 - 0.95 | 0.96
0473 - 0.86 | 0.89
0474 - 0.94 | 0.96
0475 - 0.95 | 0.97
0476 - 0.75 | 0.78
0477 - 0.86 | 0.86
0478 - 0.92 | 0.94
0479 - 0.34 | 0.42
0480 - 0.92 | 0.95
0481 - 0.59 | 0.65
0482 - 0.86 | 0.87
0483 - 0.93 | 0.95
0484 - 0.79 | 0.80
0485 - 0.73 | 0.75
0486 - 0.92 | 0.95
0487 - 0.99 | 0.96
0488 - 0.79 | 0.83
0489 - 0.92 | 0.94
0490 - 0.74 | 0.80
0491 - 0.75 | 0.76
0492 - 0.92 | 0.93
0493 - 0.79 | 0.81
0494 - 0.71 | 0.76
0495 - 0.67 | 0.69
0496 - 0.81 | 0.80
0497 - 0.64 | 0.71
0498 - 0.83 | 0.86
0499 - 0.95 | 0.96
0500 - 0.80 | 0.81
0501 - 0.97 | 1.00
0502 - 0.86 | 0.92
0503 - 0.86 | 0.86
0504 - 0.83 | 0.84
0505 - 0.78 | 0.77
0506 - 0.94 | 0.95
0507 - 0.83 | 0.84
0508 - 0.57 | 0.58
0509 - 0.77 | 0.81
0510 - 0.82 | 0.88
0511 - 0.97 | 1.00
0512 - 0.83 | 0.82
0513 - 0.91 | 0.91
0514 - 0.62 | 0.62
0515 - 0.86 | 0.87
0516 - 0.89 | 0.92
0517 - 0.88 | 0.91
0518 - 0.97 | 0.99
0519 - 0.96 | 0.96
0520 - 0.93 | 0.96
0521 - 0.74 | 0.74
0522 - 0.78 | 0.80
0523 - 0.96 | 0.96
0524 - 0.88 | 0.90
0525 - 0.92 | 1.00
0526 - 0.80 | 0.81
0527 - 0.87 | 0.88
0528 - 0.91 | 1.00
0529 - 0.92 | 0.93
0530 - 0.90 | 1.00
0531 - 0.96 | 0.97
0532 - 0.92 | 0.96
0533 - 0.89 | 0.89
0534 - 0.95 | 0.96
0535 - 0.95 | 0.97
0536 - 0.76 | 0.74
0537 - 0.80 | 0.83
0538 - 0.55 | 0.56
0539 - 0.91 | 0.92
0540 - 0.91 | 0.97
0541 - 0.75 | 0.75
0542 - 1.00 | 1.00
0543 - 0.85 | 0.85
0544 - 0.86 | 0.87
0545 - 0.87 | 0.88
0546 - 0.82 | 0.86
0547 - 0.94 | 0.96
0548 - 0.89 | 0.84
0549 - 0.70 | 0.75
0550 - 0.91 | 0.95
0551 - 0.91 | 1.00
0552 - 0.87 | 0.89
0553 - 0.58 | 0.69
0554 - 0.89 | 1.00
0555 - 0.78 | 0.84
0556 - 0.76 | 0.77
0557 - 0.98 | 1.00
0558 - 0.81 | 0.84
0559 - 0.79 | 0.80
0560 - 0.94 | 1.00
0561 - 0.90 | 0.95
0562 - 0.98 | 1.00
0563 - 0.84 | 0.85
0564 - 0.84 | 0.89
0565 - 0.43 | 0.52
0566 - 0.95 | 0.96
0567 - 0.87 | 0.87
0568 - 0.77 | 0.76
0569 - 0.83 | 0.85
0570 - 0.59 | 0.57
0571 - 0.87 | 0.88
0572 - 0.81 | 0.92
0573 - 0.97 | 0.99
0574 - 0.48 | 0.57
0575 - 0.99 | 1.00
0576 - 0.82 | 0.86
0577 - 0.82 | 0.92
0578 - 0.92 | 0.94
0579 - 0.96 | 0.97
0580 - 0.97 | 1.00
0581 - 0.80 | 0.81
0582 - 0.91 | 0.94
0583 - 0.81 | 0.85
0584 - 0.54 | 0.57
0585 - 0.80 | 0.81
0586 - 0.66 | 0.69
0587 - 0.78 | 0.81
0588 - 0.97 | 0.98
0589 - 0.86 | 0.82
0590 - 0.80 | 0.81
0591 - 0.84 | 0.86
0592 - 0.88 | 0.96
0593 - 0.85 | 0.88
0594 - 0.72 | 0.73
0595 - 0.62 | 0.62
0596 - 0.90 | 0.93
0597 - 0.64 | 0.74
0598 - 0.81 | 0.89
0599 - 0.74 | 0.76
0600 - 0.93 | 0.86
0601 - 0.88 | 0.94
0602 - 0.87 | 0.84
0603 - 0.71 | 0.72
0604 - 0.99 | 1.00
0605 - 0.93 | 0.93
0606 - 0.79 | 0.82
0607 - 0.87 | 0.85
0608 - 0.74 | 0.74
0609 - 0.87 | 0.88
0610 - 0.93 | 0.95
0611 - 0.93 | 0.96
0612 - 0.83 | 0.96
0613 - 0.60 | 0.88
0614 - 0.93 | 0.94
0615 - 0.81 | 0.81
0616 - 0.57 | 0.57
0617 - 0.97 | 0.98
0618 - 0.92 | 0.92
0619 - 0.95 | 0.97
0620 - 0.80 | 0.81
0621 - 0.80 | 0.79
0622 - 0.92 | 0.94
0623 - 0.79 | 0.84
0624 - 0.70 | 0.72
0625 - 0.95 | 0.99
0626 - 0.89 | 0.90
0627 - 0.91 | 0.94
0628 - 0.62 | 0.62
0629 - 0.77 | 0.75
0630 - 0.86 | 0.88
0631 - 0.82 | 0.83
0632 - 0.95 | 1.00
0633 - 0.78 | 0.78
0634 - 0.93 | 0.95
0635 - 0.74 | 0.76
0636 - 0.67 | 0.66
0637 - 0.71 | 0.71
0638 - 0.68 | 0.74
0639 - 0.97 | 1.00
0640 - 0.64 | 0.59
0641 - 0.86 | 0.88
0642 - 0.84 | 0.86
0643 - 0.78 | 0.84
0644 - 0.75 | 0.97
0645 - 0.85 | 0.87
0646 - 0.97 | 1.00
0647 - 0.60 | 0.60
0648 - 0.91 | 0.97
0649 - 0.96 | 0.97
0650 - 0.59 | 0.60
0651 - 0.17 | 0.16
0652 - 0.82 | 0.85
0653 - 0.94 | 0.98
0654 - 0.76 | 0.75
0655 - 0.97 | 1.00
0656 - 0.66 | 0.78
0657 - 0.83 | 0.83
0658 - 0.89 | 0.98
0659 - 0.83 | 0.85
0660 - 0.70 | 0.69
0661 - 0.87 | 0.92
0662 - 0.99 | 1.00
0663 - 0.82 | 0.81
0664 - 0.43 | 0.51
0665 - 0.93 | 0.99
0666 - 0.83 | 0.84
0667 - 0.99 | 1.00
0668 - 0.89 | 0.92
0669 - 0.85 | 0.88
0670 - 0.16 | 0.16
0671 - 0.78 | 0.85
0672 - 0.85 | 0.90
0673 - 0.90 | 0.93
0674 - 0.99 | 1.00
0675 - 0.94 | 0.95
0676 - 0.95 | 1.00
0677 - 0.92 | 0.93
0678 - 0.97 | 0.98
0679 - 0.78 | 0.80
0680 - 0.85 | 0.88
0681 - 0.94 | 0.95
0682 - 0.82 | 0.79
0683 - 0.97 | 0.98
0684 - 0.83 | 0.88
0685 - 0.67 | 0.66
0686 - 0.85 | 0.86
0687 - 0.75 | 0.76
0688 - 0.88 | 0.90
0689 - 0.95 | 0.99
0690 - 0.64 | 0.64
0691 - 0.87 | 0.87
0692 - 0.83 | 0.91
0693 - 0.83 | 0.84
0694 - 0.91 | 0.93
0695 - 0.87 | 0.84
0696 - 0.87 | 0.87
0697 - 0.92 | 0.94
0698 - 0.79 | 0.81
0699 - 0.87 | 0.88
0700 - 0.98 | 1.00
0701 - 0.39 | 0.40
0702 - 0.89 | 0.92
0703 - 0.96 | 0.97
0704 - 0.55 | 0.52
0705 - 0.93 | 0.96
0706 - 0.79 | 0.79
0707 - 0.98 | 0.99
0708 - 0.98 | 0.99
0709 - 0.81 | 0.83
0710 - 0.94 | 1.00
0711 - 0.89 | 0.90
0712 - 0.74 | 0.73
0713 - 0.91 | 0.96
0714 - 0.89 | 0.90
0715 - 0.88 | 0.94
0716 - 0.69 | 0.68
0717 - 0.90 | 0.93
0718 - 0.98 | 1.00
0719 - 0.95 | 0.97
0720 - 0.65 | 0.69
0721 - 0.92 | 0.91
0722 - 0.90 | 0.92
0723 - 0.84 | 0.86
0724 - 0.74 | 0.77
0725 - 0.73 | 0.72
0726 - 0.97 | 0.99
0727 - 0.41 | 0.50
0728 - 0.91 | 0.94
0729 - 0.76 | 0.78
0730 - 0.68 | 0.67
0731 - 0.85 | 0.90
0732 - 0.89 | 0.92
0733 - 0.82 | 0.84
0734 - 0.98 | 0.99
0735 - 0.91 | 0.94
0736 - 0.89 | 0.89
0737 - 0.85 | 0.86
0738 - 0.81 | 0.82
0739 - 0.57 | 0.68
0740 - 0.55 | 0.54
0741 - 0.95 | 0.94
0742 - 0.86 | 0.91
0743 - 0.76 | 0.79
0744 - 0.89 | 0.91
0745 - 0.93 | 0.94
0746 - 0.89 | 0.90
0747 - 0.96 | 0.97
0748 - 0.96 | 0.96
0749 - 0.89 | 0.92
0750 - 0.74 | 0.72
0751 - 0.93 | 0.96
0752 - 0.75 | 0.77
0753 - 0.78 | 0.84
0754 - 0.93 | 0.94
0755 - 0.91 | 0.94
0756 - 0.86 | 0.86
0757 - 0.83 | 0.86
0758 - 0.67 | 0.70
0759 - 0.89 | 0.90
0760 - 0.88 | 0.92
0761 - 0.96 | 0.96
0762 - 0.95 | 0.95
0763 - 0.72 | 0.72
0764 - 0.76 | 0.76
0765 - 0.85 | 0.93
0766 - 0.98 | 1.00
0767 - 0.97 | 1.00
0768 - 0.84 | 0.85
0769 - 0.92 | 0.88
0770 - 0.90 | 0.91
0771 - 0.94 | 0.95
0772 - 0.95 | 0.96
0773 - 0.96 | 0.98
0774 - 0.97 | 0.99
0775 - 0.87 | 0.90
0776 - 0.61 | 0.69
0777 - 0.93 | 0.94
0778 - 0.87 | 0.88
0779 - 0.56 | 0.63
0780 - 0.89 | 0.90
0781 - 0.84 | 0.88
0782 - 0.90 | 0.93
0783 - 0.59 | 0.59
0784 - 0.55 | 0.55
0785 - 0.79 | 0.88
0786 - 0.76 | 0.83
0787 - 0.59 | 0.67
0788 - 0.90 | 1.00
0789 - 0.97 | 1.00
0790 - 0.97 | 1.00
0791 - 0.94 | 0.96
0792 - 0.74 | 0.74
0793 - 0.77 | 1.00
0794 - 0.84 | 0.87
0795 - 0.76 | 0.76
0796 - 0.83 | 0.84
0797 - 0.87 | 0.88
0798 - 0.62 | 0.63
0799 - 0.92 | 0.97
0800 - 0.89 | 0.99
0801 - 0.92 | 0.96
0802 - 0.82 | 0.95
0803 - 0.85 | 0.90
0804 - 0.91 | 0.93
0805 - 0.58 | 0.59
0806 - 0.94 | 0.95
0807 - 0.84 | 0.84
0808 - 0.72 | 0.79
0809 - 0.82 | 0.83
0810 - 0.93 | 0.95
0811 - 0.86 | 0.86
0812 - 0.95 | 0.98
0813 - 0.82 | 0.82
0814 - 0.99 | 1.00
0815 - 0.82 | 0.84
0816 - 0.82 | 0.90
0817 - 0.67 | 0.83
0818 - 0.86 | 0.85
0819 - 0.72 | 0.78
0820 - 0.79 | 0.83
0821 - 0.74 | 0.79
0822 - 0.63 | 0.71
0823 - 0.83 | 0.85
0824 - 0.94 | 0.99
0825 - 0.55 | 0.56
0826 - 0.30 | 0.29
0827 - 0.97 | 0.98
0828 - 0.90 | 0.91
0829 - 0.82 | 0.82
0830 - 0.49 | 0.49
0831 - 0.92 | 0.95
0832 - 0.80 | 0.76
0833 - 0.83 | 0.85
0834 - 0.86 | 0.86
0835 - 0.92 | 0.93
0836 - 0.87 | 0.88
0837 - 0.94 | 0.94
0838 - 0.81 | 0.82
0839 - 0.81 | 0.81
0840 - 0.33 | 0.36
0841 - 0.88 | 0.90
0842 - 0.87 | 0.90
0843 - 0.72 | 0.72
0844 - 0.63 | 0.69
0845 - 0.94 | 0.97
0846 - 0.86 | 0.91
0847 - 0.97 | 1.00
0848 - 0.89 | 0.95
0849 - 0.84 | 0.89
0850 - 0.96 | 0.98
0851 - 0.87 | 0.99
0852 - 0.84 | 0.85
0853 - 0.61 | 0.65
0854 - 0.72 | 0.95
0855 - 0.65 | 0.66
0856 - 0.89 | 0.88
0857 - 0.93 | 0.95
0858 - 0.88 | 0.90
0859 - 0.90 | 0.93
0860 - 0.88 | 0.90
0861 - 0.83 | 0.88
0862 - 0.65 | 0.80
0863 - 0.79 | 0.80
0864 - 0.82 | 0.82
0865 - 0.76 | 0.77
0866 - 0.93 | 0.95
0867 - 0.91 | 0.94
0868 - 0.88 | 0.92
0869 - 0.91 | 0.91
0870 - 0.86 | 0.87
0871 - 1.00 | 0.98
0872 - 0.97 | 0.97
0873 - 0.70 | 0.69
0874 - 0.93 | 0.94
0875 - 0.85 | 0.85
0876 - 0.91 | 0.94
0877 - 0.88 | 0.92
0878 - 0.56 | 0.60
0879 - 0.91 | 0.92
0880 - 0.98 | 0.99
0881 - 0.45 | 0.42
0882 - 0.99 | 1.00
0883 - 0.89 | 0.90
0884 - 0.85 | 0.85
0885 - 0.78 | 0.81
0886 - 0.87 | 0.87
0887 - 0.85 | 0.88
0888 - 0.69 | 0.67
0889 - 0.86 | 0.88
0890 - 0.91 | 0.91
0891 - 0.78 | 0.81
0892 - 0.89 | 0.90
0893 - 0.86 | 0.88
0894 - 0.69 | 0.68
0895 - 0.98 | 0.97
0896 - 0.92 | 0.94
0897 - 0.89 | 0.89
0898 - 0.45 | 0.43
0899 - 0.92 | 0.93
0900 - 0.89 | 0.91
0901 - 0.71 | 0.72
0902 - 0.90 | 0.94
0903 - 0.82 | 0.83
0904 - 0.84 | 0.83
0905 - 0.89 | 0.94
0906 - 0.98 | 1.00
0907 - 0.98 | 1.00
0908 - 0.92 | 0.81
0909 - 0.89 | 0.90
0910 - 0.86 | 0.94
0911 - 0.81 | 0.82
0912 - 0.94 | 1.00
0913 - 0.79 | 0.80
0914 - 0.91 | 0.91
0915 - 0.77 | 0.82
0916 - 0.98 | 0.99
0917 - 0.83 | 0.96
0918 - 0.79 | 0.80
0919 - 0.97 | 0.99
0920 - 0.65 | 0.87
0921 - 0.86 | 0.96
0922 - 0.93 | 0.95
0923 - 0.93 | 0.95
0924 - 0.97 | 1.00
0925 - 0.93 | 0.94
0926 - 0.95 | 0.99
0927 - 0.71 | 0.75
0928 - 0.78 | 1.00
0929 - 0.70 | 0.87
0930 - 0.85 | 0.87
0931 - 0.87 | 0.87
0932 - 0.96 | 0.98
0933 - 0.86 | 0.94
0934 - 0.78 | 0.72
0935 - 0.76 | 0.78
0936 - 0.77 | 0.79
0937 - 0.98 | 1.00
0938 - 0.84 | 0.88
0939 - 0.61 | 0.62
0940 - 0.82 | 0.83
0941 - 0.89 | 0.97
0942 - 0.67 | 0.70
0943 - 0.87 | 0.88
0944 - 0.87 | 0.89
0945 - 0.78 | 0.79
0946 - 0.65 | 0.74
0947 - 0.90 | 0.91
0948 - 0.89 | 0.91
0949 - 0.93 | 0.96
0950 - 0.81 | 0.92
0951 - 0.95 | 0.95
0952 - 0.77 | 0.77
0953 - 0.86 | 0.90
0954 - 0.88 | 0.87
0955 - 0.93 | 0.94
0956 - 0.66 | 0.65
0957 - 0.73 | 0.72
0958 - 0.92 | 0.95
0959 - 0.70 | 0.71
0960 - 0.73 | 0.75
0961 - 0.98 | 1.00
0962 - 0.88 | 0.90
0963 - 0.78 | 0.83
0964 - 0.89 | 0.90
0965 - 0.88 | 0.88
0966 - 0.95 | 0.92
0967 - 0.85 | 0.86
0968 - 0.87 | 0.90
0969 - 0.83 | 0.83
0970 - 0.86 | 0.92
0971 - 0.69 | 0.69
0972 - 0.96 | 0.95
0973 - 0.70 | 0.75
0974 - 0.88 | 0.89
0975 - 0.77 | 0.77
0976 - 0.63 | 0.69
0977 - 0.91 | 0.99
0978 - 0.83 | 0.87
0979 - 0.97 | 1.00
0980 - 0.86 | 0.88
0981 - 0.88 | 0.93
0982 - 0.78 | 0.86
0983 - 0.96 | 1.00
0984 - 0.60 | 0.59
0985 - 0.85 | 0.87
0986 - 0.90 | 0.93
0987 - 0.97 | 0.98
0988 - 0.95 | 0.96
0989 - 0.75 | 0.77
0990 - 0.70 | 0.69
0991 - 0.68 | 0.80
0992 - 0.93 | 0.92
0993 - 0.69 | 0.69
0994 - 0.79 | 0.79
0995 - 0.95 | 0.97
0996 - 0.82 | 0.82
0997 - 0.98 | 1.00
0998 - 0.95 | 0.96
0999 - 0.77 | 0.87
1000 - 0.95 | 0.99
==================
