==============================================
BLEU GOLD:                               79.56
BLEU IN:                                 88.84
SIM GOLD:                               0.9415
SIM IN:                                 0.9763
==============================================
       BLEU GOLD | BLEU IN | SIM GOLD | SIM IN
0001 -     71.26 |   96.44 |     0.95 |   1.00
0002 -     92.47 |   99.74 |     0.95 |   0.97
0003 -     26.24 |   81.07 |     0.96 |   0.97
0004 -      0.00 |    0.00 |     0.87 |   0.93
0005 -     24.93 |  100.00 |     0.97 |   1.00
0006 -     94.51 |  100.00 |     1.00 |   1.00
0007 -     41.15 |   58.54 |     0.75 |   0.78
0008 -     31.46 |   75.78 |     0.92 |   0.97
0009 -     43.81 |  100.00 |     0.98 |   1.00
0010 -      0.00 |    0.00 |     0.97 |   0.99
0011 -     40.21 |  100.00 |     0.95 |   1.00
0012 -     49.16 |   54.58 |     0.97 |   1.00
0013 -     33.91 |   35.17 |     0.98 |   1.00
0014 -     45.16 |  100.00 |     0.99 |   1.00
0015 -     74.93 |   52.16 |     0.94 |   0.98
0016 -     74.57 |   75.31 |     0.94 |   0.99
0017 -      0.00 |    0.00 |     0.93 |   0.99
0018 -      0.00 |    0.00 |     0.92 |   0.94
0019 -     35.42 |  100.00 |     0.99 |   1.00
0020 -     66.67 |   25.93 |     0.99 |   0.99
0021 -     20.81 |    0.00 |     0.99 |   1.00
0022 -     89.11 |   87.63 |     0.95 |   1.00
0023 -     14.37 |   16.86 |     0.97 |   0.99
0024 -     35.02 |  100.00 |     0.97 |   1.00
0025 -     46.98 |  100.00 |     0.88 |   1.00
0026 -      0.00 |    0.00 |     0.99 |   1.00
0027 -      0.00 |  100.00 |     0.89 |   1.00
0028 -     60.77 |  100.00 |     0.97 |   1.00
0029 -      8.67 |  100.00 |     0.96 |   1.00
0030 -     32.47 |    0.00 |     0.95 |   0.97
0031 -      0.00 |    0.00 |     0.98 |   0.98
0032 -     87.18 |  100.00 |     0.99 |   1.00
0033 -      0.00 |    0.00 |     0.88 |   0.90
0034 -     74.09 |   47.06 |     0.97 |   1.00
0035 -      0.00 |  100.00 |     0.98 |   1.00
0036 -      0.00 |  100.00 |     0.95 |   1.00
0037 -     12.34 |  100.00 |     0.92 |   1.00
0038 -     28.30 |  100.00 |     0.96 |   1.00
0039 -     62.96 |  100.00 |     0.98 |   1.00
0040 -     45.93 |  100.00 |     0.99 |   1.00
0041 -     42.27 |   42.36 |     0.98 |   0.99
0042 -     32.12 |  100.00 |     0.92 |   1.00
0043 -      0.00 |  100.00 |     1.00 |   1.00
0044 -      0.00 |    0.00 |     0.80 |   0.84
0045 -     94.06 |  100.00 |     0.97 |   1.00
0046 -      0.00 |    0.00 |     0.88 |   0.91
0047 -     67.97 |  100.00 |     0.58 |   1.00
0048 -      0.00 |    0.00 |     0.99 |   1.00
0049 -     57.56 |  100.00 |     0.98 |   1.00
0050 -     66.31 |   95.85 |     0.97 |   0.99
0051 -      0.00 |  100.00 |     0.90 |   1.00
0052 -     14.11 |  100.00 |     0.97 |   1.00
0053 -     39.62 |   46.42 |     0.95 |   0.96
0054 -      0.00 |    0.00 |     0.95 |   0.95
0055 -     88.87 |  100.00 |     0.96 |   1.00
0056 -     83.47 |  100.00 |     0.96 |   1.00
0057 -     28.77 |  100.00 |     0.96 |   1.00
0058 -     58.70 |   75.55 |     0.91 |   0.96
0059 -     69.65 |  100.00 |     0.98 |   1.00
0060 -      0.00 |    0.00 |     0.98 |   0.99
0061 -     90.52 |   94.42 |     0.97 |   0.98
0062 -     80.10 |   91.53 |     0.92 |   1.00
0063 -     37.94 |   37.50 |     0.89 |   0.99
0064 -     48.90 |   96.07 |     0.98 |   0.99
0065 -     61.15 |   89.92 |     0.95 |   0.99
0066 -     62.91 |   92.82 |     0.95 |   0.97
0067 -      0.00 |    0.00 |     0.97 |   0.98
0068 -      0.00 |    0.00 |     0.85 |   0.88
0069 -      0.00 |   96.24 |     0.96 |   1.00
0070 -      0.00 |    9.48 |     0.96 |   0.97
0071 -     17.15 |    6.40 |     0.91 |   0.94
0072 -     23.27 |  100.00 |     0.99 |   1.00
0073 -      0.00 |  100.00 |     0.92 |   1.00
0074 -     95.58 |  100.00 |     0.98 |   1.00
0075 -     91.11 |   99.63 |     0.96 |   1.00
0076 -     27.39 |  100.00 |     0.99 |   1.00
0077 -     86.26 |  100.00 |     0.97 |   1.00
0078 -     63.32 |    9.69 |     0.93 |   0.95
0079 -     27.71 |   96.90 |     0.95 |   0.97
0080 -     90.91 |  100.00 |     0.94 |   1.00
0081 -     34.43 |  100.00 |     0.98 |   1.00
0082 -     79.59 |   85.98 |     0.98 |   1.00
0083 -     57.07 |   90.46 |     0.92 |   1.00
0084 -     36.73 |  100.00 |     0.93 |   1.00
0085 -     15.33 |  100.00 |     0.98 |   1.00
0086 -     71.67 |  100.00 |     0.87 |   1.00
0087 -      0.00 |  100.00 |     0.97 |   1.00
0088 -     35.40 |   31.21 |     0.99 |   1.00
0089 -      0.00 |    0.00 |     0.95 |   1.00
0090 -     51.48 |   59.77 |     0.88 |   0.93
0091 -    100.00 |   72.15 |     1.00 |   0.92
0092 -     69.98 |  100.00 |     0.94 |   1.00
0093 -     92.91 |  100.00 |     0.93 |   1.00
0094 -     70.19 |  100.00 |     0.54 |   1.00
0095 -      0.00 |    0.00 |     0.91 |   0.93
0096 -      0.00 |    0.00 |     0.96 |   1.00
0097 -     81.85 |  100.00 |     0.98 |   1.00
0098 -     72.74 |  100.00 |     0.97 |   1.00
0099 -     96.21 |  100.00 |     0.98 |   1.00
0100 -      0.00 |    0.00 |     1.00 |   0.96
0101 -     51.49 |   85.13 |     0.87 |   0.89
0102 -     68.67 |   78.47 |     0.94 |   0.96
0103 -     85.04 |   38.94 |     0.95 |   1.00
0104 -     36.67 |  100.00 |     0.99 |   1.00
0105 -     37.17 |   94.03 |     0.96 |   0.98
0106 -     53.08 |  100.00 |     0.97 |   1.00
0107 -     50.78 |    0.00 |     0.95 |   0.96
0108 -     80.66 |   94.31 |     0.77 |   0.99
0109 -      0.00 |   99.76 |     0.95 |   0.96
0110 -     80.89 |  100.00 |     0.93 |   1.00
0111 -     70.71 |  100.00 |     0.96 |   1.00
0112 -      0.00 |    0.00 |     0.96 |   1.00
0113 -     27.25 |   95.51 |     0.98 |   0.99
0114 -     21.80 |  100.00 |     0.99 |   1.00
0115 -     47.65 |   54.87 |     0.85 |   0.88
0116 -     20.80 |   20.80 |     0.94 |   0.99
0117 -      0.00 |    0.00 |     0.91 |   0.90
0118 -     44.16 |   82.26 |     0.96 |   0.99
0119 -     94.09 |  100.00 |     0.96 |   1.00
0120 -     78.52 |  100.00 |     0.87 |   1.00
0121 -     49.13 |   78.26 |     0.92 |   0.95
0122 -     96.75 |  100.00 |     0.95 |   0.99
0123 -     56.89 |  100.00 |     0.96 |   1.00
0124 -     94.44 |  100.00 |     0.99 |   1.00
0125 -     89.18 |   95.90 |     0.99 |   1.00
0126 -     95.71 |  100.00 |     0.95 |   1.00
0127 -      0.00 |    0.00 |     0.93 |   0.97
0128 -     39.15 |  100.00 |     0.96 |   1.00
0129 -      5.10 |    5.16 |     0.95 |   0.96
0130 -     12.55 |   12.42 |     0.97 |   0.99
0131 -      0.00 |  100.00 |     0.97 |   1.00
0132 -     12.47 |    6.80 |     0.83 |   0.90
0133 -     48.94 |   47.34 |     0.96 |   1.00
0134 -      8.76 |   97.13 |     0.94 |   1.00
0135 -     45.42 |   99.75 |     0.96 |   0.98
0136 -      0.00 |    0.00 |     0.83 |   0.99
0137 -     27.43 |  100.00 |     0.99 |   1.00
0138 -     54.29 |   55.83 |     0.89 |   0.97
0139 -      0.00 |  100.00 |     0.97 |   1.00
0140 -     75.75 |  100.00 |     0.90 |   1.00
0141 -      5.95 |  100.00 |     0.99 |   1.00
0142 -     39.34 |    0.00 |     0.99 |   1.00
0143 -     35.10 |   88.73 |     0.97 |   0.99
0144 -     69.82 |  100.00 |     0.99 |   1.00
0145 -      0.00 |    0.00 |     0.77 |   0.81
0146 -     86.20 |  100.00 |     0.93 |   1.00
0147 -     81.01 |   99.75 |     0.96 |   0.96
0148 -      8.09 |  100.00 |     0.98 |   1.00
0149 -     93.53 |  100.00 |     0.97 |   1.00
0150 -     80.61 |   27.23 |     0.99 |   1.00
0151 -      0.00 |    0.00 |     0.97 |   0.99
0152 -      0.00 |    0.00 |     0.93 |   0.98
0153 -     90.29 |  100.00 |     0.90 |   1.00
0154 -     23.60 |   99.00 |     0.93 |   0.96
0155 -      0.00 |    0.00 |     0.82 |   0.80
0156 -     68.21 |  100.00 |     0.99 |   1.00
0157 -      0.00 |    0.00 |     0.94 |   1.00
0158 -     84.56 |  100.00 |     0.97 |   1.00
0159 -     45.18 |  100.00 |     0.98 |   1.00
0160 -     46.00 |  100.00 |     0.96 |   1.00
0161 -      0.00 |    0.00 |     0.95 |   1.00
0162 -     31.48 |   99.82 |     0.98 |   0.98
0163 -     58.75 |   59.04 |     0.97 |   0.99
0164 -     64.17 |   69.47 |     0.98 |   0.99
0165 -     73.21 |  100.00 |     0.98 |   1.00
0166 -     32.27 |   99.82 |     0.98 |   0.99
0167 -     46.68 |  100.00 |     0.90 |   1.00
0168 -     54.81 |  100.00 |     0.99 |   1.00
0169 -     92.84 |  100.00 |     0.97 |   1.00
0170 -     48.31 |   90.75 |     0.96 |   1.00
0171 -      0.00 |    0.00 |     0.89 |   0.96
0172 -     87.65 |  100.00 |     0.98 |   1.00
0173 -     92.76 |  100.00 |     0.98 |   1.00
0174 -     67.62 |  100.00 |     0.98 |   1.00
0175 -     41.08 |   43.88 |     0.95 |   0.98
0176 -     66.29 |  100.00 |     0.99 |   1.00
0177 -     79.46 |   79.46 |     0.96 |   0.99
0178 -     65.79 |  100.00 |     0.91 |   1.00
0179 -    100.00 |   81.03 |     1.00 |   0.91
0180 -     64.58 |   77.42 |     0.92 |   0.93
0181 -     37.43 |   42.81 |     0.92 |   0.96
0182 -      0.00 |    0.00 |     0.67 |   0.66
0183 -     47.50 |   28.13 |     0.97 |   1.00
0184 -     55.15 |  100.00 |     0.96 |   1.00
0185 -     73.09 |   31.48 |     0.97 |   1.00
0186 -      0.00 |    0.00 |     0.96 |   0.97
0187 -     19.78 |  100.00 |     0.94 |   1.00
0188 -     76.31 |  100.00 |     0.95 |   1.00
0189 -     44.68 |  100.00 |     0.84 |   1.00
0190 -      0.00 |   30.80 |     0.93 |   0.97
0191 -     23.01 |   62.91 |     0.96 |   0.95
0192 -      0.00 |    0.00 |     0.96 |   1.00
0193 -      0.00 |    0.00 |     0.94 |   1.00
0194 -      0.00 |    0.00 |     0.98 |   1.00
0195 -     66.95 |  100.00 |     0.99 |   1.00
0196 -      0.00 |   93.45 |     0.96 |   0.97
0197 -     26.35 |   23.99 |     0.93 |   1.00
0198 -     85.92 |  100.00 |     0.97 |   1.00
0199 -     90.79 |  100.00 |     0.93 |   1.00
0200 -      0.00 |    7.49 |     0.84 |   0.86
0201 -     14.34 |   34.10 |     0.97 |   0.99
0202 -     56.41 |  100.00 |     0.97 |   1.00
0203 -      0.00 |    0.00 |     0.93 |   0.96
0204 -     86.43 |   30.65 |     0.96 |   0.96
0205 -      0.00 |    0.00 |     0.90 |   0.86
0206 -     24.27 |   30.02 |     0.97 |   0.98
0207 -     91.79 |  100.00 |     0.98 |   1.00
0208 -    100.00 |   71.96 |     1.00 |   0.96
0209 -     91.65 |   97.15 |     0.81 |   0.84
0210 -     77.75 |   26.74 |     0.98 |   1.00
0211 -     24.74 |  100.00 |     0.97 |   1.00
0212 -     27.44 |   56.79 |     0.98 |   0.99
0213 -     39.49 |  100.00 |     0.98 |   1.00
0214 -      5.90 |   99.66 |     0.96 |   1.00
0215 -      0.00 |    0.00 |     0.89 |   0.96
0216 -     29.42 |   35.09 |     0.97 |   0.99
0217 -      0.00 |    0.00 |     0.50 |   0.77
0218 -     70.47 |   32.33 |     0.95 |   0.97
0219 -     35.36 |  100.00 |     0.97 |   1.00
0220 -     51.27 |   52.53 |     0.90 |   0.99
0221 -     81.95 |  100.00 |     0.89 |   1.00
0222 -      0.00 |   99.52 |     0.97 |   0.98
0223 -      0.00 |    0.00 |     0.93 |   1.00
0224 -     85.96 |   90.54 |     0.98 |   0.98
0225 -     44.04 |  100.00 |     0.98 |   1.00
0226 -     67.75 |  100.00 |     0.96 |   1.00
0227 -      5.54 |    0.00 |     0.94 |   0.99
0228 -     77.73 |   78.15 |     0.94 |   0.95
0229 -      0.00 |    0.00 |     0.84 |   0.87
0230 -     81.92 |  100.00 |     0.97 |   1.00
0231 -     90.95 |  100.00 |     0.99 |   1.00
0232 -      0.00 |    0.00 |     0.97 |   1.00
0233 -     50.89 |  100.00 |     0.95 |   1.00
0234 -     76.56 |    9.75 |     0.95 |   0.96
0235 -      0.00 |    0.00 |     0.90 |   0.97
0236 -      0.00 |  100.00 |     0.94 |   1.00
0237 -      0.00 |    0.00 |     0.96 |   0.99
0238 -     66.52 |  100.00 |     0.98 |   1.00
0239 -     53.72 |  100.00 |     0.97 |   1.00
0240 -     11.10 |   99.76 |     0.96 |   0.96
0241 -     41.35 |  100.00 |     0.98 |   1.00
0242 -     16.73 |   52.66 |     0.99 |   1.00
0243 -     80.34 |   70.79 |     0.92 |   0.95
0244 -      9.14 |   10.18 |     0.93 |   0.94
0245 -      0.00 |  100.00 |     0.98 |   1.00
0246 -     77.96 |  100.00 |     0.86 |   1.00
0247 -     96.88 |  100.00 |     0.99 |   1.00
0248 -     16.58 |   77.72 |     0.89 |   0.88
0249 -     72.91 |  100.00 |     0.89 |   1.00
0250 -      0.00 |   15.05 |     0.92 |   0.93
0251 -     64.86 |   93.79 |     0.93 |   0.99
0252 -      0.00 |    0.00 |     0.94 |   0.92
0253 -      0.00 |    0.00 |     0.96 |   0.99
0254 -     39.47 |  100.00 |     0.96 |   1.00
0255 -     13.58 |  100.00 |     0.95 |   1.00
0256 -      9.20 |  100.00 |     0.98 |   1.00
0257 -      0.00 |    0.00 |     0.73 |   0.72
0258 -     55.49 |  100.00 |     0.98 |   1.00
0259 -     86.47 |  100.00 |     0.94 |   1.00
0260 -     22.76 |   23.88 |     0.85 |   1.00
0261 -     88.48 |   99.75 |     0.80 |   0.94
0262 -      0.00 |    0.00 |     0.94 |   0.94
0263 -     55.07 |  100.00 |     0.84 |   1.00
0264 -     29.68 |  100.00 |     0.90 |   1.00
0265 -     86.33 |  100.00 |     0.94 |   1.00
0266 -     63.86 |  100.00 |     0.95 |   1.00
0267 -     14.36 |  100.00 |     0.98 |   1.00
0268 -     93.41 |  100.00 |     0.93 |   1.00
0269 -      0.00 |    0.00 |     0.98 |   0.99
0270 -     45.53 |  100.00 |     0.96 |   1.00
0271 -     17.72 |   98.90 |     0.95 |   0.98
0272 -     48.75 |  100.00 |     0.94 |   1.00
0273 -      8.24 |  100.00 |     0.94 |   1.00
0274 -     67.53 |   72.32 |     0.98 |   0.99
0275 -     92.54 |   99.28 |     0.97 |   0.97
0276 -     50.89 |   61.83 |     0.93 |   0.95
0277 -     64.58 |   67.09 |     0.97 |   0.99
0278 -     24.96 |  100.00 |     0.91 |   1.00
0279 -     20.27 |   19.85 |     0.87 |   0.87
0280 -     49.68 |   99.82 |     0.96 |   0.96
0281 -      0.00 |    0.00 |     0.94 |   0.96
0282 -     39.39 |   35.34 |     0.95 |   0.97
0283 -     49.02 |  100.00 |     0.98 |   1.00
0284 -     91.23 |  100.00 |     0.96 |   0.97
0285 -     66.62 |  100.00 |     0.97 |   1.00
0286 -     10.49 |    9.83 |     0.94 |   0.96
0287 -     34.19 |   34.33 |     0.95 |   0.98
0288 -      0.00 |    0.00 |     0.21 |   0.22
0289 -      0.00 |  100.00 |     0.97 |   1.00
0290 -     65.20 |   90.68 |     0.95 |   0.97
0291 -     45.67 |  100.00 |     0.87 |   1.00
0292 -      6.50 |    0.00 |     0.85 |   0.87
0293 -     36.97 |  100.00 |     0.96 |   1.00
0294 -      0.00 |    0.00 |     0.92 |   0.94
0295 -     11.37 |  100.00 |     0.72 |   0.85
0296 -     94.18 |   98.79 |     0.95 |   0.97
0297 -      0.00 |    0.00 |     0.94 |   0.97
0298 -      0.00 |   11.61 |     0.92 |   0.94
0299 -     21.48 |   99.37 |     0.96 |   0.98
0300 -     21.26 |   21.81 |     0.96 |   0.98
0301 -     85.02 |   98.38 |     0.91 |   0.99
0302 -     27.19 |  100.00 |     0.97 |   1.00
0303 -     48.25 |   48.25 |     0.95 |   1.00
0304 -      0.00 |   98.22 |     0.97 |   0.99
0305 -     80.71 |   99.78 |     0.96 |   0.97
0306 -     63.95 |    0.00 |     0.97 |   0.99
0307 -     24.26 |  100.00 |     0.93 |   1.00
0308 -     85.95 |    0.00 |     0.92 |   0.95
0309 -     32.54 |  100.00 |     0.98 |   1.00
0310 -     11.60 |  100.00 |     0.95 |   1.00
0311 -     65.27 |  100.00 |     0.99 |   1.00
0312 -      0.00 |    0.00 |     0.95 |   0.95
0313 -     59.06 |  100.00 |     0.91 |   1.00
0314 -     41.00 |  100.00 |     0.98 |   1.00
0315 -     84.36 |  100.00 |     0.97 |   1.00
0316 -     53.47 |  100.00 |     0.98 |   0.99
0317 -     60.73 |  100.00 |     1.00 |   1.00
0318 -     61.58 |  100.00 |     0.87 |   1.00
0319 -     61.47 |  100.00 |     0.98 |   1.00
0320 -      0.00 |   23.38 |     0.97 |   1.00
0321 -     50.45 |   35.97 |     0.87 |   0.89
0322 -     78.10 |   77.01 |     1.00 |   0.99
0323 -     35.89 |   24.09 |     0.94 |   0.95
0324 -      0.00 |  100.00 |     0.94 |   1.00
0325 -     83.38 |  100.00 |     0.86 |   1.00
0326 -     36.52 |   36.30 |     0.98 |   1.00
0327 -     92.82 |   99.81 |     0.97 |   0.99
0328 -     12.83 |  100.00 |     1.00 |   1.00
0329 -     20.37 |   20.66 |     0.95 |   0.99
0330 -    100.00 |   67.74 |     1.00 |   0.91
0331 -     14.26 |    5.92 |     0.89 |   0.90
0332 -     29.52 |  100.00 |     0.96 |   1.00
0333 -     39.41 |  100.00 |     0.95 |   1.00
0334 -     85.06 |  100.00 |     0.97 |   1.00
0335 -      0.00 |    0.00 |     0.79 |   0.83
0336 -     64.94 |  100.00 |     0.91 |   1.00
0337 -      0.00 |    0.00 |     0.94 |   0.95
0338 -      0.00 |  100.00 |     0.94 |   1.00
0339 -     22.36 |  100.00 |     0.97 |   1.00
0340 -     92.92 |  100.00 |     1.00 |   1.00
0341 -     13.42 |   13.42 |     0.99 |   1.00
0342 -      0.00 |    0.00 |     0.93 |   0.95
0343 -     66.68 |  100.00 |     0.99 |   1.00
0344 -     60.64 |  100.00 |     0.98 |   1.00
0345 -     54.07 |  100.00 |     0.98 |   1.00
0346 -     76.39 |   81.78 |     0.91 |   0.92
0347 -      0.00 |    0.00 |     0.89 |   0.90
0348 -     48.96 |  100.00 |     0.98 |   1.00
0349 -    100.00 |   64.75 |     1.00 |   0.98
0350 -     42.00 |  100.00 |     0.95 |   1.00
0351 -      0.00 |    0.00 |     0.96 |   0.98
0352 -     90.12 |  100.00 |     0.87 |   1.00
0353 -     65.42 |   65.21 |     0.97 |   0.98
0354 -     16.08 |   15.52 |     0.95 |   0.97
0355 -     85.55 |  100.00 |     0.99 |   1.00
0356 -     70.29 |   48.38 |     0.99 |   0.99
0357 -     75.49 |  100.00 |     0.98 |   1.00
0358 -     72.66 |  100.00 |     0.92 |   1.00
0359 -     93.51 |  100.00 |     0.98 |   1.00
0360 -     33.27 |   99.71 |     0.90 |   0.97
0361 -      0.00 |    0.00 |     0.97 |   0.97
0362 -     80.31 |  100.00 |     0.98 |   1.00
0363 -      5.92 |  100.00 |     0.97 |   1.00
0364 -     93.32 |  100.00 |     0.96 |   1.00
0365 -     96.33 |  100.00 |     0.99 |   1.00
0366 -     88.10 |  100.00 |     0.94 |   1.00
0367 -     26.32 |   27.04 |     0.96 |   0.99
0368 -     79.70 |   96.09 |     0.94 |   0.98
0369 -     66.27 |   99.76 |     0.93 |   0.94
0370 -      8.78 |  100.00 |     0.98 |   1.00
0371 -     11.81 |   99.75 |     0.99 |   1.00
0372 -      0.00 |    0.00 |     0.96 |   0.96
0373 -     95.60 |   99.82 |     0.94 |   0.97
0374 -     13.01 |   40.67 |     0.97 |   1.00
0375 -     91.09 |  100.00 |     0.91 |   1.00
0376 -     19.80 |   18.11 |     0.98 |   0.99
0377 -     82.53 |  100.00 |     0.96 |   1.00
0378 -      0.00 |  100.00 |     0.90 |   1.00
0379 -     77.94 |  100.00 |     0.98 |   1.00
0380 -      0.00 |    0.00 |     0.97 |   0.99
0381 -      0.00 |   92.57 |     0.88 |   0.89
0382 -    100.00 |   88.04 |     1.00 |   0.93
0383 -     90.69 |  100.00 |     0.95 |   1.00
0384 -     12.88 |   44.53 |     0.97 |   0.99
0385 -      0.00 |   95.32 |     0.98 |   1.00
0386 -     67.20 |  100.00 |     0.99 |   1.00
0387 -     38.84 |   98.94 |     0.96 |   0.97
0388 -     75.04 |    0.00 |     0.98 |   1.00
0389 -     92.29 |  100.00 |     0.95 |   1.00
0390 -     13.37 |  100.00 |     0.98 |   1.00
0391 -     78.26 |  100.00 |     0.82 |   1.00
0392 -     63.17 |  100.00 |     0.98 |   1.00
0393 -     39.53 |  100.00 |     0.96 |   1.00
0394 -     31.50 |  100.00 |     0.97 |   1.00
0395 -     88.03 |  100.00 |     1.00 |   1.00
0396 -     89.02 |  100.00 |     0.99 |   1.00
0397 -     92.36 |  100.00 |     0.97 |   1.00
0398 -     23.84 |   23.56 |     0.97 |   0.99
0399 -     81.78 |  100.00 |     0.96 |   1.00
0400 -     38.24 |   38.06 |     0.95 |   0.97
0401 -      8.25 |    8.25 |     0.94 |   0.96
0402 -     32.68 |   99.86 |     0.96 |   0.98
0403 -     26.67 |  100.00 |     0.97 |   1.00
0404 -     44.78 |   99.79 |     0.97 |   0.98
0405 -     67.03 |  100.00 |     0.97 |   1.00
0406 -     22.53 |   96.92 |     0.93 |   0.96
0407 -     80.81 |   98.46 |     0.96 |   1.00
0408 -     96.23 |  100.00 |     0.99 |   1.00
0409 -      0.00 |    0.00 |     0.97 |   0.98
0410 -     92.57 |  100.00 |     0.97 |   1.00
0411 -      0.00 |    0.00 |     0.97 |   1.00
0412 -      8.95 |    9.75 |     0.93 |   0.96
0413 -     27.57 |   27.44 |     0.98 |   1.00
0414 -     42.06 |   99.39 |     0.97 |   1.00
0415 -     25.78 |  100.00 |     0.97 |   1.00
0416 -     83.06 |  100.00 |     0.97 |   1.00
0417 -     93.30 |  100.00 |     0.96 |   1.00
0418 -     91.89 |   99.83 |     0.95 |   0.97
0419 -     56.30 |  100.00 |     0.99 |   1.00
0420 -     21.47 |   95.63 |     0.92 |   0.99
0421 -     34.39 |   66.30 |     0.97 |   1.00
0422 -     24.36 |  100.00 |     0.99 |   1.00
0423 -      0.00 |    0.00 |     0.96 |   0.99
0424 -     76.98 |  100.00 |     0.97 |   1.00
0425 -      0.00 |    0.00 |     0.97 |   0.97
0426 -     93.95 |  100.00 |     0.93 |   1.00
0427 -      5.11 |  100.00 |     0.98 |   1.00
0428 -     62.26 |   90.87 |     0.98 |   0.99
0429 -     56.77 |   85.47 |     0.95 |   0.99
0430 -     88.01 |  100.00 |     0.94 |   1.00
0431 -      7.14 |    7.15 |     0.97 |   1.00
0432 -     62.67 |   62.80 |     0.95 |   0.96
0433 -     93.83 |   98.57 |     0.98 |   0.99
0434 -     68.97 |  100.00 |     0.95 |   1.00
0435 -     34.42 |   99.80 |     0.96 |   0.98
0436 -      8.83 |  100.00 |     0.98 |   1.00
0437 -      4.95 |  100.00 |     0.98 |   1.00
0438 -     49.70 |  100.00 |     0.97 |   1.00
0439 -      0.00 |    0.00 |     0.92 |   0.93
0440 -      4.24 |    4.26 |     0.99 |   1.00
0441 -     92.57 |  100.00 |     1.00 |   1.00
0442 -     41.51 |  100.00 |     0.98 |   1.00
0443 -     47.40 |  100.00 |     0.92 |   1.00
0444 -     46.96 |    0.00 |     0.99 |   1.00
0445 -     61.28 |  100.00 |     0.91 |   1.00
0446 -     19.18 |  100.00 |     0.99 |   1.00
0447 -     44.39 |  100.00 |     0.90 |   1.00
0448 -     89.54 |   92.72 |     0.98 |   0.99
0449 -     64.63 |  100.00 |     0.96 |   1.00
0450 -     58.74 |   65.63 |     1.00 |   1.00
0451 -      8.97 |   16.37 |     0.95 |   0.96
0452 -     94.94 |   84.87 |     0.98 |   0.99
0453 -      0.00 |    0.00 |     0.92 |   0.93
0454 -     51.51 |   48.05 |     0.97 |   0.99
0455 -      0.00 |    0.00 |     0.88 |   0.89
0456 -      7.68 |  100.00 |     0.99 |   1.00
0457 -     88.27 |  100.00 |     0.94 |   1.00
0458 -     62.53 |   43.99 |     1.00 |   1.00
0459 -     31.97 |  100.00 |     0.92 |   1.00
0460 -     69.53 |    0.00 |     0.95 |   0.95
0461 -      0.00 |    0.00 |     0.92 |   0.97
0462 -     68.83 |  100.00 |     0.97 |   1.00
0463 -     19.41 |  100.00 |     0.95 |   1.00
0464 -      0.00 |   94.02 |     0.91 |   0.95
0465 -     88.79 |  100.00 |     0.97 |   1.00
0466 -     87.31 |  100.00 |     0.91 |   1.00
0467 -     90.47 |  100.00 |     0.99 |   1.00
0468 -     64.99 |   88.72 |     0.80 |   0.94
0469 -     82.27 |  100.00 |     0.89 |   1.00
0470 -      0.00 |   50.24 |     0.93 |   0.99
0471 -     18.99 |  100.00 |     0.98 |   1.00
0472 -     47.58 |   59.38 |     0.93 |   0.95
0473 -     16.25 |  100.00 |     0.94 |   1.00
0474 -     37.58 |  100.00 |     0.94 |   1.00
0475 -     34.72 |  100.00 |     0.98 |   1.00
0476 -     27.45 |   80.92 |     0.92 |   0.97
0477 -      0.00 |    0.00 |     0.99 |   1.00
0478 -      0.00 |    0.00 |     0.93 |   0.94
0479 -     24.60 |    8.59 |     0.96 |   1.00
0480 -     58.46 |   96.17 |     0.91 |   0.99
0481 -     33.65 |  100.00 |     0.98 |   1.00
0482 -      0.00 |    0.00 |     0.91 |   0.99
0483 -     37.47 |   72.21 |     0.98 |   1.00
0484 -      0.00 |    0.00 |     0.95 |   0.96
0485 -     92.64 |  100.00 |     0.90 |   1.00
0486 -      0.00 |    0.00 |     0.93 |   0.95
0487 -     25.24 |   32.14 |     0.96 |   0.97
0488 -      0.00 |  100.00 |     0.97 |   1.00
0489 -     79.88 |   89.98 |     0.96 |   0.99
0490 -      0.00 |    0.00 |     0.91 |   0.94
0491 -     37.64 |   65.82 |     0.98 |   1.00
0492 -      0.00 |  100.00 |     0.99 |   1.00
0493 -      0.00 |    0.00 |     0.93 |   0.94
0494 -     51.73 |  100.00 |     0.97 |   1.00
0495 -     89.16 |  100.00 |     0.99 |   1.00
0496 -     37.30 |   99.62 |     0.89 |   0.96
0497 -     91.84 |   94.44 |     0.97 |   0.99
0498 -      0.00 |    0.00 |     0.91 |   0.99
0499 -     25.31 |   24.63 |     0.97 |   1.00
0500 -     57.68 |   55.27 |     0.98 |   0.99
0501 -      0.00 |  100.00 |     0.99 |   1.00
0502 -     19.82 |   20.10 |     0.92 |   0.96
0503 -     86.30 |   96.15 |     0.85 |   0.93
0504 -     86.92 |   61.42 |     0.95 |   0.90
0505 -     45.61 |   39.85 |     0.90 |   0.87
0506 -     86.37 |  100.00 |     0.98 |   1.00
0507 -     11.13 |   92.38 |     0.99 |   1.00
0508 -      0.00 |    0.00 |     0.97 |   1.00
0509 -      0.00 |    6.74 |     0.81 |   0.79
0510 -     12.46 |  100.00 |     0.98 |   1.00
0511 -      0.00 |    0.00 |     0.90 |   0.91
0512 -     92.38 |  100.00 |     0.95 |   1.00
0513 -     75.73 |  100.00 |     0.88 |   1.00
0514 -      0.00 |    0.00 |     0.64 |   0.88
0515 -     56.73 |   56.60 |     0.98 |   1.00
0516 -     78.60 |  100.00 |     0.99 |   1.00
0517 -     96.83 |  100.00 |     0.98 |   1.00
0518 -     47.38 |  100.00 |     0.98 |   1.00
0519 -     53.53 |  100.00 |     0.92 |   1.00
0520 -      0.00 |   15.66 |     0.97 |   0.99
0521 -     30.68 |   98.88 |     0.96 |   1.00
0522 -     64.84 |   60.05 |     0.98 |   0.98
0523 -      0.00 |    0.00 |     0.93 |   0.99
0524 -      0.00 |    0.00 |     0.86 |   0.88
0525 -     15.06 |  100.00 |     0.98 |   1.00
0526 -     21.64 |  100.00 |     0.95 |   1.00
0527 -     83.53 |   83.76 |     0.89 |   0.89
0528 -     94.55 |   98.33 |     0.94 |   0.97
0529 -      8.72 |    0.00 |     0.85 |   0.87
0530 -      0.00 |    0.00 |     0.97 |   0.99
0531 -      0.00 |    0.00 |     0.81 |   0.88
0532 -      0.00 |  100.00 |     0.97 |   1.00
0533 -     78.35 |   81.65 |     0.99 |   0.93
0534 -     10.23 |   10.23 |     0.98 |   0.97
0535 -      0.00 |    0.00 |     0.98 |   0.99
0536 -     73.35 |  100.00 |     0.95 |   1.00
0537 -     46.47 |  100.00 |     0.79 |   1.00
0538 -      5.75 |    0.00 |     0.92 |   0.95
0539 -      0.00 |    0.00 |     0.97 |   1.00
0540 -      0.00 |    0.00 |     0.82 |   0.81
0541 -      0.00 |    0.00 |     0.60 |   0.67
0542 -     40.30 |  100.00 |     0.99 |   1.00
0543 -     17.27 |  100.00 |     0.95 |   1.00
0544 -      0.00 |    0.00 |     0.85 |   0.89
0545 -     62.98 |  100.00 |     0.95 |   0.98
0546 -     92.80 |  100.00 |     0.97 |   1.00
0547 -     44.79 |  100.00 |     0.94 |   1.00
0548 -    100.00 |   74.56 |     1.00 |   0.97
0549 -     86.98 |  100.00 |     0.96 |   1.00
0550 -      0.00 |    0.00 |     0.83 |   0.82
0551 -     25.93 |  100.00 |     0.90 |   1.00
0552 -      4.93 |    6.26 |     0.82 |   0.86
0553 -     43.53 |  100.00 |     0.95 |   1.00
0554 -     56.11 |  100.00 |     0.99 |   1.00
0555 -     36.47 |   36.47 |     0.97 |   1.00
0556 -     35.96 |    0.00 |     1.00 |   0.96
0557 -     46.06 |   45.47 |     0.93 |   0.99
0558 -     98.52 |  100.00 |     0.99 |   1.00
0559 -     38.81 |   34.52 |     0.98 |   1.00
0560 -      0.00 |    0.00 |     0.94 |   0.99
0561 -     93.22 |  100.00 |     0.98 |   1.00
0562 -     72.28 |  100.00 |     0.82 |   0.90
0563 -     43.19 |  100.00 |     0.96 |   1.00
0564 -     88.64 |   36.12 |     0.95 |   0.98
0565 -     84.16 |  100.00 |     0.99 |   1.00
0566 -    100.00 |   88.01 |     1.00 |   0.99
0567 -     41.81 |  100.00 |     0.95 |   1.00
0568 -     12.17 |  100.00 |     0.99 |   1.00
0569 -     21.35 |   98.39 |     0.99 |   1.00
0570 -     97.29 |  100.00 |     0.98 |   1.00
0571 -     40.67 |  100.00 |     0.99 |   1.00
0572 -     64.26 |  100.00 |     0.97 |   1.00
0573 -      5.65 |   19.83 |     0.96 |   0.96
0574 -      0.00 |    0.00 |     0.71 |   0.78
0575 -     23.20 |   23.55 |     0.95 |   0.96
0576 -      0.00 |    0.00 |     0.97 |   1.00
0577 -     10.81 |   88.75 |     0.93 |   0.96
0578 -     15.09 |  100.00 |     0.99 |   1.00
0579 -     48.21 |   48.01 |     0.98 |   1.00
0580 -     50.43 |   58.70 |     0.88 |   0.95
0581 -      0.00 |    0.00 |     0.94 |   0.94
0582 -     37.20 |   47.25 |     0.98 |   1.00
0583 -     34.29 |  100.00 |     0.96 |   1.00
0584 -     12.40 |  100.00 |     0.98 |   1.00
0585 -     53.55 |   84.24 |     0.96 |   0.98
0586 -     53.53 |  100.00 |     0.98 |   1.00
0587 -     60.60 |  100.00 |     0.97 |   1.00
0588 -     21.87 |  100.00 |     0.98 |   1.00
0589 -      0.00 |  100.00 |     0.88 |   1.00
0590 -      0.00 |    0.00 |     0.97 |   0.99
0591 -     31.74 |  100.00 |     0.99 |   1.00
0592 -     90.20 |   96.42 |     0.98 |   0.99
0593 -     13.30 |  100.00 |     0.94 |   1.00
0594 -      0.00 |    0.00 |     0.98 |   0.99
0595 -      0.00 |    0.00 |     0.91 |   0.96
0596 -     20.39 |  100.00 |     0.95 |   1.00
0597 -      0.00 |    0.00 |     0.96 |   0.98
0598 -     35.04 |   32.65 |     0.97 |   0.99
0599 -      6.71 |  100.00 |     0.98 |   1.00
0600 -      0.00 |    0.00 |     0.93 |   0.96
0601 -      0.00 |    0.00 |     0.93 |   0.99
0602 -     76.44 |  100.00 |     0.99 |   1.00
0603 -     93.84 |   93.23 |     0.94 |   0.96
0604 -      0.00 |    0.00 |     0.98 |   1.00
0605 -     91.74 |  100.00 |     0.96 |   1.00
0606 -     76.88 |  100.00 |     0.98 |   1.00
0607 -     15.28 |  100.00 |     0.95 |   1.00
0608 -      0.00 |    0.00 |     0.88 |   0.92
0609 -     80.05 |  100.00 |     0.98 |   1.00
0610 -      0.00 |    0.00 |     0.93 |   0.96
0611 -     92.40 |  100.00 |     0.97 |   1.00
0612 -      0.00 |    0.00 |     0.97 |   0.98
0613 -     32.09 |  100.00 |     0.99 |   1.00
0614 -     37.56 |   91.21 |     0.95 |   0.98
0615 -     12.58 |   12.49 |     0.96 |   0.95
0616 -      4.18 |    4.18 |     0.94 |   0.98
0617 -      0.00 |    0.00 |     0.78 |   0.89
0618 -     52.56 |   52.56 |     0.87 |   0.88
0619 -     19.85 |   86.76 |     0.95 |   0.98
0620 -     89.69 |  100.00 |     0.94 |   1.00
0621 -      0.00 |    0.00 |     0.97 |   1.00
0622 -      0.00 |    0.00 |     0.97 |   0.98
0623 -      0.00 |    0.00 |     0.94 |   0.96
0624 -     82.65 |   81.55 |     0.99 |   1.00
0625 -     88.03 |   70.27 |     0.99 |   1.00
0626 -      0.00 |    0.00 |     0.95 |   1.00
0627 -      0.00 |    0.00 |     0.84 |   0.91
0628 -     34.68 |  100.00 |     0.96 |   1.00
0629 -      0.00 |    0.00 |     0.89 |   0.90
0630 -     22.93 |  100.00 |     0.94 |   1.00
0631 -     74.23 |  100.00 |     0.99 |   1.00
0632 -     31.61 |   98.33 |     0.94 |   0.98
0633 -     95.90 |   20.40 |     0.99 |   1.00
0634 -     50.19 |  100.00 |     0.99 |   1.00
0635 -     22.45 |   98.85 |     0.95 |   0.99
0636 -     21.17 |   19.33 |     0.98 |   0.98
0637 -     35.16 |   34.61 |     0.97 |   0.98
0638 -      0.00 |    0.00 |     0.97 |   0.98
0639 -     47.17 |  100.00 |     0.98 |   1.00
0640 -     75.66 |   96.12 |     0.89 |   0.99
0641 -     43.32 |  100.00 |     0.97 |   1.00
0642 -     56.05 |   65.77 |     0.86 |   0.87
0643 -     22.28 |   21.36 |     0.92 |   0.94
0644 -      0.00 |    0.00 |     0.96 |   0.96
0645 -      9.68 |  100.00 |     0.97 |   1.00
0646 -      6.98 |    0.00 |     0.87 |   0.88
0647 -      0.00 |    0.00 |     0.94 |   0.96
0648 -      0.00 |    0.00 |     0.94 |   0.96
0649 -      0.00 |    0.00 |     0.97 |   0.99
0650 -     12.82 |   14.37 |     0.67 |   0.73
0651 -     91.68 |   99.81 |     0.96 |   0.98
0652 -     87.36 |  100.00 |     0.97 |   1.00
0653 -      0.00 |  100.00 |     0.94 |   1.00
0654 -      0.00 |   99.82 |     0.98 |   0.99
0655 -     78.65 |  100.00 |     0.97 |   1.00
0656 -     78.18 |  100.00 |     0.97 |   1.00
0657 -     87.75 |  100.00 |     0.79 |   0.88
0658 -     21.73 |   21.73 |     0.91 |   0.99
0659 -      0.00 |    0.00 |     0.91 |   0.96
0660 -      0.00 |  100.00 |     0.90 |   1.00
0661 -     92.05 |  100.00 |     0.97 |   1.00
0662 -     24.17 |  100.00 |     0.97 |   1.00
0663 -      0.00 |    0.00 |     0.97 |   1.00
0664 -     54.31 |   56.71 |     0.96 |   0.97
0665 -      0.00 |  100.00 |     0.77 |   1.00
0666 -     65.28 |   74.30 |     0.81 |   0.85
0667 -      0.00 |   20.88 |     0.93 |   0.96
0668 -      0.00 |    0.00 |     0.94 |   0.99
0669 -     66.13 |   84.50 |     0.89 |   0.99
0670 -     91.40 |  100.00 |     0.96 |   1.00
0671 -     84.33 |  100.00 |     0.88 |   1.00
0672 -     68.19 |  100.00 |     0.94 |   1.00
0673 -     22.53 |  100.00 |     0.98 |   1.00
0674 -     22.76 |  100.00 |     0.95 |   1.00
0675 -     11.46 |   11.73 |     0.93 |   0.95
0676 -      0.00 |  100.00 |     0.96 |   1.00
0677 -     28.48 |   29.09 |     0.97 |   0.97
0678 -     65.38 |   99.80 |     0.96 |   0.97
0679 -     13.67 |   13.67 |     0.98 |   1.00
0680 -     36.23 |  100.00 |     0.93 |   1.00
0681 -      0.00 |    0.00 |     0.73 |   0.92
0682 -      0.00 |    0.00 |     0.95 |   0.95
0683 -      0.00 |    0.00 |     0.81 |   0.87
0684 -     30.65 |  100.00 |     0.96 |   1.00
0685 -      0.00 |    0.00 |     0.74 |   0.78
0686 -     59.92 |  100.00 |     0.95 |   1.00
0687 -      0.00 |  100.00 |     0.97 |   1.00
0688 -     78.33 |   82.24 |     0.94 |   0.99
0689 -     94.27 |  100.00 |     0.99 |   1.00
0690 -     19.16 |  100.00 |     0.99 |   1.00
0691 -     93.20 |  100.00 |     0.98 |   1.00
0692 -     20.58 |   99.18 |     0.96 |   0.97
0693 -      0.00 |    0.00 |     0.96 |   0.98
0694 -     94.25 |   98.94 |     0.96 |   0.98
0695 -     22.90 |   87.19 |     0.98 |   0.99
0696 -     51.62 |  100.00 |     0.99 |   1.00
0697 -      0.00 |  100.00 |     0.99 |   1.00
0698 -     36.11 |   34.77 |     0.98 |   0.97
0699 -     48.05 |   70.45 |     0.89 |   0.98
0700 -     95.02 |  100.00 |     0.98 |   1.00
0701 -     23.08 |    0.00 |     0.95 |   1.00
0702 -     76.74 |   91.66 |     0.94 |   0.97
0703 -      0.00 |    0.00 |     0.94 |   0.99
0704 -     54.45 |  100.00 |     0.97 |   1.00
0705 -      0.00 |    0.00 |     0.90 |   0.95
0706 -     75.02 |   74.62 |     0.96 |   0.99
0707 -     83.13 |  100.00 |     0.98 |   1.00
0708 -     23.61 |  100.00 |     0.89 |   1.00
0709 -     68.80 |  100.00 |     0.77 |   1.00
0710 -     27.29 |  100.00 |     1.00 |   1.00
0711 -     70.46 |  100.00 |     0.94 |   1.00
0712 -     69.73 |   67.98 |     0.98 |   0.99
0713 -      0.00 |    0.00 |     0.92 |   0.94
0714 -     14.18 |   98.90 |     0.96 |   0.98
0715 -     24.09 |   99.81 |     0.95 |   0.97
0716 -     71.44 |  100.00 |     0.93 |   1.00
0717 -     62.48 |  100.00 |     0.83 |   1.00
0718 -     40.38 |  100.00 |     0.99 |   1.00
0719 -      0.00 |    0.00 |     0.67 |   0.67
0720 -      4.57 |    4.22 |     0.98 |   1.00
0721 -     87.92 |  100.00 |     0.97 |   1.00
0722 -     19.10 |  100.00 |     0.97 |   1.00
0723 -     54.50 |  100.00 |     0.96 |   1.00
0724 -      0.00 |    0.00 |     0.82 |   0.80
0725 -     49.84 |  100.00 |     0.98 |   1.00
0726 -     84.98 |   99.41 |     0.99 |   0.99
0727 -     26.77 |  100.00 |     0.99 |   1.00
0728 -     52.09 |  100.00 |     0.97 |   0.99
0729 -     94.40 |   99.86 |     0.96 |   0.99
0730 -     50.13 |   42.23 |     0.94 |   0.97
0731 -     16.18 |  100.00 |     0.95 |   1.00
0732 -      0.00 |    0.00 |     0.98 |   0.99
0733 -      4.52 |    4.12 |     0.98 |   0.99
0734 -      0.00 |    0.00 |     0.98 |   1.00
0735 -     60.05 |  100.00 |     0.96 |   1.00
0736 -     55.40 |   80.19 |     0.97 |   0.98
0737 -     77.85 |  100.00 |     0.99 |   1.00
0738 -     83.74 |  100.00 |     0.93 |   1.00
0739 -     90.14 |  100.00 |     0.97 |   1.00
0740 -     94.18 |   99.85 |     0.98 |   0.98
0741 -     87.46 |  100.00 |     0.90 |   1.00
0742 -     27.56 |   27.56 |     0.98 |   0.99
0743 -     96.01 |  100.00 |     1.00 |   1.00
0744 -     65.89 |   98.00 |     0.98 |   1.00
0745 -     36.62 |  100.00 |     0.99 |   1.00
0746 -     57.12 |  100.00 |     0.99 |   1.00
0747 -      0.00 |    0.00 |     0.95 |   1.00
0748 -     94.54 |   99.81 |     0.96 |   0.98
0749 -     97.83 |  100.00 |     0.98 |   1.00
0750 -     41.04 |   99.83 |     0.97 |   0.98
0751 -     40.82 |   34.92 |     0.90 |   0.96
0752 -     51.02 |  100.00 |     0.99 |   1.00
0753 -      0.00 |    0.00 |     0.94 |   1.00
0754 -     36.54 |   16.43 |     0.95 |   0.98
0755 -      0.00 |    0.00 |     0.89 |   0.95
0756 -     71.64 |  100.00 |     0.98 |   1.00
0757 -     71.87 |  100.00 |     0.98 |   1.00
0758 -    100.00 |   78.17 |     1.00 |   0.90
0759 -      6.76 |    7.34 |     0.91 |   0.91
0760 -     92.74 |  100.00 |     0.93 |   1.00
0761 -     75.07 |  100.00 |     0.94 |   1.00
0762 -     30.69 |  100.00 |     0.95 |   1.00
0763 -     54.46 |  100.00 |     0.97 |   1.00
0764 -     95.80 |  100.00 |     0.99 |   1.00
0765 -     71.12 |  100.00 |     0.87 |   1.00
0766 -     18.28 |    0.00 |     0.99 |   1.00
0767 -     77.02 |  100.00 |     0.97 |   1.00
0768 -     51.34 |   96.67 |     0.65 |   0.87
0769 -     23.12 |   43.98 |     0.89 |   0.99
0770 -      0.00 |    0.00 |     0.93 |   0.94
0771 -     39.07 |   51.86 |     0.97 |   0.99
0772 -      0.00 |  100.00 |     0.97 |   1.00
0773 -     61.98 |  100.00 |     0.99 |   1.00
0774 -     20.32 |  100.00 |     0.96 |   1.00
0775 -     23.65 |  100.00 |     0.97 |   1.00
0776 -      0.00 |  100.00 |     0.78 |   1.00
0777 -      0.00 |    0.00 |     0.82 |   1.00
0778 -     36.74 |   36.74 |     0.85 |   0.86
0779 -     10.26 |   49.24 |     0.95 |   0.96
0780 -     15.02 |  100.00 |     0.97 |   1.00
0781 -      0.00 |   17.90 |     0.93 |   1.00
0782 -     61.31 |   42.61 |     0.89 |   1.00
0783 -      0.00 |    0.00 |     0.94 |   0.95
0784 -      0.00 |    0.00 |     0.93 |   0.95
0785 -     76.27 |  100.00 |     0.98 |   1.00
0786 -     29.79 |   31.50 |     0.94 |   0.97
0787 -      0.00 |    0.00 |     0.96 |   0.98
0788 -      0.00 |    0.00 |     0.99 |   1.00
0789 -      0.00 |    0.00 |     0.92 |   1.00
0790 -     93.26 |  100.00 |     0.97 |   1.00
0791 -     10.81 |   50.71 |     0.97 |   0.97
0792 -     26.57 |   30.38 |     0.82 |   0.74
0793 -      0.00 |    0.00 |     0.99 |   1.00
0794 -     39.17 |  100.00 |     0.96 |   1.00
0795 -     94.31 |  100.00 |     0.97 |   1.00
0796 -     80.00 |   94.17 |     0.87 |   0.99
0797 -     78.95 |  100.00 |     0.94 |   1.00
0798 -     22.56 |  100.00 |     0.97 |   1.00
0799 -     70.09 |   62.49 |     0.94 |   0.96
0800 -      0.00 |    0.00 |     0.92 |   0.99
0801 -      0.00 |    0.00 |     0.89 |   0.89
0802 -     28.63 |  100.00 |     0.98 |   1.00
0803 -     29.82 |  100.00 |     0.98 |   1.00
0804 -     49.14 |   20.02 |     0.96 |   1.00
0805 -      0.00 |    0.00 |     0.97 |   0.99
0806 -     35.30 |   34.06 |     1.00 |   0.96
0807 -     36.59 |   28.06 |     0.93 |   0.95
0808 -      9.06 |  100.00 |     1.00 |   1.00
0809 -      6.50 |    6.40 |     0.94 |   1.00
0810 -     90.48 |   99.83 |     0.95 |   0.97
0811 -     95.03 |  100.00 |     0.97 |   1.00
0812 -      0.00 |    0.00 |     0.97 |   0.99
0813 -      0.00 |    0.00 |     0.88 |   0.87
0814 -     76.73 |  100.00 |     0.94 |   1.00
0815 -     29.05 |  100.00 |     0.92 |   1.00
0816 -     32.53 |    0.00 |     0.96 |   1.00
0817 -     18.46 |  100.00 |     0.97 |   1.00
0818 -     26.74 |   98.79 |     0.97 |   0.99
0819 -     29.77 |  100.00 |     0.96 |   1.00
0820 -     29.86 |   92.31 |     0.95 |   0.99
0821 -     32.49 |   99.68 |     0.92 |   0.96
0822 -     95.89 |  100.00 |     0.99 |   1.00
0823 -     44.14 |   93.94 |     0.94 |   0.95
0824 -     73.20 |  100.00 |     0.99 |   1.00
0825 -     19.57 |   99.71 |     0.94 |   0.95
0826 -      0.00 |  100.00 |     0.81 |   1.00
0827 -      0.00 |    0.00 |     0.86 |   0.89
0828 -      0.00 |    0.00 |     0.94 |   0.95
0829 -     24.78 |  100.00 |     0.98 |   1.00
0830 -     28.43 |   25.54 |     0.97 |   0.98
0831 -     39.75 |   37.59 |     0.80 |   0.93
0832 -     53.38 |   87.81 |     0.95 |   0.99
==============================================
