==============================================
BLEU GOLD:                               80.30
BLEU IN:                                 89.24
SIM GOLD:                               0.9407
SIM IN:                                 0.9759
==============================================
       BLEU GOLD | BLEU IN | SIM GOLD | SIM IN
0001 -     74.17 |  100.00 |     0.96 |   1.00
0002 -     92.47 |   99.74 |     0.95 |   0.97
0003 -     26.24 |   81.07 |     0.96 |   0.97
0004 -      0.00 |    0.00 |     0.79 |   0.84
0005 -     24.93 |  100.00 |     0.97 |   1.00
0006 -     94.51 |  100.00 |     1.00 |   1.00
0007 -     41.15 |   58.54 |     0.75 |   0.78
0008 -     31.24 |  100.00 |     0.93 |   1.00
0009 -      4.73 |    4.80 |     0.97 |   0.99
0010 -     89.53 |  100.00 |     0.98 |   1.00
0011 -     40.21 |  100.00 |     0.95 |   1.00
0012 -     51.64 |   56.93 |     0.95 |   0.98
0013 -     33.91 |   35.17 |     0.98 |   1.00
0014 -     45.16 |  100.00 |     0.99 |   1.00
0015 -     61.27 |   74.58 |     0.90 |   0.88
0016 -      0.00 |    0.00 |     0.95 |   0.99
0017 -      0.00 |    0.00 |     0.93 |   0.99
0018 -     34.97 |  100.00 |     0.98 |   1.00
0019 -     35.42 |  100.00 |     0.99 |   1.00
0020 -     66.67 |   25.93 |     0.99 |   0.99
0021 -     36.52 |   54.97 |     0.99 |   1.00
0022 -     92.59 |  100.00 |     0.96 |   1.00
0023 -     15.01 |   17.63 |     0.94 |   0.95
0024 -     35.02 |  100.00 |     0.97 |   1.00
0025 -     46.98 |  100.00 |     0.88 |   1.00
0026 -      0.00 |    0.00 |     0.99 |   1.00
0027 -      0.00 |  100.00 |     0.89 |   1.00
0028 -     60.77 |  100.00 |     0.97 |   1.00
0029 -     83.34 |   15.29 |     0.92 |   0.95
0030 -      0.00 |    0.00 |     0.78 |   0.78
0031 -      0.00 |    0.00 |     0.97 |   0.97
0032 -     91.64 |   88.12 |     0.99 |   1.00
0033 -     93.58 |  100.00 |     0.97 |   1.00
0034 -     71.12 |   47.06 |     0.97 |   1.00
0035 -      0.00 |  100.00 |     0.98 |   1.00
0036 -      0.00 |  100.00 |     0.95 |   1.00
0037 -     12.34 |  100.00 |     0.92 |   1.00
0038 -     28.30 |  100.00 |     0.96 |   1.00
0039 -     62.96 |  100.00 |     0.98 |   1.00
0040 -     45.93 |  100.00 |     0.99 |   1.00
0041 -     44.76 |   93.71 |     0.98 |   0.99
0042 -     32.12 |  100.00 |     0.92 |   1.00
0043 -      0.00 |  100.00 |     1.00 |   1.00
0044 -      0.00 |    0.00 |     0.93 |   0.96
0045 -     94.06 |  100.00 |     0.97 |   1.00
0046 -     30.42 |  100.00 |     0.96 |   1.00
0047 -     67.97 |  100.00 |     0.58 |   1.00
0048 -      0.00 |    0.00 |     0.96 |   0.96
0049 -     57.56 |  100.00 |     0.98 |   1.00
0050 -     70.69 |  100.00 |     0.98 |   1.00
0051 -      0.00 |  100.00 |     0.90 |   1.00
0052 -     14.11 |  100.00 |     0.97 |   1.00
0053 -     49.88 |   60.54 |     0.86 |   0.90
0054 -      6.21 |   89.45 |     0.97 |   0.99
0055 -     88.87 |  100.00 |     0.96 |   1.00
0056 -     83.47 |  100.00 |     0.96 |   1.00
0057 -     28.77 |  100.00 |     0.96 |   1.00
0058 -     47.81 |  100.00 |     0.95 |   1.00
0059 -     86.20 |   79.01 |     0.99 |   0.99
0060 -     35.69 |   20.86 |     0.95 |   0.98
0061 -     92.70 |   96.69 |     0.97 |   0.98
0062 -      0.00 |    0.00 |     0.93 |   1.00
0063 -     37.94 |   37.50 |     0.89 |   0.99
0064 -     52.65 |  100.00 |     0.99 |   1.00
0065 -     61.15 |   89.92 |     0.95 |   0.99
0066 -     65.95 |  100.00 |     0.98 |   1.00
0067 -      0.00 |    2.96 |     0.85 |   0.86
0068 -      0.00 |    0.00 |     0.88 |   0.92
0069 -      0.00 |  100.00 |     0.97 |   1.00
0070 -      4.15 |    0.00 |     0.92 |   0.93
0071 -      4.75 |    0.00 |     0.98 |   0.99
0072 -     23.27 |  100.00 |     0.99 |   1.00
0073 -      0.00 |  100.00 |     0.92 |   1.00
0074 -      0.00 |    0.00 |     0.91 |   0.94
0075 -     91.11 |   99.63 |     0.96 |   1.00
0076 -     27.39 |  100.00 |     0.99 |   1.00
0077 -     86.26 |  100.00 |     0.97 |   1.00
0078 -     13.85 |   79.63 |     0.94 |   0.96
0079 -     27.71 |   96.90 |     0.94 |   0.96
0080 -     90.91 |  100.00 |     0.94 |   1.00
0081 -     34.43 |  100.00 |     0.98 |   1.00
0082 -     79.59 |   85.98 |     0.98 |   1.00
0083 -     54.88 |  100.00 |     0.91 |   1.00
0084 -     36.73 |  100.00 |     0.93 |   1.00
0085 -     14.51 |   90.80 |     0.97 |   0.99
0086 -      0.00 |    0.00 |     0.64 |   0.77
0087 -      0.00 |  100.00 |     0.97 |   1.00
0088 -     35.40 |   31.21 |     0.99 |   1.00
0089 -     57.58 |   71.11 |     0.96 |   1.00
0090 -     51.65 |   61.59 |     0.92 |   0.98
0091 -     90.56 |   61.71 |     0.95 |   0.88
0092 -     69.98 |  100.00 |     0.94 |   1.00
0093 -     92.91 |  100.00 |     0.93 |   1.00
0094 -     70.19 |  100.00 |     0.54 |   1.00
0095 -      0.00 |    0.00 |     0.95 |   0.98
0096 -      0.00 |    0.00 |     0.96 |   1.00
0097 -     81.85 |  100.00 |     0.98 |   1.00
0098 -     72.74 |  100.00 |     0.97 |   1.00
0099 -     96.21 |  100.00 |     0.98 |   1.00
0100 -      0.00 |    0.00 |     1.00 |   0.96
0101 -     37.44 |   45.71 |     0.73 |   0.75
0102 -      0.00 |    0.00 |     0.81 |   0.84
0103 -     85.04 |   38.94 |     0.95 |   1.00
0104 -     36.67 |  100.00 |     0.99 |   1.00
0105 -     37.17 |   94.03 |     0.96 |   0.98
0106 -     53.08 |  100.00 |     0.97 |   1.00
0107 -     51.34 |    0.00 |     0.96 |   0.96
0108 -     85.61 |  100.00 |     0.78 |   1.00
0109 -      0.00 |    0.00 |     0.89 |   0.91
0110 -     80.89 |  100.00 |     0.93 |   1.00
0111 -     70.71 |  100.00 |     0.96 |   1.00
0112 -      0.00 |    0.00 |     0.89 |   0.93
0113 -      0.00 |    0.00 |     0.95 |   0.96
0114 -     21.80 |  100.00 |     0.99 |   1.00
0115 -     47.93 |   55.28 |     0.93 |   0.96
0116 -     72.75 |  100.00 |     0.95 |   1.00
0117 -      0.00 |    0.00 |     0.92 |   0.93
0118 -     44.16 |   82.26 |     0.96 |   0.99
0119 -     94.25 |   99.22 |     0.90 |   0.93
0120 -     78.52 |  100.00 |     0.87 |   1.00
0121 -     51.95 |   83.18 |     0.94 |   0.96
0122 -     96.75 |  100.00 |     0.94 |   0.98
0123 -     58.10 |   54.23 |     0.97 |   0.97
0124 -     94.44 |  100.00 |     0.99 |   1.00
0125 -     89.18 |   95.90 |     0.99 |   1.00
0126 -     95.71 |  100.00 |     0.95 |   1.00
0127 -     69.90 |  100.00 |     0.95 |   1.00
0128 -     39.15 |  100.00 |     0.96 |   1.00
0129 -      5.10 |    5.16 |     0.95 |   0.96
0130 -     12.16 |   12.30 |     0.98 |   1.00
0131 -      0.00 |  100.00 |     0.97 |   1.00
0132 -     23.06 |   67.22 |     0.80 |   0.86
0133 -     48.94 |   47.34 |     0.96 |   1.00
0134 -      8.76 |   97.13 |     0.94 |   1.00
0135 -     45.42 |  100.00 |     0.99 |   1.00
0136 -      0.00 |  100.00 |     0.84 |   1.00
0137 -     11.29 |   10.41 |     0.92 |   0.94
0138 -     54.29 |   55.83 |     0.89 |   0.97
0139 -      0.00 |  100.00 |     0.97 |   1.00
0140 -     75.75 |  100.00 |     0.90 |   1.00
0141 -      5.95 |  100.00 |     0.99 |   1.00
0142 -      0.00 |    0.00 |     0.99 |   1.00
0143 -     37.18 |  100.00 |     0.98 |   1.00
0144 -     69.82 |  100.00 |     0.99 |   1.00
0145 -      0.00 |   84.07 |     0.88 |   0.91
0146 -     86.20 |  100.00 |     0.93 |   1.00
0147 -     81.01 |  100.00 |     0.99 |   1.00
0148 -      8.09 |  100.00 |     0.98 |   1.00
0149 -     93.53 |  100.00 |     0.97 |   1.00
0150 -     79.82 |   27.14 |     0.98 |   0.99
0151 -      0.00 |    0.00 |     0.97 |   0.99
0152 -      0.00 |    0.00 |     0.95 |   1.00
0153 -     90.29 |  100.00 |     0.90 |   1.00
0154 -     23.60 |   99.00 |     0.91 |   0.94
0155 -      0.00 |    0.00 |     0.97 |   1.00
0156 -    100.00 |   68.00 |     1.00 |   0.99
0157 -      0.00 |    0.00 |     0.94 |   1.00
0158 -     84.56 |  100.00 |     0.97 |   1.00
0159 -     40.07 |   95.27 |     0.97 |   1.00
0160 -     46.00 |  100.00 |     0.96 |   1.00
0161 -      0.00 |    0.00 |     0.95 |   0.99
0162 -     31.57 |  100.00 |     0.98 |   1.00
0163 -      0.00 |    0.00 |     0.86 |   0.87
0164 -     64.17 |   69.47 |     0.98 |   0.99
0165 -     73.21 |  100.00 |     0.98 |   1.00
0166 -     33.10 |   65.02 |     0.97 |   0.97
0167 -     46.68 |  100.00 |     0.90 |   1.00
0168 -     54.81 |  100.00 |     0.99 |   1.00
0169 -      0.00 |    0.00 |     0.97 |   0.99
0170 -     49.38 |  100.00 |     0.97 |   1.00
0171 -      0.00 |    9.31 |     0.95 |   0.97
0172 -     87.65 |  100.00 |     0.98 |   1.00
0173 -     92.76 |  100.00 |     0.98 |   1.00
0174 -     67.62 |  100.00 |     0.98 |   1.00
0175 -     44.96 |   44.96 |     0.91 |   0.95
0176 -     66.29 |  100.00 |     0.99 |   1.00
0177 -     83.36 |   83.36 |     0.97 |   1.00
0178 -     65.79 |  100.00 |     0.91 |   1.00
0179 -     87.89 |  100.00 |     0.91 |   1.00
0180 -     67.49 |  100.00 |     0.94 |   1.00
0181 -     38.44 |   44.07 |     0.94 |   0.98
0182 -      0.00 |    0.00 |     0.84 |   0.83
0183 -     47.50 |   28.13 |     0.97 |   1.00
0184 -     55.15 |  100.00 |     0.96 |   1.00
0185 -     73.09 |   31.48 |     0.97 |   1.00
0186 -      0.00 |    0.00 |     0.96 |   0.97
0187 -     49.33 |   63.88 |     0.91 |   0.98
0188 -     76.31 |  100.00 |     0.95 |   1.00
0189 -     44.68 |  100.00 |     0.84 |   1.00
0190 -      0.00 |  100.00 |     0.96 |   1.00
0191 -     23.60 |  100.00 |     0.94 |   1.00
0192 -      0.00 |    0.00 |     0.96 |   1.00
0193 -      0.00 |    0.00 |     0.94 |   1.00
0194 -      0.00 |    0.00 |     0.98 |   1.00
0195 -     66.95 |  100.00 |     0.99 |   1.00
0196 -      0.00 |   93.45 |     0.95 |   0.96
0197 -     26.35 |   23.99 |     0.93 |   1.00
0198 -     85.92 |  100.00 |     0.97 |   1.00
0199 -     90.79 |  100.00 |     0.93 |   1.00
0200 -      0.00 |    7.19 |     0.74 |   0.77
0201 -     14.05 |   98.50 |     0.95 |   0.97
0202 -     56.41 |  100.00 |     0.97 |   1.00
0203 -     14.23 |   13.02 |     0.87 |   0.86
0204 -     86.54 |   30.60 |     0.96 |   0.97
0205 -      0.00 |    0.00 |     0.94 |   0.99
0206 -     29.79 |   35.53 |     0.99 |   1.00
0207 -     91.79 |  100.00 |     0.98 |   1.00
0208 -    100.00 |   71.96 |     1.00 |   0.96
0209 -     91.23 |   99.64 |     0.96 |   0.94
0210 -     69.10 |   28.48 |     0.98 |   0.99
0211 -     24.74 |  100.00 |     0.97 |   1.00
0212 -     27.44 |   56.79 |     0.98 |   0.99
0213 -     39.49 |  100.00 |     0.98 |   1.00
0214 -     86.82 |    4.80 |     0.96 |   1.00
0215 -      0.00 |    0.00 |     0.90 |   0.97
0216 -     29.12 |   35.04 |     0.94 |   0.96
0217 -      0.00 |    0.00 |     0.56 |   0.77
0218 -     70.47 |   32.33 |     0.95 |   0.97
0219 -     35.36 |  100.00 |     0.97 |   1.00
0220 -     51.27 |   52.53 |     0.90 |   0.99
0221 -     81.95 |  100.00 |     0.89 |   1.00
0222 -      7.10 |   87.50 |     0.97 |   0.97
0223 -      0.00 |    0.00 |     0.90 |   0.96
0224 -     85.96 |   90.54 |     0.98 |   0.98
0225 -     44.04 |  100.00 |     0.98 |   1.00
0226 -     67.75 |  100.00 |     0.96 |   1.00
0227 -      5.54 |    0.00 |     0.94 |   0.99
0228 -     92.42 |  100.00 |     0.97 |   1.00
0229 -      0.00 |    0.00 |     0.87 |   0.91
0230 -     81.92 |  100.00 |     0.97 |   1.00
0231 -     90.95 |  100.00 |     0.99 |   1.00
0232 -     11.69 |  100.00 |     0.97 |   1.00
0233 -     50.89 |  100.00 |     0.95 |   1.00
0234 -     79.73 |    9.78 |     0.97 |   0.98
0235 -     24.42 |   24.43 |     0.92 |   1.00
0236 -      0.00 |   98.29 |     0.79 |   0.83
0237 -      0.00 |    0.00 |     0.96 |   0.99
0238 -    100.00 |   64.90 |     1.00 |   0.98
0239 -     53.72 |  100.00 |     0.97 |   1.00
0240 -     11.10 |   99.76 |     0.96 |   0.97
0241 -     41.35 |  100.00 |     0.98 |   1.00
0242 -      5.37 |  100.00 |     0.99 |   1.00
0243 -     70.31 |  100.00 |     0.89 |   1.00
0244 -     10.56 |    9.29 |     0.97 |   0.99
0245 -      0.00 |  100.00 |     0.98 |   1.00
0246 -     77.96 |  100.00 |     0.86 |   1.00
0247 -     96.88 |  100.00 |     0.99 |   1.00
0248 -     20.16 |   22.48 |     0.79 |   0.83
0249 -      0.00 |    0.00 |     0.82 |   0.90
0250 -      0.00 |   15.05 |     0.96 |   0.97
0251 -      0.00 |    0.00 |     0.94 |   1.00
0252 -      0.00 |    0.00 |     0.96 |   0.98
0253 -     72.09 |   42.56 |     0.96 |   1.00
0254 -     39.47 |  100.00 |     0.96 |   1.00
0255 -     13.58 |  100.00 |     0.95 |   1.00
0256 -      9.20 |  100.00 |     0.98 |   1.00
0257 -      0.00 |    0.00 |     0.84 |   0.84
0258 -     55.49 |  100.00 |     0.98 |   1.00
0259 -     86.47 |  100.00 |     0.94 |   1.00
0260 -     22.76 |   23.88 |     0.85 |   1.00
0261 -     97.75 |  100.00 |     0.85 |   1.00
0262 -      0.00 |    0.00 |     0.92 |   0.92
0263 -     55.07 |  100.00 |     0.84 |   1.00
0264 -     29.68 |  100.00 |     0.90 |   1.00
0265 -     86.33 |  100.00 |     0.94 |   1.00
0266 -     63.86 |  100.00 |     0.95 |   1.00
0267 -     14.36 |  100.00 |     0.98 |   1.00
0268 -     93.41 |  100.00 |     0.93 |   1.00
0269 -      0.00 |    0.00 |     0.98 |   0.99
0270 -     45.53 |  100.00 |     0.96 |   1.00
0271 -     17.72 |   98.90 |     0.96 |   0.98
0272 -     48.75 |  100.00 |     0.94 |   1.00
0273 -      8.24 |  100.00 |     0.94 |   1.00
0274 -     65.12 |   70.29 |     0.98 |   0.99
0275 -     92.41 |  100.00 |     1.00 |   1.00
0276 -     50.89 |   61.83 |     0.93 |   0.95
0277 -     64.58 |   67.09 |     0.97 |   0.99
0278 -     24.96 |  100.00 |     0.91 |   1.00
0279 -     24.24 |   26.98 |     0.99 |   1.00
0280 -     49.68 |  100.00 |     1.00 |   1.00
0281 -     72.29 |    0.00 |     0.84 |   0.83
0282 -     38.04 |   57.07 |     0.97 |   0.98
0283 -    100.00 |   50.10 |     1.00 |   0.98
0284 -     91.23 |  100.00 |     0.96 |   0.97
0285 -     66.62 |  100.00 |     0.97 |   1.00
0286 -     70.02 |   98.65 |     0.91 |   0.94
0287 -     34.29 |   31.72 |     0.94 |   0.96
0288 -      0.00 |    0.00 |     0.27 |   0.32
0289 -      0.00 |   60.49 |     0.96 |   0.98
0290 -     65.20 |   90.68 |     0.95 |   0.97
0291 -     45.67 |  100.00 |     0.87 |   1.00
0292 -      0.00 |    0.00 |     0.86 |   0.89
0293 -     36.97 |  100.00 |     0.96 |   1.00
0294 -      0.00 |    0.00 |     0.92 |   0.94
0295 -     11.37 |  100.00 |     0.90 |   1.00
0296 -     95.05 |   99.70 |     0.98 |   1.00
0297 -      6.07 |    6.07 |     0.94 |   0.97
0298 -      0.00 |    0.00 |     0.89 |   0.91
0299 -     21.48 |  100.00 |     0.99 |   1.00
0300 -     25.36 |   25.17 |     0.94 |   0.97
0301 -     85.02 |   98.38 |     0.91 |   0.99
0302 -     27.19 |  100.00 |     0.97 |   1.00
0303 -     48.25 |   48.25 |     0.95 |   1.00
0304 -      0.00 |   98.22 |     0.97 |   0.99
0305 -     79.91 |   66.48 |     0.98 |   1.00
0306 -      0.00 |    0.00 |     0.94 |   0.97
0307 -     24.26 |  100.00 |     0.93 |   1.00
0308 -     85.95 |    0.00 |     0.92 |   0.95
0309 -     32.54 |  100.00 |     0.98 |   1.00
0310 -     11.60 |  100.00 |     0.95 |   1.00
0311 -     65.27 |  100.00 |     0.99 |   1.00
0312 -      0.00 |    0.00 |     0.93 |   0.93
0313 -     59.06 |  100.00 |     0.91 |   1.00
0314 -     46.82 |   47.95 |     0.93 |   0.96
0315 -     84.36 |  100.00 |     0.97 |   1.00
0316 -      6.57 |    6.55 |     0.96 |   0.97
0317 -     58.84 |   96.89 |     1.00 |   1.00
0318 -     61.58 |  100.00 |     0.87 |   1.00
0319 -      0.00 |    0.00 |     0.91 |   0.93
0320 -      0.00 |   23.38 |     0.97 |   1.00
0321 -     24.63 |   24.40 |     0.90 |   0.92
0322 -    100.00 |   93.18 |     1.00 |   0.99
0323 -      0.00 |    0.00 |     0.98 |   1.00
0324 -      0.00 |  100.00 |     0.94 |   1.00
0325 -     83.38 |  100.00 |     0.86 |   1.00
0326 -     95.60 |  100.00 |     0.98 |   1.00
0327 -     93.00 |  100.00 |     0.98 |   1.00
0328 -     12.83 |  100.00 |     1.00 |   1.00
0329 -     20.37 |   20.66 |     0.95 |   0.99
0330 -    100.00 |   67.74 |     1.00 |   0.91
0331 -      0.00 |   21.11 |     0.88 |   0.91
0332 -     29.52 |  100.00 |     0.96 |   1.00
0333 -     39.41 |  100.00 |     0.95 |   1.00
0334 -     85.06 |  100.00 |     0.97 |   1.00
0335 -     42.20 |   42.20 |     0.84 |   0.84
0336 -     64.94 |  100.00 |     0.91 |   1.00
0337 -      0.00 |    0.00 |     0.94 |   0.95
0338 -      0.00 |  100.00 |     0.94 |   1.00
0339 -     21.18 |   82.45 |     0.89 |   0.91
0340 -     22.73 |   19.15 |     0.99 |   0.99
0341 -      5.28 |    5.21 |     0.96 |   0.96
0342 -      0.00 |    0.00 |     0.93 |   0.95
0343 -     30.57 |   31.74 |     0.99 |   0.99
0344 -     60.64 |  100.00 |     0.98 |   1.00
0345 -     54.07 |  100.00 |     0.98 |   1.00
0346 -     92.11 |   98.80 |     0.98 |   0.99
0347 -     50.61 |   40.21 |     0.88 |   0.91
0348 -     48.96 |  100.00 |     0.98 |   1.00
0349 -     39.43 |    0.00 |     0.98 |   1.00
0350 -     42.00 |  100.00 |     0.95 |   1.00
0351 -     96.25 |  100.00 |     0.98 |   1.00
0352 -     90.12 |  100.00 |     0.87 |   1.00
0353 -     65.98 |   65.13 |     0.99 |   1.00
0354 -     58.57 |   57.75 |     0.96 |   0.97
0355 -     85.55 |  100.00 |     0.99 |   1.00
0356 -     54.51 |   49.40 |     0.99 |   1.00
0357 -     75.49 |  100.00 |     0.98 |   1.00
0358 -     72.66 |  100.00 |     0.92 |   1.00
0359 -     93.51 |  100.00 |     0.98 |   1.00
0360 -     33.27 |   99.71 |     0.90 |   0.97
0361 -      0.00 |    0.00 |     0.91 |   0.91
0362 -     80.31 |  100.00 |     0.98 |   1.00
0363 -      5.92 |  100.00 |     0.97 |   1.00
0364 -     93.32 |  100.00 |     0.96 |   1.00
0365 -     96.33 |  100.00 |     0.99 |   1.00
0366 -     88.10 |  100.00 |     0.94 |   1.00
0367 -     26.50 |   26.71 |     0.95 |   0.99
0368 -      7.66 |    7.66 |     0.82 |   0.87
0369 -     66.27 |   99.76 |     0.95 |   0.96
0370 -      8.78 |  100.00 |     0.98 |   1.00
0371 -     11.81 |   99.75 |     0.99 |   1.00
0372 -     18.30 |  100.00 |     1.00 |   1.00
0373 -     91.12 |   95.18 |     0.94 |   0.98
0374 -     13.01 |   40.67 |     0.97 |   1.00
0375 -     91.09 |  100.00 |     0.91 |   1.00
0376 -      0.00 |    0.00 |     0.98 |   1.00
0377 -     82.53 |  100.00 |     0.96 |   1.00
0378 -      0.00 |  100.00 |     0.90 |   1.00
0379 -     77.58 |   99.62 |     0.98 |   1.00
0380 -      0.00 |    0.00 |     0.97 |   0.99
0381 -      0.00 |   92.49 |     0.88 |   0.88
0382 -    100.00 |   88.04 |     1.00 |   0.93
0383 -     90.69 |  100.00 |     0.95 |   1.00
0384 -     27.40 |   30.22 |     0.96 |   0.99
0385 -      0.00 |    0.00 |     0.95 |   0.98
0386 -     67.20 |  100.00 |     0.99 |   1.00
0387 -     38.84 |  100.00 |     0.99 |   1.00
0388 -     75.04 |    0.00 |     0.98 |   1.00
0389 -     92.29 |  100.00 |     0.95 |   1.00
0390 -     13.37 |  100.00 |     0.98 |   1.00
0391 -     35.33 |   35.33 |     0.53 |   0.69
0392 -     63.17 |  100.00 |     0.98 |   1.00
0393 -     39.53 |  100.00 |     0.96 |   1.00
0394 -     31.50 |  100.00 |     0.97 |   1.00
0395 -     88.03 |  100.00 |     1.00 |   1.00
0396 -     89.02 |   89.51 |     0.96 |   0.95
0397 -     92.36 |  100.00 |     0.97 |   1.00
0398 -     22.98 |  100.00 |     0.97 |   1.00
0399 -     81.78 |  100.00 |     0.96 |   1.00
0400 -     64.32 |   64.15 |     0.96 |   0.99
0401 -      8.25 |    8.25 |     0.94 |   0.96
0402 -     32.68 |   99.86 |     0.96 |   0.98
0403 -     26.67 |  100.00 |     0.97 |   1.00
0404 -     44.78 |  100.00 |     0.99 |   1.00
0405 -     67.03 |  100.00 |     0.97 |   1.00
0406 -     22.53 |   96.92 |     0.93 |   0.96
0407 -     47.00 |   44.60 |     0.93 |   0.97
0408 -     96.23 |  100.00 |     0.99 |   1.00
0409 -      0.00 |    0.00 |     0.95 |   0.96
0410 -     92.57 |  100.00 |     0.97 |   1.00
0411 -      0.00 |    0.00 |     0.97 |   1.00
0412 -      8.95 |    9.75 |     0.93 |   0.96
0413 -     27.57 |   27.44 |     0.98 |   1.00
0414 -     42.06 |   99.39 |     0.97 |   1.00
0415 -     25.78 |  100.00 |     0.97 |   1.00
0416 -     83.06 |  100.00 |     0.97 |   1.00
0417 -     93.30 |  100.00 |     0.96 |   1.00
0418 -     92.06 |  100.00 |     0.98 |   1.00
0419 -     53.79 |   97.06 |     0.96 |   0.97
0420 -     21.47 |   95.63 |     0.92 |   0.99
0421 -     29.79 |   62.48 |     0.91 |   0.95
0422 -     24.36 |  100.00 |     0.99 |   1.00
0423 -      0.00 |   27.62 |     0.92 |   0.96
0424 -     76.98 |  100.00 |     0.97 |   1.00
0425 -      0.00 |    0.00 |     0.98 |   0.98
0426 -     16.50 |   18.13 |     0.90 |   0.96
0427 -      5.11 |  100.00 |     0.98 |   1.00
0428 -     61.82 |   61.97 |     0.97 |   0.98
0429 -     80.22 |   56.71 |     0.95 |   0.99
0430 -     88.01 |  100.00 |     0.94 |   1.00
0431 -      7.14 |    7.15 |     0.97 |   1.00
0432 -     70.35 |   70.50 |     0.99 |   1.00
0433 -      0.00 |    0.00 |     0.90 |   0.91
0434 -     68.97 |  100.00 |     0.95 |   1.00
0435 -     34.42 |   99.80 |     0.96 |   0.98
0436 -      8.83 |  100.00 |     0.98 |   1.00
0437 -      4.95 |  100.00 |     0.98 |   1.00
0438 -     49.70 |  100.00 |     0.97 |   1.00
0439 -      0.00 |    0.00 |     0.88 |   0.89
0440 -     61.76 |    4.22 |     0.99 |   0.99
0441 -     92.57 |  100.00 |     1.00 |   1.00
0442 -     62.95 |    8.99 |     0.98 |   1.00
0443 -     47.40 |  100.00 |     0.92 |   1.00
0444 -     14.08 |  100.00 |     0.99 |   1.00
0445 -     61.28 |  100.00 |     0.91 |   1.00
0446 -     19.18 |   99.41 |     0.96 |   0.97
0447 -     44.39 |  100.00 |     0.90 |   1.00
0448 -     49.57 |   52.97 |     0.98 |   0.99
0449 -     64.63 |  100.00 |     0.96 |   1.00
0450 -     58.74 |   65.63 |     1.00 |   1.00
0451 -      8.97 |   16.37 |     0.95 |   0.96
0452 -     94.94 |   84.87 |     0.98 |   0.99
0453 -      0.00 |    0.00 |     0.79 |   0.81
0454 -     51.51 |   50.96 |     0.97 |   0.99
0455 -     93.54 |  100.00 |     0.99 |   1.00
0456 -      7.68 |  100.00 |     0.99 |   1.00
0457 -     88.27 |  100.00 |     0.94 |   1.00
0458 -      0.00 |  100.00 |     1.00 |   1.00
0459 -     31.97 |   94.00 |     0.90 |   0.98
0460 -      0.00 |   16.22 |     0.97 |   0.98
0461 -      0.00 |    0.00 |     0.89 |   0.93
0462 -     68.83 |  100.00 |     0.97 |   1.00
0463 -     19.41 |  100.00 |     0.95 |   1.00
0464 -      0.00 |  100.00 |     0.96 |   1.00
0465 -     88.79 |  100.00 |     0.97 |   1.00
0466 -     87.31 |  100.00 |     0.91 |   1.00
0467 -     90.47 |  100.00 |     0.99 |   1.00
0468 -      0.00 |    0.00 |     0.80 |   0.93
0469 -     82.27 |  100.00 |     0.89 |   1.00
0470 -      0.00 |    0.00 |     0.82 |   0.79
0471 -     18.99 |  100.00 |     0.98 |   1.00
0472 -     47.58 |   59.38 |     0.93 |   0.95
0473 -     16.25 |  100.00 |     0.94 |   1.00
0474 -     37.58 |  100.00 |     0.94 |   1.00
0475 -     37.36 |   54.74 |     0.98 |   1.00
0476 -     27.45 |   80.92 |     0.92 |   0.97
0477 -      0.00 |    0.00 |     0.99 |   1.00
0478 -      0.00 |    0.00 |     0.94 |   0.94
0479 -      0.00 |    0.00 |     0.89 |   0.92
0480 -     31.48 |   32.76 |     0.83 |   0.95
0481 -     33.65 |  100.00 |     0.98 |   1.00
0482 -      0.00 |    0.00 |     0.91 |   0.99
0483 -     10.23 |  100.00 |     0.99 |   1.00
0484 -      0.00 |    0.00 |     0.80 |   0.82
0485 -     81.80 |   86.54 |     0.87 |   0.97
0486 -      0.00 |    0.00 |     0.96 |   0.97
0487 -     25.00 |   97.34 |     0.98 |   1.00
0488 -      0.00 |  100.00 |     0.97 |   1.00
0489 -     22.12 |   22.12 |     0.87 |   0.91
0490 -      0.00 |    0.00 |     0.91 |   0.94
0491 -     37.64 |   65.82 |     0.98 |   1.00
0492 -      0.00 |  100.00 |     0.99 |   1.00
0493 -      0.00 |    0.00 |     0.93 |   0.94
0494 -     51.73 |  100.00 |     0.97 |   1.00
0495 -     89.16 |  100.00 |     0.99 |   1.00
0496 -     37.30 |  100.00 |     0.93 |   1.00
0497 -     91.84 |   94.44 |     0.97 |   0.99
0498 -      0.00 |    0.00 |     0.91 |   0.99
0499 -     25.31 |   24.63 |     0.97 |   1.00
0500 -     84.63 |  100.00 |     0.99 |   1.00
0501 -      0.00 |  100.00 |     0.99 |   1.00
0502 -     19.82 |   20.10 |     0.92 |   0.96
0503 -      0.00 |   20.02 |     0.81 |   0.88
0504 -     90.34 |   66.75 |     0.96 |   0.90
0505 -     45.61 |   39.85 |     0.90 |   0.87
0506 -     86.37 |  100.00 |     0.98 |   1.00
0507 -     11.33 |  100.00 |     0.99 |   1.00
0508 -      0.00 |    0.00 |     0.82 |   0.88
0509 -      0.00 |    0.00 |     0.91 |   0.90
0510 -     12.46 |  100.00 |     0.98 |   1.00
0511 -      0.00 |   99.51 |     0.95 |   0.98
0512 -     92.38 |  100.00 |     0.95 |   1.00
0513 -     75.73 |  100.00 |     0.88 |   1.00
0514 -     60.00 |   84.93 |     0.68 |   0.94
0515 -     97.94 |  100.00 |     0.99 |   1.00
0516 -     78.60 |  100.00 |     0.99 |   1.00
0517 -     96.83 |  100.00 |     0.98 |   1.00
0518 -      7.54 |    6.31 |     0.97 |   1.00
0519 -     53.73 |   94.33 |     0.92 |   1.00
0520 -     16.76 |    0.00 |     0.97 |   0.98
0521 -     47.40 |   83.14 |     0.96 |   1.00
0522 -     63.76 |   99.84 |     0.99 |   0.99
0523 -     19.82 |  100.00 |     0.94 |   1.00
0524 -      0.00 |    0.00 |     0.70 |   0.73
0525 -     15.06 |  100.00 |     0.98 |   1.00
0526 -     21.64 |  100.00 |     0.95 |   1.00
0527 -     41.32 |   45.07 |     0.85 |   0.88
0528 -     94.55 |   98.33 |     0.94 |   0.97
0529 -      0.00 |    0.00 |     0.84 |   0.86
0530 -      0.00 |    0.00 |     0.96 |   0.99
0531 -      0.00 |    0.00 |     0.81 |   0.88
0532 -      0.00 |  100.00 |     0.97 |   1.00
0533 -     78.86 |   78.86 |     0.96 |   0.90
0534 -     10.23 |   10.23 |     0.98 |   0.97
0535 -      0.00 |    0.00 |     0.99 |   1.00
0536 -     70.43 |   96.03 |     0.95 |   0.94
0537 -     46.47 |  100.00 |     0.79 |   1.00
0538 -     53.88 |  100.00 |     0.98 |   1.00
0539 -      0.00 |    0.00 |     0.83 |   0.85
0540 -      0.00 |    0.00 |     0.82 |   0.81
0541 -      0.00 |    0.00 |     0.93 |   0.88
0542 -     40.30 |  100.00 |     0.99 |   1.00
0543 -      0.00 |    0.00 |     0.95 |   1.00
0544 -      0.00 |    0.00 |     0.74 |   0.79
0545 -     62.98 |  100.00 |     0.97 |   1.00
0546 -     92.80 |  100.00 |     0.97 |   1.00
0547 -     44.79 |  100.00 |     0.94 |   1.00
0548 -    100.00 |   74.56 |     1.00 |   0.97
0549 -     86.98 |  100.00 |     0.96 |   1.00
0550 -      0.00 |    0.00 |     0.85 |   0.86
0551 -     25.93 |  100.00 |     0.90 |   1.00
0552 -     31.42 |  100.00 |     0.98 |   1.00
0553 -     43.53 |  100.00 |     0.95 |   1.00
0554 -     56.11 |  100.00 |     0.99 |   1.00
0555 -      0.00 |    0.00 |     0.94 |   0.97
0556 -     35.96 |    0.00 |     1.00 |   0.96
0557 -     46.06 |   45.47 |     0.93 |   0.99
0558 -     98.52 |  100.00 |     0.99 |   1.00
0559 -     74.34 |  100.00 |     0.98 |   1.00
0560 -      0.00 |    0.00 |     0.78 |   0.79
0561 -     93.22 |  100.00 |     0.98 |   1.00
0562 -     14.78 |   14.44 |     0.82 |   0.90
0563 -     43.19 |  100.00 |     0.96 |   1.00
0564 -     88.64 |   36.12 |     0.95 |   0.98
0565 -     84.16 |  100.00 |     0.99 |   1.00
0566 -     70.85 |   78.16 |     0.98 |   0.99
0567 -     41.81 |  100.00 |     0.95 |   1.00
0568 -     12.17 |  100.00 |     0.99 |   1.00
0569 -     71.48 |   20.04 |     0.98 |   0.99
0570 -     97.29 |  100.00 |     0.98 |   1.00
0571 -     38.09 |   96.80 |     0.99 |   1.00
0572 -     64.26 |  100.00 |     0.97 |   1.00
0573 -      5.38 |   49.99 |     0.99 |   1.00
0574 -      0.00 |    0.00 |     0.72 |   0.78
0575 -      0.00 |    0.00 |     0.95 |   0.96
0576 -      0.00 |    0.00 |     0.97 |   1.00
0577 -     10.81 |   88.75 |     0.93 |   0.96
0578 -     15.09 |  100.00 |     0.99 |   1.00
0579 -     51.31 |   97.95 |     0.97 |   0.99
0580 -     50.43 |   58.70 |     0.88 |   0.95
0581 -      0.00 |    0.00 |     0.98 |   0.99
0582 -     35.89 |  100.00 |     0.98 |   1.00
0583 -     34.29 |  100.00 |     0.96 |   1.00
0584 -     42.70 |   70.56 |     0.98 |   1.00
0585 -     53.42 |   78.42 |     0.97 |   1.00
0586 -     44.25 |   85.15 |     0.94 |   0.97
0587 -     60.60 |  100.00 |     0.97 |   1.00
0588 -     21.87 |  100.00 |     0.98 |   1.00
0589 -      0.00 |   53.23 |     0.85 |   0.97
0590 -     43.51 |   42.57 |     0.92 |   0.94
0591 -     31.74 |  100.00 |     0.99 |   1.00
0592 -     90.20 |   96.42 |     0.98 |   0.99
0593 -     13.30 |  100.00 |     0.94 |   1.00
0594 -      0.00 |    0.00 |     0.97 |   0.98
0595 -      0.00 |    0.00 |     0.90 |   0.95
0596 -     21.13 |   95.73 |     0.95 |   1.00
0597 -      0.00 |    0.00 |     0.93 |   0.95
0598 -     35.04 |   32.65 |     0.97 |   0.99
0599 -      6.71 |  100.00 |     0.98 |   1.00
0600 -     26.65 |   98.26 |     0.96 |   0.98
0601 -      0.00 |    0.00 |     0.93 |   0.99
0602 -     76.44 |  100.00 |     0.99 |   1.00
0603 -     92.28 |  100.00 |     0.95 |   1.00
0604 -      0.00 |    0.00 |     0.98 |   1.00
0605 -     91.74 |  100.00 |     0.96 |   1.00
0606 -     76.88 |  100.00 |     0.98 |   1.00
0607 -     16.78 |    0.00 |     0.90 |   0.96
0608 -     32.60 |    0.00 |     0.86 |   0.89
0609 -      9.21 |    9.21 |     0.95 |   0.93
0610 -      0.00 |    0.00 |     0.92 |   0.97
0611 -      0.00 |    0.00 |     0.92 |   0.94
0612 -      0.00 |    0.00 |     0.97 |   0.98
0613 -     32.09 |  100.00 |     0.99 |   1.00
0614 -     46.41 |  100.00 |     0.97 |   1.00
0615 -     12.58 |   12.49 |     0.96 |   0.95
0616 -      4.18 |    4.18 |     0.94 |   0.98
0617 -     60.44 |   63.30 |     0.84 |   0.99
0618 -     76.10 |   86.33 |     0.97 |   0.98
0619 -     19.37 |   85.25 |     0.95 |   0.97
0620 -     89.69 |  100.00 |     0.94 |   1.00
0621 -      0.00 |    0.00 |     0.97 |   1.00
0622 -     88.14 |   94.09 |     0.96 |   0.98
0623 -     94.11 |  100.00 |     0.98 |   1.00
0624 -     24.82 |   25.44 |     0.97 |   0.96
0625 -     78.81 |  100.00 |     0.99 |   1.00
0626 -      0.00 |    0.00 |     0.95 |   1.00
0627 -     11.52 |  100.00 |     0.96 |   1.00
0628 -     34.68 |  100.00 |     0.96 |   1.00
0629 -      0.00 |    0.00 |     0.72 |   0.72
0630 -     22.93 |  100.00 |     0.94 |   1.00
0631 -     74.23 |  100.00 |     0.99 |   1.00
0632 -     28.49 |   88.20 |     0.87 |   0.95
0633 -     21.22 |  100.00 |     0.99 |   1.00
0634 -     48.83 |   93.74 |     0.98 |   0.99
0635 -     22.45 |   98.85 |     0.95 |   0.99
0636 -     18.14 |  100.00 |     0.99 |   1.00
0637 -     35.80 |   35.26 |     0.97 |   0.98
0638 -      0.00 |    0.00 |     0.96 |   0.97
0639 -     47.17 |  100.00 |     0.98 |   1.00
0640 -     78.84 |  100.00 |     0.91 |   1.00
0641 -     43.32 |  100.00 |     0.97 |   1.00
0642 -     85.16 |  100.00 |     0.98 |   1.00
0643 -     22.47 |   21.47 |     0.91 |   0.95
0644 -     94.96 |  100.00 |     0.99 |   1.00
0645 -      9.68 |  100.00 |     0.97 |   1.00
0646 -      6.62 |    0.00 |     0.89 |   0.92
0647 -      0.00 |    0.00 |     0.90 |   0.93
0648 -      0.00 |    0.00 |     0.94 |   0.96
0649 -      0.00 |    0.00 |     0.97 |   0.99
0650 -      0.00 |    0.00 |     0.82 |   0.85
0651 -     91.86 |  100.00 |     0.98 |   1.00
0652 -     87.36 |  100.00 |     0.97 |   1.00
0653 -      0.00 |  100.00 |     0.94 |   1.00
0654 -     39.04 |   66.72 |     0.98 |   0.98
0655 -     78.65 |  100.00 |     0.97 |   1.00
0656 -     78.18 |  100.00 |     0.97 |   1.00
0657 -     87.75 |  100.00 |     0.79 |   0.88
0658 -     22.54 |   22.54 |     0.92 |   0.99
0659 -      0.00 |    0.00 |     0.76 |   0.80
0660 -      0.00 |  100.00 |     0.90 |   1.00
0661 -     92.05 |  100.00 |     0.97 |   1.00
0662 -     76.15 |   43.17 |     0.96 |   1.00
0663 -      0.00 |    0.00 |     0.97 |   1.00
0664 -      0.00 |    0.00 |     0.80 |   0.81
0665 -      0.00 |  100.00 |     0.77 |   1.00
0666 -     72.36 |   80.41 |     0.92 |   0.95
0667 -     21.10 |   18.91 |     0.86 |   0.88
0668 -      0.00 |    0.00 |     0.94 |   0.99
0669 -     66.13 |   84.50 |     0.89 |   0.99
0670 -     91.40 |  100.00 |     0.96 |   1.00
0671 -     84.33 |  100.00 |     0.88 |   1.00
0672 -     68.19 |  100.00 |     0.94 |   1.00
0673 -     22.53 |  100.00 |     0.98 |   1.00
0674 -     20.00 |   73.53 |     0.93 |   0.98
0675 -     10.94 |   11.61 |     0.97 |   0.99
0676 -      0.00 |  100.00 |     0.96 |   1.00
0677 -     28.18 |  100.00 |     0.99 |   1.00
0678 -     65.38 |  100.00 |     0.99 |   1.00
0679 -     13.67 |   13.67 |     0.98 |   1.00
0680 -     34.83 |   66.44 |     0.83 |   0.91
0681 -     27.24 |   85.62 |     0.76 |   0.94
0682 -      0.00 |    0.00 |     0.87 |   0.87
0683 -      0.00 |    0.00 |     0.92 |   0.96
0684 -     30.65 |  100.00 |     0.96 |   1.00
0685 -      0.00 |    0.00 |     0.72 |   0.83
0686 -     33.29 |   32.68 |     0.94 |   0.99
0687 -      0.00 |  100.00 |     0.97 |   1.00
0688 -     78.33 |   82.24 |     0.94 |   0.99
0689 -     94.27 |  100.00 |     0.99 |   1.00
0690 -     19.16 |  100.00 |     0.99 |   1.00
0691 -     93.20 |  100.00 |     0.98 |   1.00
0692 -     19.32 |   98.80 |     1.00 |   1.00
0693 -     75.90 |  100.00 |     0.98 |   1.00
0694 -     94.25 |   98.94 |     0.95 |   0.97
0695 -     25.26 |  100.00 |     0.99 |   1.00
0696 -     51.62 |  100.00 |     0.99 |   1.00
0697 -      0.00 |   64.15 |     0.99 |   1.00
0698 -     34.39 |  100.00 |     0.98 |   1.00
0699 -     48.05 |   70.45 |     0.89 |   0.98
0700 -     95.02 |  100.00 |     0.98 |   1.00
0701 -     22.36 |    0.00 |     0.94 |   1.00
0702 -     75.80 |   60.64 |     0.93 |   0.96
0703 -      0.00 |    0.00 |     0.94 |   0.99
0704 -      0.00 |    0.00 |     0.97 |   1.00
0705 -     42.24 |   96.53 |     0.91 |   0.99
0706 -      0.00 |    0.00 |     0.93 |   0.98
0707 -     83.13 |  100.00 |     0.98 |   1.00
0708 -     23.61 |  100.00 |     0.89 |   1.00
0709 -     68.80 |  100.00 |     0.77 |   1.00
0710 -     27.29 |  100.00 |     1.00 |   1.00
0711 -     70.46 |  100.00 |     0.94 |   1.00
0712 -     69.73 |   67.98 |     0.98 |   0.99
0713 -      0.00 |    0.00 |     0.92 |   0.94
0714 -     14.94 |   60.54 |     0.97 |   1.00
0715 -      6.17 |    0.00 |     0.98 |   1.00
0716 -     71.44 |  100.00 |     0.93 |   1.00
0717 -     62.48 |  100.00 |     0.83 |   1.00
0718 -     40.38 |  100.00 |     0.99 |   1.00
0719 -     74.96 |   17.01 |     0.98 |   0.99
0720 -      4.57 |    4.22 |     0.98 |   1.00
0721 -     71.05 |   81.67 |     0.97 |   1.00
0722 -     19.10 |  100.00 |     0.97 |   1.00
0723 -     54.50 |  100.00 |     0.96 |   1.00
0724 -      0.00 |    0.00 |     0.94 |   0.92
0725 -    100.00 |   50.58 |     1.00 |   0.98
0726 -     85.11 |  100.00 |     0.99 |   1.00
0727 -     26.77 |  100.00 |     0.99 |   1.00
0728 -     52.09 |  100.00 |     0.97 |   0.98
0729 -     94.40 |   99.86 |     0.95 |   0.97
0730 -     50.89 |   53.13 |     0.95 |   0.98
0731 -     16.18 |  100.00 |     0.95 |   1.00
0732 -      0.00 |  100.00 |     0.99 |   1.00
0733 -      4.55 |    4.19 |     0.98 |   0.99
0734 -      0.00 |    0.00 |     0.98 |   1.00
0735 -     60.05 |  100.00 |     0.96 |   1.00
0736 -     55.51 |   80.06 |     0.99 |   1.00
0737 -     78.65 |   90.04 |     0.94 |   0.95
0738 -     83.74 |  100.00 |     0.93 |   1.00
0739 -     77.40 |   73.70 |     0.94 |   0.97
0740 -     94.33 |  100.00 |     0.99 |   1.00
0741 -     87.46 |  100.00 |     0.90 |   1.00
0742 -     94.65 |   99.37 |     0.99 |   1.00
0743 -     17.03 |   16.75 |     0.98 |   0.98
0744 -     65.89 |   98.00 |     0.98 |   1.00
0745 -     36.62 |  100.00 |     0.99 |   1.00
0746 -      0.00 |    0.00 |     0.87 |   0.88
0747 -      0.00 |    0.00 |     0.95 |   1.00
0748 -     94.72 |  100.00 |     0.98 |   1.00
0749 -      0.00 |    0.00 |     0.96 |   0.98
0750 -     41.04 |   99.83 |     0.96 |   0.97
0751 -     39.93 |  100.00 |     0.91 |   1.00
0752 -     51.02 |  100.00 |     0.99 |   1.00
0753 -      0.00 |    0.00 |     0.94 |   1.00
0754 -     49.76 |   81.82 |     0.85 |   0.89
0755 -     13.61 |   53.23 |     0.94 |   0.99
0756 -     71.64 |  100.00 |     0.98 |   1.00
0757 -     71.87 |  100.00 |     0.98 |   1.00
0758 -    100.00 |   78.17 |     1.00 |   0.90
0759 -      6.76 |    7.34 |     0.91 |   0.91
0760 -     92.74 |  100.00 |     0.93 |   1.00
0761 -     75.07 |  100.00 |     0.94 |   1.00
0762 -     30.69 |  100.00 |     0.95 |   1.00
0763 -     54.46 |  100.00 |     0.97 |   1.00
0764 -     95.80 |  100.00 |     0.99 |   1.00
0765 -     71.12 |  100.00 |     0.87 |   1.00
0766 -     18.28 |    0.00 |     0.99 |   1.00
0767 -      0.00 |    0.00 |     0.95 |   0.97
0768 -     54.88 |  100.00 |     0.82 |   1.00
0769 -     23.82 |  100.00 |     0.90 |   1.00
0770 -      0.00 |    0.00 |     0.92 |   0.93
0771 -     38.34 |  100.00 |     0.98 |   1.00
0772 -      0.00 |  100.00 |     0.97 |   1.00
0773 -     61.98 |  100.00 |     0.99 |   1.00
0774 -     20.32 |  100.00 |     0.96 |   1.00
0775 -     24.95 |   64.86 |     0.97 |   1.00
0776 -      0.00 |  100.00 |     0.78 |   1.00
0777 -      0.00 |    0.00 |     0.82 |   1.00
0778 -     39.52 |   39.52 |     0.87 |   0.88
0779 -     10.26 |   49.24 |     0.95 |   0.96
0780 -     36.01 |   81.53 |     0.97 |   1.00
0781 -      0.00 |   17.90 |     0.93 |   1.00
0782 -      0.00 |  100.00 |     0.90 |   1.00
0783 -      0.00 |    0.00 |     0.98 |   0.99
0784 -     53.67 |  100.00 |     0.98 |   1.00
0785 -     76.27 |  100.00 |     0.98 |   1.00
0786 -     89.32 |  100.00 |     0.97 |   1.00
0787 -      0.00 |    0.00 |     0.88 |   0.90
0788 -      0.00 |    0.00 |     0.99 |   1.00
0789 -      0.00 |    0.00 |     0.92 |   1.00
0790 -     93.26 |  100.00 |     0.97 |   1.00
0791 -     13.01 |   96.06 |     0.98 |   0.99
0792 -     98.98 |   81.64 |     1.00 |   0.89
0793 -      0.00 |    0.00 |     0.91 |   0.92
0794 -     39.17 |  100.00 |     0.93 |   0.95
0795 -     94.31 |  100.00 |     0.97 |   1.00
0796 -     85.96 |  100.00 |     0.88 |   1.00
0797 -     61.98 |   67.80 |     0.87 |   0.96
0798 -     22.56 |  100.00 |     0.97 |   1.00
0799 -     70.24 |   62.40 |     0.97 |   1.00
0800 -      0.00 |    0.00 |     0.92 |   0.99
0801 -      0.00 |    0.00 |     0.94 |   0.95
0802 -     28.63 |  100.00 |     0.98 |   1.00
0803 -     29.82 |  100.00 |     0.98 |   1.00
0804 -     49.14 |   20.02 |     0.96 |   1.00
0805 -      0.00 |    0.00 |     0.97 |   0.99
0806 -     35.30 |   34.06 |     1.00 |   0.96
0807 -     39.01 |  100.00 |     0.96 |   1.00
0808 -      9.06 |  100.00 |     1.00 |   1.00
0809 -      6.50 |    6.40 |     0.94 |   1.00
0810 -     41.36 |   40.40 |     0.97 |   0.98
0811 -     95.03 |  100.00 |     0.97 |   1.00
0812 -     50.28 |  100.00 |     0.97 |   1.00
0813 -      0.00 |    0.00 |     0.87 |   0.86
0814 -     76.73 |  100.00 |     0.94 |   1.00
0815 -     29.05 |   84.36 |     0.90 |   0.97
0816 -     32.53 |    0.00 |     0.96 |   1.00
0817 -     18.46 |  100.00 |     0.97 |   1.00
0818 -      0.00 |    0.00 |     0.96 |   0.97
0819 -     29.77 |  100.00 |     0.96 |   1.00
0820 -     33.42 |   37.99 |     0.94 |   0.99
0821 -     32.49 |   99.68 |     0.91 |   0.96
0822 -     95.89 |  100.00 |     0.99 |   1.00
0823 -     45.14 |  100.00 |     1.00 |   1.00
0824 -     73.20 |  100.00 |     0.99 |   1.00
0825 -     58.60 |   49.50 |     0.90 |   0.92
0826 -      0.00 |  100.00 |     0.81 |   1.00
0827 -     14.27 |   97.81 |     0.97 |   0.98
0828 -     80.14 |  100.00 |     0.98 |   1.00
0829 -     24.78 |  100.00 |     0.98 |   1.00
0830 -     28.43 |   25.54 |     0.97 |   0.98
0831 -     39.75 |   37.59 |     0.80 |   0.93
0832 -     53.40 |  100.00 |     0.96 |   1.00
==============================================
