==============================================
BLEU GOLD:                               27.41
BLEU IN:                                 49.25
SIM GOLD:                               0.8516
SIM IN:                                 0.9311
==============================================
       BLEU GOLD | BLEU IN | SIM GOLD | SIM IN
0001 -      0.00 |    0.00 |     0.71 |   0.81
0002 -     83.78 |  100.00 |     0.96 |   1.00
0003 -      0.00 |    0.00 |     0.77 |   0.95
0004 -     37.27 |   93.97 |     0.88 |   0.98
0005 -     54.73 |   88.40 |     0.95 |   0.97
0006 -      0.00 |    0.00 |     0.83 |   0.97
0007 -      0.00 |    0.00 |     0.45 |   0.41
0008 -      0.00 |    0.00 |     0.72 |   0.95
0009 -      0.00 |    0.00 |     0.71 |   0.88
0010 -     11.27 |   69.52 |     0.99 |   1.00
0011 -     88.62 |   92.05 |     0.84 |   0.98
0012 -     68.21 |  100.00 |     0.95 |   1.00
0013 -     15.49 |   16.52 |     0.74 |   0.81
0014 -      0.00 |   89.92 |     0.77 |   0.99
0015 -      0.00 |    0.00 |     0.91 |   0.97
0016 -     25.68 |   25.69 |     0.81 |   0.99
0017 -      0.00 |  100.00 |     0.62 |   1.00
0018 -     35.34 |   38.37 |     0.91 |   0.97
0019 -      0.00 |   95.76 |     0.95 |   0.98
0020 -     48.15 |   43.98 |     0.85 |   1.00
0021 -      8.14 |    8.56 |     0.93 |   0.98
0022 -      0.00 |   99.15 |     0.93 |   0.97
0023 -      0.00 |   99.16 |     0.91 |   0.98
0024 -     70.95 |   76.65 |     0.94 |   0.95
0025 -     30.98 |   35.54 |     0.86 |   0.92
0026 -     20.16 |   21.07 |     0.98 |   0.99
0027 -     39.94 |   88.63 |     0.93 |   0.96
0028 -     37.08 |   31.38 |     0.93 |   1.00
0029 -     54.34 |   58.28 |     0.91 |   0.95
0030 -      0.00 |    0.00 |     0.73 |   0.74
0031 -     20.24 |    0.00 |     0.56 |   0.64
0032 -     17.64 |   85.01 |     0.89 |   0.98
0033 -      0.00 |    0.00 |     0.87 |   0.94
0034 -      0.00 |    0.00 |     0.87 |   0.89
0035 -     50.47 |   96.00 |     0.87 |   0.99
0036 -     15.75 |   96.81 |     0.98 |   0.99
0037 -     11.53 |    6.97 |     0.80 |   0.87
0038 -     31.72 |   14.20 |     0.95 |   1.00
0039 -     10.80 |   83.22 |     0.92 |   0.97
0040 -     12.01 |    9.79 |     0.82 |   0.94
0041 -     47.76 |  100.00 |     0.93 |   1.00
0042 -     62.10 |   51.86 |     0.84 |   0.92
0043 -     57.51 |    0.00 |     0.97 |   0.98
0044 -     54.71 |   41.54 |     0.91 |   1.00
0045 -     38.31 |   32.59 |     0.91 |   0.99
0046 -      0.00 |    0.00 |     0.80 |   0.85
0047 -      7.47 |   21.55 |     0.88 |   0.94
0048 -     44.21 |   18.92 |     0.90 |   0.97
0049 -     57.20 |   98.08 |     0.98 |   1.00
0050 -     37.46 |   60.07 |     0.85 |   0.92
0051 -      0.00 |    0.00 |     0.70 |   0.78
0052 -     16.40 |   14.77 |     0.93 |   0.96
0053 -      0.00 |    0.00 |     0.72 |   0.83
0054 -      0.00 |    0.00 |     0.76 |   0.77
0055 -      0.00 |    8.03 |     0.73 |   0.80
0056 -     41.26 |   38.83 |     0.97 |   0.99
0057 -     93.51 |   94.74 |     0.96 |   0.97
0058 -      0.00 |    0.00 |     0.87 |   0.89
0059 -     81.00 |  100.00 |     0.83 |   1.00
0060 -      0.00 |    0.00 |     0.85 |   0.88
0061 -     17.76 |  100.00 |     0.99 |   0.99
0062 -     67.82 |   94.76 |     0.95 |   0.99
0063 -      0.00 |    0.00 |     0.82 |   0.87
0064 -     44.41 |   51.24 |     0.90 |   0.93
0065 -      6.39 |    6.39 |     0.93 |   0.95
0066 -     43.71 |  100.00 |     0.93 |   1.00
0067 -     24.17 |   22.51 |     0.98 |   0.98
0068 -     74.48 |  100.00 |     0.73 |   1.00
0069 -      0.00 |    0.00 |     0.73 |   0.77
0070 -      0.00 |    0.00 |     0.52 |   0.57
0071 -      6.30 |   54.47 |     0.92 |   0.97
0072 -      0.00 |    0.00 |     0.68 |   0.75
0073 -     67.91 |   48.83 |     0.86 |   1.00
0074 -      0.00 |    0.00 |     0.67 |   0.73
0075 -     26.68 |   26.38 |     0.94 |   0.97
0076 -     28.10 |   23.12 |     0.64 |   0.74
0077 -     19.42 |   18.98 |     0.76 |   0.73
0078 -      0.00 |    0.00 |     0.76 |   0.75
0079 -      0.00 |   95.64 |     0.94 |   0.99
0080 -     14.13 |    6.76 |     0.88 |   0.95
0081 -      8.80 |    8.25 |     0.91 |   0.98
0082 -      0.00 |    0.00 |     0.78 |   0.81
0083 -     20.81 |    0.00 |     0.94 |   0.94
0084 -      8.31 |   27.22 |     0.80 |   0.94
0085 -     57.91 |  100.00 |     0.73 |   1.00
0086 -      0.00 |  100.00 |     0.89 |   1.00
0087 -     81.95 |  100.00 |     0.90 |   1.00
0088 -     85.16 |  100.00 |     0.98 |   1.00
0089 -     31.07 |   31.43 |     0.92 |   0.94
0090 -     74.09 |   93.28 |     0.82 |   0.97
0091 -      0.00 |  100.00 |     0.91 |   1.00
0092 -     53.27 |   69.75 |     0.91 |   0.95
0093 -      0.00 |    9.63 |     0.82 |   0.92
0094 -     10.29 |    9.00 |     0.73 |   0.83
0095 -     98.06 |  100.00 |     0.94 |   1.00
0096 -     12.78 |   15.08 |     0.97 |   0.91
0097 -     41.16 |   96.92 |     0.83 |   0.90
0098 -     54.80 |   93.95 |     0.89 |   0.98
0099 -     76.11 |   97.33 |     0.86 |   0.99
0100 -     34.02 |   51.10 |     0.64 |   0.96
0101 -     16.33 |    0.00 |     0.82 |   0.94
0102 -      0.00 |    0.00 |     0.75 |   0.79
0103 -     12.72 |   98.00 |     0.96 |   1.00
0104 -     51.37 |   79.16 |     0.94 |   0.97
0105 -     48.80 |  100.00 |     0.93 |   1.00
0106 -     89.47 |   92.62 |     0.96 |   0.99
0107 -      0.00 |    0.00 |     0.75 |   0.84
0108 -     44.68 |   98.37 |     0.83 |   0.99
0109 -     98.26 |   87.07 |     0.88 |   0.94
0110 -     11.73 |   96.94 |     0.90 |   0.99
0111 -     56.54 |  100.00 |     0.95 |   1.00
0112 -     50.18 |   99.32 |     0.95 |   1.00
0113 -      7.50 |    6.36 |     0.86 |   0.93
0114 -      0.00 |    0.00 |     0.87 |   0.86
0115 -     66.04 |   87.95 |     0.96 |   0.97
0116 -     55.21 |   97.80 |     0.83 |   0.89
0117 -     15.61 |   33.60 |     0.81 |   0.81
0118 -     13.46 |   12.84 |     0.92 |   0.98
0119 -     84.70 |   88.84 |     0.88 |   0.96
0120 -     15.61 |   99.02 |     0.93 |   0.96
0121 -      0.00 |    0.00 |     0.82 |   0.98
0122 -     22.14 |   18.17 |     0.86 |   0.88
0123 -     26.58 |   85.26 |     0.84 |   0.92
0124 -     43.07 |  100.00 |     0.58 |   1.00
0125 -      0.00 |    0.00 |     0.93 |   0.99
0126 -      0.00 |    0.00 |     0.87 |   0.92
0127 -     94.37 |   70.26 |     0.95 |   0.98
0128 -     32.14 |   73.31 |     0.89 |   1.00
0129 -     19.29 |   76.66 |     0.79 |   0.97
0130 -     56.78 |   81.31 |     0.95 |   0.99
0131 -     68.96 |  100.00 |     0.96 |   1.00
0132 -     52.94 |   98.45 |     0.78 |   0.96
0133 -      0.00 |    0.00 |     0.84 |   0.89
0134 -      0.00 |    0.00 |     0.95 |   0.99
0135 -     40.71 |   73.61 |     0.87 |   0.89
0136 -     65.79 |    0.00 |     0.89 |   0.92
0137 -     13.19 |   91.24 |     0.96 |   1.00
0138 -      0.00 |  100.00 |     0.80 |   1.00
0139 -     32.87 |   31.03 |     0.94 |   1.00
0140 -     22.70 |   98.74 |     0.91 |   1.00
0141 -     32.43 |   25.87 |     0.87 |   0.99
0142 -     75.73 |   67.83 |     0.75 |   1.00
0143 -      0.00 |    0.00 |     0.68 |   0.76
0144 -      0.00 |    0.00 |     0.78 |   0.81
0145 -     38.08 |   68.52 |     0.90 |   0.93
0146 -     56.79 |   70.28 |     0.96 |   0.99
0147 -      0.00 |    0.00 |     0.84 |   0.96
0148 -      0.00 |    0.00 |     0.74 |   0.85
0149 -      0.00 |  100.00 |     0.96 |   1.00
0150 -     36.99 |   77.92 |     0.79 |   0.97
0151 -      0.00 |  100.00 |     0.71 |   1.00
0152 -     67.95 |   53.87 |     0.93 |   0.97
0153 -     90.22 |    4.82 |     0.99 |   1.00
0154 -     15.50 |   13.46 |     0.80 |   0.94
0155 -      0.00 |    0.00 |     0.74 |   0.87
0156 -      0.00 |    0.00 |     0.91 |   0.99
0157 -      0.00 |    8.83 |     0.82 |   1.00
0158 -     59.36 |  100.00 |     0.88 |   1.00
0159 -      0.00 |    0.00 |     0.60 |   0.63
0160 -      8.24 |    0.00 |     0.67 |   0.76
0161 -     72.01 |  100.00 |     0.88 |   1.00
0162 -      0.00 |    0.00 |     0.81 |   0.81
0163 -     39.34 |   37.90 |     0.95 |   0.96
0164 -      0.00 |    0.00 |     0.63 |   0.83
0165 -      0.00 |   58.88 |     0.92 |   0.95
0166 -     21.23 |   94.27 |     0.86 |   0.98
0167 -      8.02 |    8.02 |     0.78 |   0.85
0168 -     30.66 |  100.00 |     0.83 |   1.00
0169 -      0.00 |   69.93 |     0.72 |   0.96
0170 -     41.81 |   94.66 |     0.93 |   0.98
0171 -      0.00 |    0.00 |     0.95 |   0.97
0172 -     44.45 |   99.38 |     0.94 |   1.00
0173 -     25.94 |   18.62 |     0.80 |   0.92
0174 -     37.14 |    0.00 |     0.73 |   0.98
0175 -     25.84 |  100.00 |     0.95 |   1.00
0176 -     13.05 |   25.48 |     0.84 |   0.99
0177 -      0.00 |    0.00 |     0.60 |   0.70
0178 -      0.00 |    0.00 |     0.95 |   0.97
0179 -     21.19 |   64.47 |     0.86 |   0.96
0180 -     27.88 |   92.19 |     0.81 |   0.97
0181 -      0.00 |    0.00 |     0.79 |   0.89
0182 -     11.04 |  100.00 |     0.88 |   1.00
0183 -      0.00 |    0.00 |     0.77 |   0.79
0184 -      0.00 |   21.42 |     0.97 |   0.99
0185 -      0.00 |    0.00 |     0.58 |   1.00
0186 -      0.00 |   39.36 |     0.68 |   0.91
0187 -     38.30 |   36.51 |     0.93 |   0.87
0188 -      0.00 |    0.00 |     0.94 |   0.99
0189 -     15.12 |   15.08 |     0.86 |   0.96
0190 -     31.57 |   93.70 |     0.95 |   1.00
0191 -      9.05 |   26.90 |     0.85 |   0.91
0192 -      0.00 |  100.00 |     0.76 |   1.00
0193 -      0.00 |    0.00 |     0.57 |   0.68
0194 -     68.09 |   97.77 |     0.89 |   0.94
0195 -     27.80 |   25.07 |     0.94 |   0.98
0196 -     30.97 |   29.47 |     0.91 |   0.99
0197 -     18.33 |   15.06 |     0.81 |   0.93
0198 -      0.00 |    0.00 |     0.66 |   0.95
0199 -     20.74 |   83.12 |     0.93 |   0.98
0200 -      6.79 |    0.00 |     0.91 |   0.88
0201 -     57.48 |   62.34 |     0.86 |   0.98
0202 -     77.64 |   83.89 |     0.90 |   0.94
0203 -      0.00 |  100.00 |     0.97 |   1.00
0204 -      0.00 |   13.11 |     0.73 |   0.86
0205 -     94.99 |  100.00 |     0.98 |   1.00
0206 -      0.00 |   86.31 |     0.92 |   0.94
0207 -     54.08 |   87.51 |     0.97 |   0.98
0208 -      0.00 |  100.00 |     0.98 |   1.00
0209 -     63.01 |   98.79 |     0.91 |   0.96
0210 -     39.31 |  100.00 |     0.94 |   1.00
0211 -     11.44 |  100.00 |     0.86 |   1.00
0212 -     39.97 |   45.95 |     0.87 |   0.94
0213 -     12.25 |   13.97 |     0.86 |   0.94
0214 -      7.63 |    8.07 |     0.84 |   0.95
0215 -      0.00 |    0.00 |     0.81 |   0.86
0216 -      6.26 |   98.15 |     0.96 |   1.00
0217 -     18.85 |   17.21 |     0.63 |   0.68
0218 -      0.00 |   98.65 |     0.84 |   1.00
0219 -      0.00 |    0.00 |     0.92 |   0.99
0220 -     21.38 |   77.74 |     0.76 |   0.80
0221 -     63.61 |   56.52 |     0.81 |   0.82
0222 -      0.00 |    0.00 |     0.78 |   0.74
0223 -     77.52 |   74.39 |     0.94 |   0.95
0224 -      0.00 |    4.31 |     0.60 |   0.65
0225 -     57.86 |  100.00 |     0.86 |   1.00
0226 -      0.00 |    0.00 |     0.75 |   0.79
0227 -      0.00 |    0.00 |     0.84 |   0.88
0228 -     27.70 |   96.07 |     0.91 |   0.96
0229 -     51.48 |  100.00 |     0.51 |   1.00
0230 -      6.08 |   79.38 |     0.90 |   0.98
0231 -     29.49 |   27.95 |     0.87 |   0.96
0232 -      0.00 |   97.64 |     0.95 |   1.00
0233 -     18.09 |   98.92 |     0.93 |   1.00
0234 -     72.82 |   83.17 |     0.94 |   0.95
0235 -      0.00 |   56.72 |     0.95 |   1.00
0236 -     28.31 |   79.15 |     0.98 |   1.00
0237 -      8.72 |   73.78 |     0.84 |   0.89
0238 -      0.00 |   30.41 |     0.83 |   0.98
0239 -      0.00 |    0.00 |     0.75 |   0.87
0240 -      0.00 |    0.00 |     0.68 |   0.83
0241 -     17.89 |   96.83 |     0.98 |   1.00
0242 -      0.00 |    0.00 |     0.74 |   0.78
0243 -      0.00 |    0.00 |     0.96 |   0.98
0244 -     77.36 |  100.00 |     0.91 |   1.00
0245 -     61.40 |   36.05 |     0.86 |   0.97
0246 -      0.00 |  100.00 |     0.86 |   1.00
0247 -     13.62 |    0.00 |     0.71 |   0.67
0248 -      0.00 |    0.00 |     0.93 |   0.96
0249 -     16.36 |   25.90 |     0.94 |   0.97
0250 -      0.00 |    0.00 |     0.71 |   0.66
0251 -      0.00 |   92.35 |     0.93 |   0.97
0252 -     42.06 |   91.44 |     0.83 |   0.98
0253 -      0.00 |    0.00 |     0.82 |   1.00
0254 -      0.00 |    0.00 |     0.89 |   0.91
0255 -      0.00 |    0.00 |     0.54 |   0.66
0256 -      0.00 |    0.00 |     0.85 |   0.92
0257 -      0.00 |   67.41 |     0.82 |   0.86
0258 -     46.51 |   66.84 |     0.77 |   0.96
0259 -     67.29 |   98.40 |     0.88 |   0.99
0260 -      0.00 |    0.00 |     0.95 |   0.99
0261 -     13.11 |    0.00 |     0.51 |   0.53
0262 -     26.87 |   26.63 |     0.79 |   0.83
0263 -      5.13 |    4.68 |     0.76 |   0.88
0264 -     18.93 |   16.59 |     0.93 |   0.94
0265 -     37.41 |   82.07 |     0.73 |   0.99
0266 -     19.99 |   98.93 |     0.98 |   0.99
0267 -      7.48 |    0.00 |     0.98 |   0.89
0268 -     67.52 |  100.00 |     0.79 |   1.00
0269 -     48.19 |  100.00 |     0.92 |   1.00
0270 -     99.40 |  100.00 |     0.97 |   1.00
0271 -     41.27 |  100.00 |     0.97 |   1.00
0272 -     33.73 |  100.00 |     0.86 |   1.00
0273 -      0.00 |    0.00 |     0.95 |   0.97
0274 -     89.84 |   98.97 |     0.96 |   0.98
0275 -     77.41 |   84.50 |     0.83 |   0.95
0276 -      0.00 |    0.00 |     0.77 |   0.86
0277 -     46.62 |   98.62 |     0.91 |   1.00
0278 -     69.37 |   95.72 |     0.86 |   0.98
0279 -     79.81 |   85.43 |     0.78 |   0.93
0280 -     90.52 |   92.50 |     0.87 |   0.96
0281 -     52.16 |   35.95 |     0.87 |   0.94
0282 -     43.61 |   43.41 |     0.97 |   0.97
0283 -     90.38 |   34.86 |     0.84 |   0.80
0284 -     23.75 |   92.43 |     0.88 |   0.98
0285 -     61.67 |   65.59 |     0.67 |   0.82
0286 -      0.00 |    0.00 |     0.92 |   0.98
0287 -     10.63 |    8.45 |     0.81 |   0.94
0288 -     59.50 |   69.24 |     0.95 |   0.99
0289 -     68.77 |   90.78 |     0.88 |   0.97
0290 -     59.92 |   46.55 |     0.91 |   0.99
0291 -      0.00 |    0.00 |     0.78 |   0.91
0292 -     52.21 |   95.34 |     0.92 |   0.99
0293 -     39.55 |  100.00 |     0.99 |   1.00
0294 -      0.00 |    0.00 |     0.91 |   1.00
0295 -     64.64 |    0.00 |     0.82 |   0.89
0296 -     77.79 |   27.96 |     0.98 |   1.00
0297 -     25.77 |   25.16 |     0.95 |   1.00
0298 -     12.28 |   98.61 |     0.92 |   0.99
0299 -     20.00 |   38.33 |     0.97 |   0.98
0300 -      3.71 |    3.92 |     0.57 |   0.73
0301 -     50.83 |  100.00 |     0.94 |   1.00
0302 -     66.78 |  100.00 |     0.95 |   1.00
0303 -     44.99 |   99.27 |     0.94 |   0.98
0304 -      0.00 |   92.75 |     0.73 |   0.97
0305 -     99.00 |  100.00 |     0.94 |   1.00
0306 -      4.33 |    0.00 |     0.76 |   0.78
0307 -     27.10 |  100.00 |     0.87 |   1.00
0308 -     57.62 |   42.71 |     0.75 |   0.88
0309 -     12.03 |   80.36 |     0.85 |   0.94
0310 -     53.39 |   91.73 |     0.94 |   0.98
0311 -      0.00 |    7.32 |     0.77 |   0.98
0312 -     56.22 |   53.58 |     0.77 |   0.95
0313 -      0.00 |    0.00 |     0.93 |   1.00
0314 -      0.00 |    0.00 |     0.88 |   0.93
0315 -     84.35 |  100.00 |     0.90 |   1.00
0316 -      0.00 |    0.00 |     0.91 |   0.92
0317 -      9.78 |   27.88 |     0.92 |   0.96
0318 -     18.31 |    0.00 |     0.81 |   0.85
0319 -      9.65 |   89.61 |     0.97 |   0.98
0320 -     78.79 |  100.00 |     0.99 |   1.00
0321 -     48.43 |   49.14 |     0.91 |   0.96
0322 -      0.00 |    0.00 |     0.65 |   0.79
0323 -     22.06 |   34.86 |     0.96 |   0.98
0324 -      0.00 |   98.11 |     0.94 |   0.95
0325 -     20.86 |   56.04 |     0.77 |   0.76
0326 -      0.00 |    0.00 |     0.95 |   0.98
0327 -     43.23 |  100.00 |     0.80 |   1.00
0328 -     40.53 |   84.50 |     0.94 |   0.96
0329 -      0.00 |    0.00 |     0.67 |   0.66
0330 -     85.91 |  100.00 |     0.92 |   1.00
0331 -     30.89 |   62.09 |     0.85 |   0.99
0332 -      0.00 |   10.81 |     0.72 |   0.89
0333 -      0.00 |    5.45 |     0.77 |   0.81
0334 -      0.00 |    0.00 |     0.86 |   0.87
0335 -      0.00 |   36.56 |     0.93 |   0.96
0336 -      7.02 |   53.58 |     0.90 |   0.94
0337 -     82.73 |   90.30 |     0.97 |   0.98
0338 -      0.00 |    0.00 |     0.82 |   0.90
0339 -     96.54 |   99.30 |     0.95 |   1.00
0340 -     86.87 |   97.84 |     0.90 |   1.00
0341 -     58.37 |   66.46 |     0.78 |   0.90
0342 -     34.99 |   25.47 |     0.96 |   1.00
0343 -     24.03 |  100.00 |     0.92 |   1.00
0344 -     46.09 |   59.22 |     0.91 |   0.99
0345 -      7.11 |   12.48 |     0.94 |   0.96
0346 -     16.74 |   18.35 |     0.93 |   0.98
0347 -      0.00 |    0.00 |     0.97 |   1.00
0348 -     66.50 |   99.09 |     0.96 |   1.00
0349 -     32.54 |   34.41 |     0.76 |   0.95
0350 -      0.00 |    0.00 |     0.86 |   0.95
0351 -     24.37 |   17.17 |     0.91 |   0.96
0352 -     98.73 |  100.00 |     0.95 |   1.00
0353 -     40.41 |   63.44 |     0.93 |   0.97
0354 -     42.38 |   64.57 |     0.96 |   0.99
0355 -      0.00 |    0.00 |     0.85 |   0.95
0356 -      0.00 |    0.00 |     0.85 |   0.92
0357 -      0.00 |    0.00 |     0.88 |   0.89
0358 -     18.28 |   36.26 |     0.81 |   0.91
0359 -     18.75 |   16.26 |     0.88 |   0.93
0360 -      9.74 |    0.00 |     0.85 |   0.86
0361 -      6.01 |    5.94 |     0.58 |   0.58
0362 -      5.73 |    0.00 |     0.86 |   0.89
0363 -     56.78 |   91.38 |     0.91 |   0.96
0364 -     54.12 |   96.76 |     0.94 |   0.98
0365 -      0.00 |    0.00 |     0.85 |   0.93
0366 -     73.26 |  100.00 |     0.97 |   1.00
0367 -      0.00 |   85.66 |     0.90 |   0.91
0368 -     47.48 |  100.00 |     0.76 |   1.00
0369 -      0.00 |    0.00 |     0.89 |   0.96
0370 -      0.00 |  100.00 |     0.96 |   1.00
0371 -      0.00 |   36.33 |     0.89 |   0.92
0372 -     70.62 |  100.00 |     0.95 |   1.00
0373 -     17.23 |  100.00 |     0.88 |   1.00
0374 -     30.74 |   73.63 |     0.97 |   0.98
0375 -     49.43 |   61.37 |     0.94 |   0.99
0376 -     65.48 |   91.58 |     0.91 |   0.97
0377 -     45.65 |   74.95 |     0.74 |   0.95
0378 -      0.00 |    0.00 |     0.86 |   0.93
0379 -     28.20 |   31.77 |     0.93 |   0.98
0380 -      0.00 |    8.14 |     0.95 |   0.94
0381 -      0.00 |    0.00 |     0.88 |   0.94
0382 -     98.52 |   98.90 |     0.81 |   0.94
0383 -     67.78 |  100.00 |     0.81 |   1.00
0384 -     26.00 |   98.04 |     0.98 |   1.00
0385 -      0.00 |    0.00 |     0.94 |   0.97
0386 -      0.00 |  100.00 |     0.95 |   1.00
0387 -      0.00 |    0.00 |     0.91 |   0.89
0388 -     14.77 |   14.95 |     0.90 |   0.95
0389 -     86.04 |   98.64 |     0.79 |   0.83
0390 -     42.18 |    0.00 |     0.83 |   0.78
0391 -     23.26 |   57.85 |     0.48 |   0.69
0392 -     83.15 |   90.00 |     0.89 |   0.97
0393 -     18.03 |   13.48 |     0.80 |   0.99
0394 -      0.00 |    0.00 |     0.85 |   0.94
0395 -     57.62 |   98.37 |     0.98 |   1.00
0396 -     48.43 |  100.00 |     0.98 |   1.00
0397 -     78.29 |  100.00 |     0.98 |   1.00
0398 -      0.00 |    0.00 |     0.92 |   0.99
0399 -     70.76 |  100.00 |     0.87 |   1.00
0400 -      0.00 |    0.00 |     0.59 |   0.62
0401 -      0.00 |   63.60 |     0.98 |   1.00
0402 -     77.62 |   99.54 |     0.95 |   1.00
0403 -      4.00 |    4.23 |     0.90 |   1.00
0404 -     13.54 |    0.00 |     0.67 |   0.61
0405 -     70.48 |   85.61 |     0.87 |   0.92
0406 -     38.60 |    0.00 |     0.90 |   0.86
0407 -     61.97 |  100.00 |     0.86 |   1.00
0408 -      7.87 |  100.00 |     0.99 |   1.00
0409 -     17.65 |   71.20 |     0.92 |   1.00
0410 -     85.66 |   80.43 |     0.95 |   0.99
0411 -      0.00 |   86.90 |     0.85 |   0.99
0412 -      0.00 |    0.00 |     0.96 |   0.99
0413 -     61.70 |   68.58 |     0.84 |   1.00
0414 -     24.77 |   30.87 |     0.88 |   0.92
0415 -      0.00 |    0.00 |     0.87 |   0.85
0416 -     14.21 |    5.94 |     0.82 |   0.90
0417 -      0.00 |    0.00 |     0.79 |   0.99
0418 -     68.45 |   60.51 |     0.94 |   0.92
0419 -     12.51 |    0.00 |     0.55 |   0.75
0420 -     23.90 |   71.84 |     0.96 |   1.00
0421 -      7.55 |    6.75 |     0.80 |   0.79
0422 -     48.32 |   99.09 |     0.71 |   0.89
0423 -     50.30 |  100.00 |     0.90 |   1.00
0424 -     26.90 |  100.00 |     0.95 |   1.00
0425 -     34.74 |  100.00 |     0.83 |   1.00
0426 -     45.87 |    0.00 |     0.85 |   0.89
0427 -     25.41 |   98.26 |     0.94 |   0.96
0428 -      6.77 |   99.26 |     0.89 |   0.96
0429 -      0.00 |    0.00 |     0.76 |   0.92
0430 -     41.35 |   32.17 |     0.89 |   0.97
0431 -      0.00 |    0.00 |     0.68 |   0.77
0432 -     70.23 |  100.00 |     0.97 |   1.00
0433 -      8.10 |    0.00 |     0.62 |   0.85
0434 -     23.71 |   22.54 |     0.94 |   1.00
0435 -      0.00 |    0.00 |     0.86 |   0.97
0436 -     70.76 |   78.64 |     0.99 |   1.00
0437 -      0.00 |   36.82 |     0.76 |   0.90
0438 -      0.00 |    0.00 |     0.89 |   0.89
0439 -      8.01 |  100.00 |     0.91 |   1.00
0440 -     27.06 |   22.73 |     0.83 |   0.84
0441 -     24.20 |   15.21 |     0.63 |   0.94
0442 -      0.00 |   93.76 |     0.93 |   0.96
0443 -     37.33 |   78.79 |     0.87 |   0.96
0444 -     66.48 |   90.49 |     0.94 |   0.99
0445 -      6.56 |    0.00 |     0.94 |   0.94
0446 -      0.00 |    0.00 |     0.94 |   0.97
0447 -     17.96 |   14.33 |     0.77 |   0.95
0448 -      0.00 |    0.00 |     0.59 |   0.89
0449 -      0.00 |    0.00 |     0.90 |   0.96
0450 -      0.00 |    0.00 |     0.31 |   0.35
0451 -      0.00 |   98.25 |     0.79 |   0.96
0452 -      0.00 |   78.98 |     0.76 |   0.98
0453 -     46.93 |  100.00 |     0.60 |   1.00
0454 -     59.54 |  100.00 |     0.93 |   1.00
0455 -     98.53 |  100.00 |     0.89 |   1.00
0456 -     98.93 |   99.38 |     0.95 |   0.99
0457 -     38.88 |   18.65 |     0.95 |   0.98
0458 -     51.47 |  100.00 |     0.69 |   1.00
0459 -      0.00 |    0.00 |     0.66 |   0.71
0460 -      0.00 |    0.00 |     0.88 |   0.89
0461 -      8.50 |   68.37 |     0.87 |   0.95
0462 -     81.05 |   73.13 |     0.91 |   0.98
0463 -     92.57 |   90.06 |     0.91 |   0.99
0464 -      0.00 |    0.00 |     0.53 |   0.69
0465 -     80.75 |   94.06 |     0.93 |   0.94
0466 -     38.74 |  100.00 |     0.90 |   1.00
0467 -     56.16 |   67.12 |     0.98 |   1.00
0468 -     95.06 |  100.00 |     0.98 |   1.00
0469 -     43.20 |    0.00 |     0.87 |   0.89
0470 -      0.00 |    0.00 |     0.86 |   0.91
0471 -      0.00 |    0.00 |     0.68 |   0.65
0472 -     14.46 |   16.16 |     0.52 |   0.60
0473 -      5.93 |   98.83 |     0.90 |   0.95
0474 -      0.00 |    0.00 |     0.92 |   0.90
0475 -     39.52 |  100.00 |     0.96 |   1.00
0476 -      6.99 |    0.00 |     0.90 |   0.93
0477 -     35.04 |   35.21 |     0.97 |   1.00
0478 -     68.36 |   53.24 |     0.83 |   0.92
0479 -     58.12 |   63.75 |     0.92 |   0.98
0480 -     30.51 |   65.81 |     0.72 |   0.86
0481 -     61.84 |   59.91 |     0.96 |   0.99
0482 -     22.51 |   80.70 |     0.88 |   0.95
0483 -      3.67 |    9.47 |     0.92 |   0.95
0484 -     17.14 |   50.41 |     0.88 |   1.00
0485 -      0.00 |    0.00 |     0.80 |   0.76
0486 -     23.01 |   22.48 |     0.96 |   1.00
0487 -     23.10 |   20.64 |     0.85 |   0.80
0488 -      0.00 |    0.00 |     0.70 |   0.69
0489 -     44.47 |  100.00 |     0.94 |   1.00
0490 -     40.73 |  100.00 |     0.97 |   1.00
0491 -      0.00 |   12.78 |     0.75 |   0.80
0492 -      0.00 |    0.00 |     0.69 |   0.63
0493 -     98.79 |  100.00 |     0.92 |   1.00
0494 -      0.00 |    0.00 |     0.60 |   0.83
0495 -     21.84 |   59.09 |     0.95 |   0.96
0496 -     23.86 |   23.73 |     0.70 |   0.78
0497 -     30.34 |    8.06 |     0.86 |   1.00
0498 -     90.14 |   39.35 |     0.97 |   0.99
0499 -     67.59 |   55.74 |     0.94 |   0.97
0500 -     11.85 |  100.00 |     0.90 |   1.00
0501 -     52.30 |   58.71 |     0.89 |   0.97
0502 -     20.82 |  100.00 |     0.87 |   1.00
0503 -      0.00 |    0.00 |     0.83 |   0.88
0504 -     81.88 |  100.00 |     0.78 |   1.00
0505 -      9.91 |   80.87 |     0.70 |   0.91
0506 -     70.69 |  100.00 |     0.98 |   1.00
0507 -      0.00 |   87.47 |     0.62 |   0.97
0508 -      0.00 |    0.00 |     0.94 |   0.96
0509 -     61.55 |   52.95 |     0.89 |   0.94
0510 -      0.00 |    0.00 |     0.75 |   0.75
0511 -     52.38 |   64.95 |     0.88 |   0.90
0512 -     17.02 |   17.10 |     0.83 |   0.92
0513 -     16.98 |  100.00 |     0.97 |   1.00
0514 -     56.81 |  100.00 |     0.91 |   1.00
0515 -      0.00 |    7.80 |     0.83 |   0.79
0516 -     12.83 |   41.69 |     0.63 |   0.80
0517 -     28.15 |   75.90 |     0.90 |   0.99
0518 -      8.97 |    8.91 |     0.92 |   0.96
0519 -     56.50 |   92.40 |     0.98 |   1.00
0520 -      0.00 |   20.87 |     0.92 |   0.94
0521 -      0.00 |    0.00 |     0.84 |   0.98
0522 -     24.65 |   86.25 |     0.85 |   0.93
0523 -     34.02 |   75.64 |     0.94 |   0.97
0524 -      0.00 |  100.00 |     0.87 |   1.00
0525 -     65.31 |   97.18 |     0.96 |   1.00
0526 -     68.17 |   65.13 |     0.83 |   0.86
0527 -     70.08 |   95.85 |     0.95 |   0.98
0528 -     16.63 |  100.00 |     0.96 |   1.00
0529 -      0.00 |    9.06 |     0.64 |   0.70
0530 -      0.00 |   98.80 |     0.86 |   0.98
0531 -     74.96 |  100.00 |     0.82 |   1.00
0532 -     75.33 |  100.00 |     0.83 |   1.00
0533 -      0.00 |    0.00 |     0.86 |   0.88
0534 -     93.35 |  100.00 |     0.96 |   1.00
0535 -      0.00 |   98.15 |     0.80 |   0.96
0536 -      0.00 |    0.00 |     0.82 |   0.87
0537 -      0.00 |    0.00 |     0.81 |   0.96
0538 -      0.00 |    0.00 |     0.80 |   0.86
0539 -     80.09 |  100.00 |     0.93 |   1.00
0540 -     59.85 |   53.91 |     0.77 |   0.83
0541 -     40.23 |   74.98 |     0.89 |   0.98
0542 -      0.00 |    0.00 |     0.81 |   0.91
0543 -      0.00 |    0.00 |     0.94 |   0.99
0544 -      0.00 |    0.00 |     0.26 |   0.20
0545 -     89.19 |   92.55 |     0.84 |   0.96
0546 -     55.97 |   74.75 |     0.78 |   0.91
0547 -     30.80 |   27.21 |     0.95 |   0.98
0548 -     46.35 |  100.00 |     0.86 |   1.00
0549 -     62.14 |   57.57 |     0.89 |   0.98
0550 -      0.00 |    0.00 |     0.74 |   0.87
0551 -     16.96 |   14.67 |     0.88 |   0.97
0552 -     46.38 |   46.96 |     0.90 |   0.92
0553 -      0.00 |  100.00 |     0.93 |   1.00
0554 -     48.47 |  100.00 |     0.94 |   1.00
0555 -     38.99 |   97.64 |     0.98 |   1.00
0556 -      0.00 |    0.00 |     0.87 |   0.95
0557 -     96.49 |   41.36 |     0.76 |   0.99
0558 -     17.75 |   18.07 |     0.98 |   1.00
0559 -      7.29 |    0.00 |     0.64 |   0.97
0560 -      0.00 |    0.00 |     0.88 |   0.96
0561 -     12.21 |   12.12 |     0.89 |   1.00
0562 -     16.85 |  100.00 |     0.98 |   1.00
0563 -     15.80 |   17.20 |     0.93 |   0.95
0564 -      0.00 |    0.00 |     0.68 |   0.69
0565 -     23.25 |   77.80 |     0.88 |   0.93
0566 -      0.00 |    0.00 |     0.82 |   0.87
0567 -      0.00 |   99.30 |     0.94 |   0.99
0568 -     12.12 |  100.00 |     0.88 |   1.00
0569 -     12.82 |   76.90 |     0.97 |   0.95
0570 -     14.60 |   93.91 |     0.93 |   0.99
0571 -      0.00 |    0.00 |     0.41 |   0.47
0572 -      0.00 |  100.00 |     0.99 |   1.00
0573 -     57.20 |  100.00 |     0.95 |   1.00
0574 -      0.00 |   43.91 |     0.94 |   0.96
0575 -     70.00 |  100.00 |     0.79 |   1.00
0576 -     15.61 |    6.39 |     0.95 |   0.99
0577 -     71.65 |   59.93 |     0.91 |   0.92
0578 -      4.14 |    3.90 |     0.90 |   0.91
0579 -     55.99 |   45.52 |     0.83 |   0.88
0580 -     31.12 |   26.16 |     0.96 |   0.98
0581 -     56.64 |  100.00 |     0.92 |   1.00
0582 -     35.25 |  100.00 |     0.89 |   1.00
0583 -    100.00 |   74.26 |     1.00 |   0.97
0584 -     18.66 |   13.26 |     0.90 |   0.97
0585 -     57.76 |   92.49 |     0.83 |   0.98
0586 -      0.00 |    0.00 |     0.96 |   0.98
0587 -     92.33 |  100.00 |     0.86 |   1.00
0588 -      0.00 |    0.00 |     0.48 |   0.86
0589 -      0.00 |   14.05 |     0.79 |   0.86
0590 -      8.07 |   99.06 |     0.93 |   0.97
0591 -      9.21 |   77.95 |     0.67 |   0.80
0592 -      0.00 |    0.00 |     0.68 |   0.87
0593 -     92.97 |  100.00 |     0.98 |   1.00
0594 -     21.19 |   41.63 |     0.90 |   0.99
0595 -     28.18 |  100.00 |     0.96 |   1.00
0596 -     99.02 |   83.75 |     0.88 |   0.82
0597 -      0.00 |    0.00 |     0.69 |   0.76
0598 -     15.58 |   47.14 |     0.89 |   0.92
0599 -     18.19 |   18.27 |     0.83 |   0.99
0600 -     20.21 |   61.15 |     0.75 |   0.99
0601 -     55.22 |  100.00 |     0.90 |   1.00
0602 -      0.00 |    0.00 |     0.91 |   1.00
0603 -      0.00 |   41.69 |     0.44 |   0.52
0604 -      0.00 |    0.00 |     0.30 |   0.33
0605 -     34.70 |   60.88 |     0.91 |   0.97
0606 -      0.00 |   19.20 |     0.92 |   0.93
0607 -     23.47 |  100.00 |     0.96 |   1.00
0608 -     26.62 |   23.16 |     0.86 |   0.92
0609 -     42.92 |   32.90 |     0.94 |   0.98
0610 -      0.00 |    0.00 |     0.81 |   0.85
0611 -     73.23 |   92.28 |     0.82 |   0.95
0612 -     21.39 |   21.39 |     0.88 |   0.94
0613 -     17.18 |   17.77 |     0.87 |   0.90
0614 -     24.13 |   25.28 |     0.88 |   0.98
0615 -     67.02 |   91.97 |     0.87 |   0.98
0616 -     10.16 |    7.84 |     0.79 |   0.92
0617 -     30.16 |   27.85 |     0.90 |   0.96
0618 -      0.00 |   14.89 |     0.84 |   0.97
0619 -      9.11 |  100.00 |     0.92 |   1.00
0620 -     53.55 |   86.99 |     0.95 |   0.99
0621 -     35.18 |  100.00 |     0.96 |   1.00
0622 -     62.07 |   58.36 |     0.89 |   0.95
0623 -     38.13 |   47.53 |     0.93 |   0.96
0624 -     71.74 |   93.44 |     0.92 |   0.99
0625 -      0.00 |    0.00 |     0.94 |   0.97
0626 -     75.30 |  100.00 |     0.95 |   1.00
0627 -     24.42 |  100.00 |     0.95 |   1.00
0628 -      6.47 |    6.47 |     0.87 |   0.88
0629 -      6.44 |    0.00 |     0.83 |   0.83
0630 -      6.10 |   98.74 |     0.96 |   0.99
0631 -      0.00 |    0.00 |     0.86 |   0.85
0632 -     46.52 |   87.29 |     0.71 |   0.95
0633 -     24.51 |   25.13 |     0.53 |   0.57
0634 -     22.00 |  100.00 |     0.59 |   1.00
0635 -     97.54 |   90.29 |     0.92 |   0.99
0636 -      0.00 |    0.00 |     0.85 |   0.89
0637 -     22.99 |   38.78 |     0.82 |   0.99
0638 -      0.00 |    0.00 |     0.79 |   0.82
0639 -      0.00 |    0.00 |     0.93 |   1.00
0640 -     34.46 |   30.51 |     0.86 |   0.88
0641 -     33.39 |  100.00 |     0.91 |   1.00
0642 -     20.34 |   21.03 |     0.96 |   0.99
0643 -     48.87 |   99.35 |     0.99 |   1.00
0644 -     22.17 |   99.07 |     0.87 |   0.96
0645 -     31.98 |  100.00 |     0.90 |   1.00
0646 -     21.47 |   90.06 |     0.73 |   0.96
0647 -      0.00 |    0.00 |     0.71 |   0.66
0648 -     11.76 |    9.19 |     0.82 |   0.95
0649 -      0.00 |    0.00 |     0.86 |   1.00
0650 -     57.79 |   62.56 |     0.90 |   0.98
0651 -      0.00 |    0.00 |     0.83 |   0.88
0652 -     14.72 |    0.00 |     0.76 |   0.77
0653 -     13.62 |   81.26 |     0.91 |   0.94
0654 -     80.15 |   91.87 |     0.72 |   0.97
0655 -      7.86 |   57.56 |     0.81 |   0.99
0656 -     14.87 |   13.25 |     0.86 |   0.88
0657 -      3.17 |    0.00 |     0.67 |   0.68
0658 -      0.00 |  100.00 |     0.98 |   1.00
0659 -     31.79 |   34.79 |     0.92 |   0.99
0660 -      0.00 |    0.00 |     0.84 |   1.00
0661 -      0.00 |   48.20 |     0.59 |   0.94
0662 -     34.63 |   29.35 |     0.91 |   0.98
0663 -     15.82 |   76.75 |     0.84 |   1.00
0664 -     28.03 |   28.03 |     0.72 |   0.80
0665 -      0.00 |    0.00 |     0.93 |   0.95
0666 -      0.00 |    0.00 |     0.69 |   0.68
0667 -      0.00 |    0.00 |     0.77 |   0.87
0668 -      0.00 |    0.00 |     0.70 |   0.85
0669 -     57.74 |    0.00 |     0.83 |   0.81
0670 -     47.43 |   92.36 |     0.88 |   1.00
0671 -      9.22 |   11.21 |     0.84 |   0.92
0672 -     74.32 |  100.00 |     0.96 |   1.00
0673 -     38.11 |   26.60 |     0.86 |   0.86
0674 -     15.02 |   98.18 |     0.99 |   1.00
0675 -      0.00 |    0.00 |     0.79 |   0.95
0676 -     41.42 |   38.25 |     0.83 |   0.94
0677 -      0.00 |    0.00 |     0.62 |   0.86
0678 -     75.90 |   83.36 |     0.90 |   1.00
0679 -      7.45 |    7.81 |     0.84 |   0.86
0680 -     93.62 |   91.46 |     0.85 |   0.93
0681 -      0.00 |    0.00 |     0.78 |   0.81
0682 -     57.62 |   48.76 |     1.00 |   1.00
0683 -      0.00 |    0.00 |     0.93 |   1.00
0684 -      0.00 |    0.00 |     0.62 |   0.90
0685 -      0.00 |    0.00 |     0.60 |   0.65
0686 -     25.38 |   31.19 |     0.84 |   0.97
0687 -      0.00 |   55.29 |     0.93 |   0.98
0688 -     58.08 |   99.04 |     0.92 |   0.96
0689 -     21.97 |    0.00 |     0.92 |   0.95
0690 -     36.74 |   95.00 |     0.98 |   1.00
0691 -     98.69 |  100.00 |     0.97 |   1.00
0692 -     29.85 |   25.92 |     0.95 |   0.99
0693 -      7.02 |   97.34 |     0.97 |   0.98
0694 -     32.55 |    0.00 |     0.95 |   0.94
0695 -     75.86 |  100.00 |     0.97 |   1.00
0696 -      0.00 |    0.00 |     0.95 |   0.98
0697 -     61.69 |  100.00 |     0.89 |   1.00
0698 -     26.69 |   78.82 |     0.60 |   0.96
0699 -     32.73 |   98.00 |     0.89 |   1.00
0700 -     38.66 |    0.00 |     0.88 |   0.98
0701 -     63.90 |  100.00 |     0.77 |   1.00
0702 -     11.74 |    0.00 |     0.89 |   0.93
0703 -     28.05 |  100.00 |     0.99 |   1.00
0704 -     31.60 |   26.41 |     0.73 |   0.83
0705 -      0.00 |   28.15 |     0.70 |   0.82
0706 -      0.00 |    0.00 |     0.76 |   0.83
0707 -     59.73 |   95.33 |     0.96 |   0.97
0708 -      0.00 |    0.00 |     0.85 |   0.90
0709 -     12.11 |   98.66 |     0.84 |   0.95
0710 -      0.00 |   48.91 |     0.95 |   1.00
0711 -     13.55 |   13.80 |     0.61 |   0.95
0712 -      0.00 |   93.71 |     0.65 |   0.97
0713 -      0.00 |  100.00 |     0.91 |   1.00
0714 -     10.07 |   88.08 |     0.87 |   0.96
0715 -     64.95 |   94.41 |     0.88 |   0.92
0716 -      0.00 |   47.62 |     0.90 |   1.00
0717 -      0.00 |    0.00 |     0.91 |   0.99
0718 -     84.86 |  100.00 |     0.92 |   1.00
0719 -      0.00 |    5.03 |     0.84 |   0.95
0720 -      0.00 |    0.00 |     0.70 |   0.73
0721 -     12.87 |    5.39 |     0.66 |   0.72
0722 -     98.65 |   92.49 |     0.92 |   1.00
0723 -      0.00 |    0.00 |     0.70 |   0.80
0724 -      0.00 |    0.00 |     0.91 |   0.96
0725 -      0.00 |   52.39 |     0.91 |   0.98
0726 -      0.00 |   94.80 |     0.91 |   0.94
0727 -     19.01 |   19.50 |     0.78 |   0.80
0728 -    100.00 |  100.00 |     0.76 |   1.00
0729 -      0.00 |    0.00 |     0.90 |   0.94
0730 -     71.62 |   79.06 |     0.82 |   0.96
0731 -     48.47 |   74.50 |     0.79 |   0.94
0732 -     18.68 |   15.95 |     0.90 |   0.94
0733 -      0.00 |    0.00 |     0.85 |   0.89
0734 -      0.00 |  100.00 |     0.92 |   1.00
0735 -      0.00 |   29.27 |     0.82 |   0.98
0736 -     99.18 |  100.00 |     0.94 |   1.00
0737 -     62.32 |  100.00 |     0.87 |   1.00
0738 -      0.00 |    0.00 |     0.83 |   0.96
0739 -      0.00 |    0.00 |     0.82 |   0.82
0740 -     16.25 |  100.00 |     0.92 |   1.00
0741 -      0.00 |   91.73 |     0.89 |   0.95
0742 -      8.39 |   89.91 |     0.77 |   0.94
0743 -     40.14 |  100.00 |     0.96 |   1.00
0744 -     87.73 |  100.00 |     0.92 |   1.00
0745 -     16.86 |   41.34 |     0.63 |   0.83
0746 -      5.27 |    5.22 |     0.89 |   0.96
0747 -     70.76 |   98.76 |     0.90 |   0.99
0748 -      0.00 |    7.85 |     0.79 |   0.86
0749 -      0.00 |    0.00 |     0.83 |   0.94
0750 -     14.53 |   31.61 |     0.95 |   0.98
0751 -      0.00 |    0.00 |     0.84 |   1.00
0752 -      0.00 |    0.00 |     0.68 |   0.84
0753 -      0.00 |    0.00 |     0.88 |   0.90
0754 -      9.99 |   74.25 |     0.93 |   0.89
0755 -     82.74 |  100.00 |     0.75 |   1.00
0756 -      0.00 |    3.57 |     0.89 |   0.88
0757 -      0.00 |   43.32 |     0.94 |   0.95
0758 -      0.00 |   82.36 |     0.93 |   1.00
0759 -     13.78 |    0.00 |     0.83 |   0.88
0760 -      7.94 |   94.38 |     0.70 |   0.97
0761 -     32.25 |  100.00 |     0.97 |   1.00
0762 -      0.00 |    0.00 |     0.77 |   0.96
0763 -     55.16 |   81.66 |     0.90 |   0.91
0764 -      0.00 |    0.00 |     0.82 |   0.95
0765 -      0.00 |    0.00 |     0.84 |   0.96
0766 -     78.31 |  100.00 |     0.86 |   1.00
0767 -    100.00 |   96.90 |     1.00 |   0.97
0768 -     84.58 |  100.00 |     0.95 |   1.00
0769 -     44.69 |   48.72 |     0.90 |   0.98
0770 -     22.35 |  100.00 |     0.91 |   1.00
0771 -      0.00 |    0.00 |     0.70 |   0.95
0772 -      0.00 |    0.00 |     0.66 |   0.61
0773 -     17.94 |    0.00 |     0.86 |   0.96
0774 -     20.43 |   17.90 |     0.87 |   0.79
0775 -     44.23 |    0.00 |     0.79 |   0.84
0776 -      0.00 |   11.41 |     0.73 |   0.89
0777 -     73.73 |   98.39 |     0.81 |   1.00
0778 -     77.57 |  100.00 |     0.82 |   1.00
0779 -     58.31 |   60.92 |     0.97 |   1.00
0780 -     66.77 |   11.03 |     0.64 |   0.84
0781 -     64.68 |   46.57 |     0.80 |   0.99
0782 -     14.83 |   69.27 |     0.85 |   0.99
0783 -     58.30 |   86.01 |     0.86 |   0.91
0784 -     55.93 |  100.00 |     0.87 |   1.00
0785 -     35.35 |  100.00 |     0.98 |   1.00
0786 -     71.51 |  100.00 |     0.84 |   1.00
0787 -      0.00 |   42.48 |     0.84 |   0.96
0788 -     55.11 |   84.38 |     0.74 |   0.95
0789 -     21.50 |    0.00 |     0.64 |   0.90
0790 -     23.93 |   44.14 |     0.88 |   0.98
0791 -     57.11 |   99.03 |     0.88 |   0.99
0792 -      0.00 |    0.00 |     0.69 |   0.69
0793 -      0.00 |    0.00 |     0.46 |   0.47
0794 -     70.49 |   74.94 |     0.97 |   0.99
0795 -     45.27 |  100.00 |     0.92 |   1.00
0796 -     45.75 |   99.18 |     0.97 |   1.00
0797 -     10.27 |   31.22 |     0.74 |   0.90
0798 -      0.00 |   95.04 |     0.89 |   0.97
0799 -      0.00 |    6.03 |     0.77 |   0.87
0800 -      0.00 |    0.00 |     0.81 |   0.86
0801 -     17.92 |   89.21 |     0.79 |   0.96
0802 -     80.86 |   98.23 |     0.99 |   1.00
0803 -     38.60 |  100.00 |     0.52 |   1.00
0804 -      0.00 |   46.87 |     0.77 |   0.93
0805 -     14.66 |  100.00 |     0.88 |   1.00
0806 -     55.01 |   50.01 |     0.94 |   0.97
0807 -      0.00 |   96.28 |     0.89 |   0.98
0808 -      6.01 |    0.00 |     0.88 |   0.93
0809 -     29.56 |   95.43 |     0.92 |   0.96
0810 -     98.93 |   96.73 |     0.89 |   0.99
0811 -     18.04 |   47.02 |     0.95 |   0.96
0812 -     19.50 |   96.70 |     0.80 |   1.00
0813 -     98.68 |   99.40 |     0.90 |   0.98
0814 -     12.48 |  100.00 |     0.95 |   1.00
0815 -     63.49 |   96.44 |     0.96 |   0.99
0816 -      0.00 |   52.91 |     0.82 |   1.00
0817 -      0.00 |    0.00 |     0.86 |   0.77
0818 -     11.48 |   12.42 |     0.80 |   0.94
0819 -     28.16 |   54.43 |     0.88 |   0.91
0820 -      0.00 |    0.00 |     0.91 |   0.96
0821 -      0.00 |    0.00 |     0.84 |   0.84
0822 -      0.00 |  100.00 |     0.90 |   1.00
0823 -     18.08 |   67.57 |     0.82 |   0.93
0824 -      4.85 |   81.50 |     0.86 |   0.97
0825 -     51.71 |   50.79 |     0.92 |   0.96
0826 -     65.97 |   23.11 |     0.99 |   1.00
0827 -      0.00 |    0.00 |     0.94 |   0.96
0828 -      0.00 |   76.29 |     0.82 |   0.99
0829 -      0.00 |    0.00 |     0.78 |   0.99
0830 -     57.52 |   79.42 |     0.91 |   0.94
0831 -      0.00 |    0.00 |     0.69 |   0.67
0832 -     98.46 |  100.00 |     0.90 |   1.00
0833 -     48.01 |  100.00 |     0.95 |   1.00
0834 -      0.00 |    0.00 |     0.91 |   0.93
0835 -      0.00 |    0.00 |     0.95 |   1.00
0836 -      0.00 |  100.00 |     0.85 |   1.00
0837 -     37.44 |   95.25 |     0.92 |   0.97
0838 -      0.00 |   15.08 |     0.90 |   0.91
0839 -     16.80 |   52.08 |     0.83 |   0.90
0840 -     13.72 |   57.11 |     0.67 |   0.89
0841 -      0.00 |    0.00 |     0.82 |   0.84
0842 -      0.00 |   99.19 |     0.94 |   1.00
0843 -      0.00 |    0.00 |     0.85 |   0.90
0844 -      0.00 |  100.00 |     0.95 |   1.00
0845 -     13.78 |   13.10 |     0.94 |   0.97
0846 -     13.72 |   91.40 |     0.93 |   0.98
0847 -      0.00 |    0.00 |     0.85 |   0.96
0848 -     53.36 |   84.51 |     0.95 |   0.96
0849 -      0.00 |    0.00 |     0.67 |   0.76
0850 -      5.35 |   12.20 |     0.82 |   1.00
0851 -      0.00 |    0.00 |     0.87 |   0.97
0852 -     62.46 |   64.43 |     0.91 |   0.93
0853 -     83.61 |   98.95 |     0.93 |   0.99
0854 -      0.00 |    0.00 |     0.86 |   0.96
0855 -     36.60 |   99.34 |     0.95 |   0.99
0856 -     52.08 |   46.84 |     0.70 |   0.69
0857 -     10.11 |   96.44 |     0.97 |   1.00
0858 -      0.00 |    0.00 |     0.96 |   0.98
0859 -      0.00 |    0.00 |     0.82 |   1.00
0860 -      0.00 |    0.00 |     0.60 |   0.82
0861 -      0.00 |    0.00 |     0.78 |   0.93
0862 -     33.96 |  100.00 |     0.87 |   1.00
0863 -      0.00 |    0.00 |     0.61 |   0.63
0864 -     17.99 |   18.21 |     0.89 |   0.92
0865 -     28.64 |  100.00 |     0.92 |   1.00
0866 -      4.75 |    0.00 |     0.92 |   0.92
0867 -      0.00 |    0.00 |     0.88 |   0.88
0868 -      0.00 |    0.00 |     0.93 |   0.89
0869 -     81.15 |   75.35 |     0.92 |   0.93
0870 -     16.51 |   70.53 |     0.97 |   0.97
0871 -     82.97 |  100.00 |     0.93 |   1.00
0872 -     50.51 |   51.74 |     0.91 |   0.96
0873 -      7.79 |    0.00 |     0.80 |   0.89
0874 -      0.00 |    0.00 |     0.58 |   0.56
0875 -     88.40 |   90.70 |     0.97 |   1.00
0876 -     98.52 |   36.25 |     0.88 |   0.83
0877 -     77.53 |   42.53 |     0.91 |   0.95
0878 -      0.00 |    0.00 |     0.80 |   0.96
0879 -     19.19 |   98.90 |     0.90 |   1.00
0880 -      0.00 |   97.50 |     0.71 |   0.95
0881 -     47.45 |   36.83 |     0.91 |   0.91
0882 -     88.94 |  100.00 |     0.89 |   1.00
0883 -      0.00 |    0.00 |     0.65 |   0.59
0884 -     28.51 |   88.06 |     0.93 |   1.00
0885 -     22.17 |   31.15 |     0.91 |   0.92
0886 -      6.25 |    0.00 |     0.76 |   0.91
0887 -     10.14 |    0.00 |     0.69 |   0.66
0888 -     43.04 |  100.00 |     0.85 |   1.00
0889 -     15.71 |   12.98 |     0.92 |   0.99
0890 -     27.73 |   99.25 |     0.89 |   0.95
0891 -      4.53 |    9.15 |     0.91 |   0.99
0892 -     28.86 |   67.63 |     0.82 |   0.90
0893 -      0.00 |  100.00 |     0.97 |   1.00
0894 -      0.00 |    0.00 |     0.86 |   0.88
0895 -     46.28 |  100.00 |     0.75 |   1.00
0896 -      0.00 |   25.80 |     0.85 |   0.95
0897 -     99.36 |  100.00 |     0.97 |   1.00
0898 -     18.60 |   99.08 |     0.95 |   0.98
0899 -     99.28 |  100.00 |     0.86 |   1.00
0900 -     55.73 |   54.79 |     0.96 |   1.00
0901 -     12.09 |  100.00 |     0.96 |   1.00
0902 -     30.61 |  100.00 |     0.90 |   1.00
0903 -      0.00 |  100.00 |     0.85 |   1.00
0904 -      0.00 |    0.00 |     0.91 |   0.97
0905 -      0.00 |   84.21 |     0.90 |   0.98
0906 -     34.84 |   30.01 |     0.93 |   0.83
0907 -     14.73 |   14.59 |     0.85 |   0.92
0908 -      0.00 |    0.00 |     0.68 |   0.72
0909 -      0.00 |    0.00 |     0.94 |   1.00
0910 -      0.00 |    0.00 |     0.93 |   0.94
0911 -     37.13 |    0.00 |     0.84 |   0.92
0912 -      0.00 |   57.02 |     0.91 |   0.98
0913 -     20.37 |   97.56 |     0.96 |   1.00
0914 -      0.00 |  100.00 |     0.81 |   1.00
0915 -      3.93 |    0.00 |     0.94 |   0.98
0916 -      0.00 |  100.00 |     0.88 |   1.00
0917 -     87.24 |  100.00 |     0.95 |   1.00
0918 -     81.98 |  100.00 |     0.94 |   1.00
0919 -      0.00 |    0.00 |     0.75 |   0.75
0920 -     53.50 |   46.06 |     0.71 |   0.92
0921 -     15.33 |  100.00 |     0.88 |   1.00
0922 -      0.00 |    3.70 |     0.91 |   0.95
0923 -     70.48 |   65.98 |     0.81 |   0.99
0924 -      0.00 |    0.00 |     0.96 |   0.98
0925 -     51.88 |   47.10 |     0.81 |   0.94
0926 -     12.07 |  100.00 |     0.98 |   1.00
0927 -      0.00 |    0.00 |     0.67 |   0.95
0928 -     25.82 |   98.59 |     0.93 |   0.99
0929 -     28.46 |  100.00 |     0.96 |   1.00
0930 -      0.00 |    0.00 |     0.95 |   0.97
0931 -      0.00 |    0.00 |     0.82 |   0.76
0932 -      0.00 |    0.00 |     0.82 |   0.86
0933 -     10.20 |   98.73 |     0.98 |   1.00
0934 -      0.00 |   96.66 |     0.92 |   1.00
0935 -     55.56 |   34.12 |     0.82 |   0.84
0936 -     33.91 |  100.00 |     0.95 |   1.00
0937 -     80.37 |  100.00 |     0.93 |   1.00
0938 -     61.11 |   96.64 |     0.96 |   0.99
0939 -     94.67 |   96.08 |     0.94 |   0.98
0940 -     48.81 |   48.18 |     0.87 |   0.99
0941 -      0.00 |   41.71 |     0.67 |   0.73
0942 -      0.00 |    0.00 |     0.92 |   0.87
0943 -      8.59 |    9.58 |     0.86 |   0.97
0944 -     79.50 |   73.74 |     0.89 |   1.00
0945 -     17.77 |   78.06 |     0.97 |   0.99
0946 -      0.00 |    0.00 |     0.84 |   0.85
0947 -     62.60 |   58.04 |     0.88 |   1.00
0948 -     14.10 |   94.57 |     0.92 |   0.99
0949 -      0.00 |    0.00 |     0.76 |   0.91
0950 -     62.51 |  100.00 |     0.72 |   1.00
0951 -     52.88 |   52.11 |     0.82 |   0.84
0952 -     15.98 |   11.56 |     0.70 |   0.81
0953 -      0.00 |    0.00 |     0.90 |   0.89
0954 -     10.31 |   72.33 |     0.91 |   0.94
0955 -     72.72 |   67.84 |     0.87 |   0.86
0956 -     53.51 |  100.00 |     0.70 |   1.00
0957 -      0.00 |    0.00 |     0.87 |   0.94
0958 -     85.90 |   99.05 |     0.93 |   1.00
0959 -     44.38 |   44.38 |     0.93 |   0.98
0960 -      8.74 |   87.28 |     0.57 |   0.92
0961 -     19.72 |  100.00 |     0.84 |   1.00
0962 -     71.62 |   97.96 |     0.79 |   0.96
0963 -     71.17 |   98.58 |     0.78 |   1.00
0964 -     62.88 |  100.00 |     0.94 |   1.00
0965 -      0.00 |    0.00 |     0.92 |   0.97
0966 -     20.97 |   20.97 |     0.63 |   0.95
0967 -     10.35 |    9.28 |     0.80 |   0.98
0968 -      0.00 |   46.26 |     0.89 |   0.99
0969 -      0.00 |    7.53 |     0.65 |   0.82
0970 -      0.00 |    0.00 |     0.60 |   0.76
0971 -      5.59 |    0.00 |     0.94 |   0.90
0972 -      0.00 |    0.00 |     0.92 |   0.93
0973 -      0.00 |    0.00 |     0.90 |   0.97
0974 -     34.22 |   61.05 |     0.89 |   0.92
0975 -      0.00 |    0.00 |     0.91 |   0.99
0976 -     54.22 |   62.67 |     0.44 |   0.98
0977 -      0.00 |    0.00 |     0.86 |   0.86
0978 -      0.00 |    0.00 |     0.85 |   0.88
0979 -     23.60 |   22.36 |     0.89 |   0.94
0980 -     63.71 |   82.12 |     0.83 |   0.96
0981 -     73.82 |   73.82 |     0.89 |   0.86
0982 -      0.00 |   87.10 |     0.72 |   0.93
0983 -     75.39 |   87.05 |     0.82 |   0.98
0984 -      0.00 |    0.00 |     0.74 |   0.83
0985 -      0.00 |  100.00 |     0.75 |   1.00
0986 -      0.00 |    0.00 |     0.82 |   0.79
0987 -      0.00 |    0.00 |     0.90 |   0.88
0988 -      0.00 |    0.00 |     0.97 |   0.99
0989 -      0.00 |    0.00 |     0.60 |   0.99
0990 -     14.07 |   13.23 |     0.97 |   0.95
0991 -      0.00 |    0.00 |     0.78 |   0.83
0992 -      0.00 |    0.00 |     0.73 |   0.92
0993 -      0.00 |    0.00 |     0.87 |   0.96
0994 -     21.18 |  100.00 |     0.74 |   1.00
0995 -      0.00 |    0.00 |     0.64 |   0.65
0996 -     71.41 |  100.00 |     0.89 |   1.00
0997 -     95.63 |  100.00 |     0.95 |   1.00
0998 -     81.46 |   97.09 |     0.94 |   0.99
0999 -     30.97 |   68.32 |     0.93 |   0.99
1000 -      0.00 |   28.98 |     0.79 |   0.85
==============================================
