==============================================
BLEU GOLD:                               50.64
BLEU IN:                                 56.01
SIM GOLD:                               0.8180
SIM IN:                                 0.8455
==============================================
       BLEU GOLD | BLEU IN | SIM GOLD | SIM IN
0001 -      0.00 |    0.00 |     0.75 |   0.78
0002 -      0.00 |    0.00 |     0.64 |   0.66
0003 -     28.92 |   67.09 |     0.92 |   0.93
0004 -      0.00 |    0.00 |     0.81 |   0.86
0005 -     22.86 |   68.87 |     0.92 |   0.92
0006 -     79.35 |   84.82 |     0.94 |   0.94
0007 -     23.69 |   40.85 |     0.68 |   0.71
0008 -     31.46 |   75.78 |     0.92 |   0.97
0009 -     40.14 |   24.48 |     0.82 |   0.83
0010 -      0.00 |    0.00 |     0.75 |   0.78
0011 -     40.21 |  100.00 |     0.95 |   1.00
0012 -     52.58 |   65.24 |     0.81 |   0.84
0013 -     33.91 |   31.20 |     0.93 |   0.95
0014 -     35.36 |   43.82 |     0.95 |   0.97
0015 -     60.35 |   54.41 |     0.66 |   0.69
0016 -      0.00 |    0.00 |     0.78 |   0.77
0017 -      0.00 |    0.00 |     0.94 |   0.97
0018 -      0.00 |    0.00 |     0.53 |   0.54
0019 -     34.91 |   77.64 |     0.78 |   0.80
0020 -     53.00 |   22.03 |     0.95 |   0.96
0021 -     34.56 |   18.24 |     0.99 |   1.00
0022 -      0.00 |    0.00 |     0.91 |   0.94
0023 -      0.00 |    0.00 |     0.92 |   0.93
0024 -     36.42 |   33.25 |     0.85 |   0.88
0025 -     19.27 |    0.00 |     0.65 |   0.71
0026 -      0.00 |    0.00 |     0.74 |   0.74
0027 -      0.00 |   99.82 |     0.88 |   0.97
0028 -     35.22 |   33.83 |     0.93 |   0.96
0029 -      0.00 |    0.00 |     0.91 |   0.95
0030 -      0.00 |    0.00 |     0.61 |   0.61
0031 -      0.00 |    0.00 |     0.43 |   0.44
0032 -      0.00 |    0.00 |     0.96 |   0.95
0033 -      0.00 |    0.00 |     0.78 |   0.82
0034 -     18.18 |   47.65 |     0.81 |   0.86
0035 -      0.00 |   73.51 |     0.92 |   0.94
0036 -      0.00 |   87.86 |     0.91 |   0.93
0037 -      8.93 |    8.37 |     0.80 |   0.90
0038 -     26.93 |   93.46 |     0.96 |   0.98
0039 -     30.14 |   30.70 |     0.93 |   0.94
0040 -     74.14 |   46.82 |     0.93 |   0.92
0041 -      0.00 |    0.00 |     0.76 |   0.78
0042 -     29.49 |   35.76 |     0.48 |   0.53
0043 -      0.00 |    0.00 |     0.13 |   0.13
0044 -      0.00 |    0.00 |     0.89 |   0.93
0045 -     49.03 |   50.06 |     0.80 |   0.83
0046 -     19.98 |    0.00 |     0.88 |   0.91
0047 -     65.61 |   95.64 |     0.54 |   0.97
0048 -      0.00 |    0.00 |     0.81 |   0.81
0049 -     37.88 |   45.78 |     0.83 |   0.89
0050 -      0.00 |    0.00 |     0.86 |   0.86
0051 -      0.00 |   10.44 |     0.78 |   0.82
0052 -      9.78 |   12.10 |     0.93 |   0.95
0053 -     50.45 |   43.82 |     0.92 |   0.95
0054 -      8.34 |    0.00 |     0.69 |   0.68
0055 -     56.55 |   56.55 |     0.96 |   0.95
0056 -     75.84 |   91.85 |     0.93 |   0.98
0057 -     30.34 |   83.13 |     0.88 |   0.95
0058 -     10.32 |    9.52 |     0.60 |   0.67
0059 -      6.85 |    6.74 |     0.95 |   0.94
0060 -      0.00 |    0.00 |     0.95 |   0.96
0061 -      0.00 |    0.00 |     0.64 |   0.65
0062 -      0.00 |    0.00 |     0.52 |   0.56
0063 -     24.46 |   53.09 |     0.79 |   0.87
0064 -      5.71 |    5.64 |     0.94 |   0.96
0065 -     72.46 |   60.00 |     0.86 |   0.83
0066 -     54.50 |   87.16 |     0.87 |   0.88
0067 -      0.00 |   10.50 |     0.68 |   0.68
0068 -      0.00 |    0.00 |     0.75 |   0.71
0069 -      0.00 |    0.00 |     0.63 |   0.64
0070 -      0.00 |    0.00 |     0.86 |   0.85
0071 -      0.00 |    4.51 |     0.72 |   0.76
0072 -      0.00 |    0.00 |     0.78 |   0.79
0073 -      0.00 |  100.00 |     0.92 |   1.00
0074 -      0.00 |    0.00 |     0.83 |   0.85
0075 -     91.21 |   96.81 |     0.89 |   0.93
0076 -      0.00 |   57.85 |     0.78 |   0.81
0077 -     36.23 |   30.40 |     0.84 |   0.87
0078 -      0.00 |    0.00 |     0.69 |   0.71
0079 -      0.00 |    0.00 |     0.94 |   0.97
0080 -     90.91 |  100.00 |     0.94 |   1.00
0081 -      0.00 |    0.00 |     0.52 |   0.55
0082 -      0.00 |    0.00 |     0.97 |   0.99
0083 -     29.22 |   13.62 |     0.58 |   0.64
0084 -     32.06 |   30.25 |     0.71 |   0.82
0085 -     15.03 |   59.33 |     0.97 |   0.99
0086 -      0.00 |    0.00 |     0.45 |   0.23
0087 -      0.00 |   22.57 |     0.72 |   0.69
0088 -      0.00 |    0.00 |     0.91 |   0.92
0089 -     58.82 |   58.44 |     0.77 |   0.80
0090 -     16.98 |   90.05 |     0.87 |   0.92
0091 -     90.56 |   61.71 |     0.95 |   0.88
0092 -     49.61 |   52.54 |     0.82 |   0.90
0093 -      0.00 |    0.00 |     0.93 |   1.00
0094 -     58.67 |   83.58 |     0.40 |   0.84
0095 -     39.98 |   39.64 |     0.83 |   0.85
0096 -      0.00 |    0.00 |     0.27 |   0.34
0097 -     81.85 |  100.00 |     0.98 |   1.00
0098 -     72.74 |  100.00 |     0.94 |   0.97
0099 -     89.63 |   93.30 |     0.97 |   0.99
0100 -      0.00 |    0.00 |     0.83 |   0.85
0101 -     63.63 |   47.46 |     0.77 |   0.79
0102 -      0.00 |    0.00 |     0.80 |   0.84
0103 -      0.00 |    0.00 |     0.81 |   0.88
0104 -     14.47 |   12.65 |     0.95 |   0.95
0105 -      5.03 |    0.00 |     0.84 |   0.86
0106 -      0.00 |    0.00 |     0.65 |   0.69
0107 -      0.00 |    0.00 |     0.92 |   0.92
0108 -     29.76 |   28.46 |     0.69 |   0.90
0109 -      0.00 |   15.54 |     0.74 |   0.76
0110 -     80.89 |  100.00 |     0.93 |   1.00
0111 -     13.30 |   28.87 |     0.90 |   0.91
0112 -      0.00 |    0.00 |     0.62 |   0.62
0113 -     24.36 |   23.08 |     0.98 |   1.00
0114 -     21.80 |   96.45 |     0.99 |   0.99
0115 -     52.56 |   61.77 |     0.90 |   0.94
0116 -     76.08 |   70.52 |     0.94 |   0.94
0117 -      0.00 |    0.00 |     0.61 |   0.61
0118 -      0.00 |    0.00 |     0.88 |   0.86
0119 -     60.65 |   66.10 |     0.72 |   0.78
0120 -     29.19 |   29.19 |     0.50 |   0.68
0121 -      0.00 |    0.00 |     0.80 |   0.82
0122 -      0.00 |    0.00 |     0.53 |   0.53
0123 -      0.00 |    0.00 |     0.65 |   0.68
0124 -     78.38 |   83.65 |     0.93 |   0.94
0125 -      0.00 |    0.00 |     0.74 |   0.76
0126 -    100.00 |   95.71 |     1.00 |   0.95
0127 -      0.00 |    0.00 |     0.75 |   0.73
0128 -     64.87 |   31.38 |     0.90 |   0.87
0129 -      0.00 |    0.00 |     0.91 |   0.91
0130 -     11.70 |   11.96 |     0.96 |   0.98
0131 -      0.00 |  100.00 |     0.97 |   1.00
0132 -      6.18 |    6.03 |     0.68 |   0.73
0133 -      0.00 |    0.00 |     0.60 |   0.65
0134 -      8.76 |   97.24 |     0.89 |   0.94
0135 -     13.77 |   46.56 |     0.91 |   0.92
0136 -      0.00 |    0.00 |     0.83 |   0.80
0137 -     25.96 |   35.21 |     0.84 |   0.85
0138 -     15.62 |   15.71 |     0.80 |   0.88
0139 -      0.00 |    0.00 |     0.53 |   0.60
0140 -     29.45 |   29.51 |     0.85 |   0.94
0141 -      0.00 |   14.42 |     0.82 |   0.80
0142 -      0.00 |   37.34 |     0.98 |   0.98
0143 -      0.00 |    5.87 |     0.56 |   0.61
0144 -     45.10 |   41.77 |     0.63 |   0.64
0145 -      0.00 |    8.12 |     0.81 |   0.84
0146 -      0.00 |   12.38 |     0.84 |   0.89
0147 -      0.00 |    0.00 |     0.63 |   0.64
0148 -     11.78 |    7.42 |     0.97 |   0.95
0149 -     30.67 |   34.73 |     0.68 |   0.74
0150 -      9.28 |    0.00 |     0.88 |   0.89
0151 -      0.00 |    0.00 |     0.65 |   0.63
0152 -      0.00 |    0.00 |     0.87 |   0.93
0153 -     12.63 |   13.01 |     0.47 |   0.66
0154 -     77.22 |   23.77 |     0.78 |   0.78
0155 -      0.00 |    0.00 |     0.85 |   0.87
0156 -     99.81 |   68.00 |     0.95 |   0.94
0157 -      0.00 |    0.00 |     0.86 |   0.90
0158 -     84.56 |  100.00 |     0.97 |   1.00
0159 -      0.00 |    4.87 |     0.89 |   0.92
0160 -      0.00 |    0.00 |     0.90 |   0.92
0161 -      0.00 |    0.00 |     0.73 |   0.75
0162 -     40.47 |   59.65 |     0.97 |   0.99
0163 -      0.00 |    0.00 |     0.78 |   0.79
0164 -      0.00 |    0.00 |     0.67 |   0.67
0165 -     17.28 |   15.97 |     0.76 |   0.80
0166 -     19.21 |   20.07 |     0.95 |   0.94
0167 -      0.00 |    0.00 |     0.75 |   0.86
0168 -      0.00 |    0.00 |     0.78 |   0.77
0169 -     25.58 |   25.82 |     0.84 |   0.85
0170 -      0.00 |    0.00 |     0.90 |   0.94
0171 -      0.00 |    0.00 |     0.88 |   0.91
0172 -     54.88 |   55.16 |     0.91 |   0.94
0173 -     21.55 |   29.58 |     0.96 |   0.99
0174 -      0.00 |    0.00 |     0.49 |   0.50
0175 -     22.02 |   22.38 |     0.38 |   0.38
0176 -     36.44 |   32.01 |     0.93 |   0.95
0177 -     13.86 |   13.86 |     0.88 |   0.88
0178 -     79.91 |   76.53 |     0.89 |   0.91
0179 -     15.49 |   15.25 |     0.82 |   0.91
0180 -     69.00 |   84.62 |     0.82 |   0.87
0181 -      0.00 |    0.00 |     0.82 |   0.86
0182 -     13.98 |    3.61 |     0.77 |   0.76
0183 -     22.37 |   21.00 |     0.83 |   0.87
0184 -     15.89 |   14.66 |     0.79 |   0.81
0185 -      0.00 |    0.00 |     0.78 |   0.80
0186 -     10.27 |   25.10 |     0.78 |   0.77
0187 -     22.16 |   38.26 |     0.76 |   0.82
0188 -     76.31 |   78.43 |     0.90 |   0.96
0189 -     44.68 |   67.16 |     0.82 |   0.98
0190 -      0.00 |    0.00 |     0.69 |   0.73
0191 -     65.27 |   25.88 |     0.91 |   0.87
0192 -      0.00 |    0.00 |     0.34 |   0.38
0193 -      0.00 |    0.00 |     0.89 |   0.95
0194 -      0.00 |    0.00 |     0.93 |   0.95
0195 -     65.88 |   98.41 |     0.98 |   0.99
0196 -      0.00 |    0.00 |     0.78 |   0.78
0197 -      0.00 |    0.00 |     0.66 |   0.76
0198 -     11.90 |   11.69 |     0.76 |   0.80
0199 -     67.88 |   68.26 |     0.90 |   0.98
0200 -      0.00 |    7.56 |     0.92 |   0.93
0201 -     14.29 |   12.20 |     0.80 |   0.80
0202 -     11.42 |   10.41 |     0.87 |   0.90
0203 -      0.00 |    0.00 |     0.77 |   0.79
0204 -     66.71 |   17.93 |     0.97 |   0.97
0205 -      0.00 |    0.00 |     0.85 |   0.89
0206 -     19.26 |   19.15 |     0.88 |   0.90
0207 -     49.39 |   49.59 |     0.88 |   0.89
0208 -     99.58 |   71.57 |     1.00 |   0.96
0209 -     57.23 |   56.45 |     0.75 |   0.77
0210 -     45.10 |   91.77 |     0.98 |   1.00
0211 -     14.11 |   14.85 |     0.69 |   0.71
0212 -      0.00 |    0.00 |     0.79 |   0.81
0213 -      0.00 |    0.00 |     0.93 |   0.95
0214 -      0.00 |    0.00 |     0.50 |   0.50
0215 -      0.00 |    0.00 |     0.82 |   0.87
0216 -     18.91 |   19.20 |     0.82 |   0.84
0217 -      0.00 |    0.00 |     0.65 |   0.82
0218 -     40.88 |   43.91 |     0.94 |   0.97
0219 -     32.13 |   57.12 |     0.73 |   0.76
0220 -     51.27 |   52.53 |     0.90 |   0.99
0221 -      0.00 |    0.00 |     0.75 |   0.86
0222 -      5.12 |    0.00 |     0.89 |   0.89
0223 -      0.00 |    0.00 |     0.73 |   0.78
0224 -      0.00 |    0.00 |     0.96 |   0.97
0225 -     37.47 |   27.92 |     0.65 |   0.65
0226 -     67.75 |  100.00 |     0.96 |   1.00
0227 -      8.67 |    0.00 |     0.59 |   0.58
0228 -      0.00 |   11.06 |     0.93 |   0.96
0229 -      0.00 |    0.00 |     0.83 |   0.85
0230 -      0.00 |    0.00 |     0.66 |   0.65
0231 -     12.37 |   11.16 |     0.94 |   0.93
0232 -     15.41 |    0.00 |     0.55 |   0.61
0233 -     63.39 |   77.71 |     0.75 |   0.80
0234 -     11.82 |   50.72 |     0.88 |   0.90
0235 -      4.14 |    0.00 |     0.84 |   0.83
0236 -      0.00 |  100.00 |     0.94 |   1.00
0237 -      0.00 |    0.00 |     0.94 |   0.98
0238 -     91.94 |   51.01 |     0.91 |   0.92
0239 -     54.79 |   77.47 |     0.85 |   0.88
0240 -     11.24 |   41.61 |     0.89 |   0.91
0241 -     37.22 |   55.98 |     0.78 |   0.83
0242 -      0.00 |    0.00 |     0.92 |   0.92
0243 -      0.00 |    0.00 |     0.64 |   0.67
0244 -     11.68 |    8.45 |     0.76 |   0.77
0245 -      0.00 |    0.00 |     0.84 |   0.85
0246 -     64.38 |   67.25 |     0.76 |   0.86
0247 -      7.69 |    7.69 |     0.94 |   0.95
0248 -     18.11 |   86.56 |     0.77 |   0.82
0249 -     72.53 |   70.47 |     0.87 |   0.97
0250 -     37.94 |    0.00 |     0.83 |   0.83
0251 -      0.00 |    0.00 |     0.79 |   0.85
0252 -     12.50 |    0.00 |     0.85 |   0.84
0253 -      0.00 |    4.08 |     0.69 |   0.73
0254 -      6.24 |    6.70 |     0.92 |   0.91
0255 -     13.67 |   91.03 |     0.91 |   0.96
0256 -     40.72 |   45.69 |     0.95 |   0.93
0257 -      0.00 |    0.00 |     0.86 |   0.86
0258 -     77.15 |   42.61 |     0.89 |   0.91
0259 -     37.11 |   34.93 |     0.87 |   0.94
0260 -     70.80 |   82.69 |     0.74 |   0.89
0261 -     97.75 |  100.00 |     0.85 |   1.00
0262 -      0.00 |    0.00 |     0.61 |   0.60
0263 -     55.07 |  100.00 |     0.84 |   1.00
0264 -      0.00 |    0.00 |     0.96 |   0.85
0265 -      0.00 |    0.00 |     0.39 |   0.39
0266 -     60.46 |   41.36 |     0.93 |   0.98
0267 -     87.52 |    0.00 |     0.96 |   0.99
0268 -     29.46 |   29.46 |     0.85 |   0.91
0269 -      0.00 |    0.00 |     0.80 |   0.81
0270 -    100.00 |   45.51 |     1.00 |   0.96
0271 -      0.00 |    0.00 |     0.46 |   0.46
0272 -      0.00 |    0.00 |     0.37 |   0.37
0273 -      8.24 |  100.00 |     0.94 |   1.00
0274 -     94.48 |   99.83 |     0.95 |   0.97
0275 -     16.94 |   16.94 |     0.96 |   0.97
0276 -     46.95 |   53.41 |     0.90 |   0.91
0277 -     31.95 |   35.93 |     0.90 |   0.92
0278 -     19.76 |   54.01 |     0.77 |   0.84
0279 -      0.00 |    0.00 |     0.29 |   0.29
0280 -     50.90 |   94.06 |     0.93 |   0.94
0281 -      0.00 |    0.00 |     0.83 |   0.82
0282 -      9.17 |   36.42 |     0.71 |   0.74
0283 -     49.02 |  100.00 |     0.98 |   1.00
0284 -     13.90 |   13.90 |     0.91 |   0.93
0285 -     19.13 |   19.02 |     0.90 |   0.90
0286 -     76.13 |   66.22 |     0.75 |   0.73
0287 -      0.00 |    0.00 |     0.86 |   0.89
0288 -     94.99 |    0.00 |     0.94 |   0.92
0289 -      0.00 |   12.69 |     0.84 |   0.85
0290 -     73.09 |  100.00 |     0.98 |   1.00
0291 -     68.40 |   48.07 |     0.87 |   0.78
0292 -      0.00 |    0.00 |     0.79 |   0.79
0293 -     45.76 |   81.22 |     0.95 |   0.94
0294 -     24.10 |   23.39 |     0.87 |   0.89
0295 -     11.37 |  100.00 |     0.90 |   1.00
0296 -     78.62 |   81.84 |     0.98 |   1.00
0297 -      0.00 |    0.00 |     0.78 |   0.82
0298 -      0.00 |    7.38 |     0.87 |   0.89
0299 -     21.09 |   77.35 |     0.96 |   0.97
0300 -      0.00 |    0.00 |     0.89 |   0.90
0301 -     28.62 |   42.42 |     0.80 |   0.89
0302 -      0.00 |    0.00 |     0.57 |   0.57
0303 -     17.91 |   14.50 |     0.74 |   0.79
0304 -      0.00 |    5.27 |     0.85 |   0.88
0305 -      0.00 |    0.00 |     0.82 |   0.85
0306 -      0.00 |   19.82 |     0.97 |   1.00
0307 -     24.26 |  100.00 |     0.93 |   1.00
0308 -      0.00 |    0.00 |     0.68 |   0.67
0309 -      0.00 |    8.33 |     0.94 |   0.96
0310 -      0.00 |    0.00 |     0.72 |   0.71
0311 -     65.27 |  100.00 |     0.99 |   1.00
0312 -     17.15 |   13.79 |     0.92 |   0.92
0313 -     59.55 |   34.09 |     0.83 |   0.90
0314 -     39.99 |   88.94 |     0.95 |   0.97
0315 -     82.22 |   97.50 |     0.96 |   0.98
0316 -      3.97 |    3.95 |     0.82 |   0.83
0317 -     17.06 |   16.77 |     0.86 |   0.86
0318 -      0.00 |    0.00 |     0.73 |   0.86
0319 -      0.00 |    0.00 |     0.86 |   0.87
0320 -      0.00 |   33.06 |     0.89 |   0.92
0321 -     64.50 |   35.59 |     0.75 |   0.74
0322 -     38.41 |   45.96 |     0.94 |   0.95
0323 -     12.76 |   20.86 |     0.87 |   0.89
0324 -      0.00 |  100.00 |     0.94 |   1.00
0325 -      0.00 |    0.00 |     0.33 |   0.38
0326 -     92.95 |   97.27 |     0.98 |   1.00
0327 -     87.18 |   93.93 |     0.97 |   0.99
0328 -     12.83 |  100.00 |     1.00 |   1.00
0329 -      0.00 |    0.00 |     0.78 |   0.80
0330 -    100.00 |   67.74 |     1.00 |   0.91
0331 -     14.46 |    0.00 |     0.64 |   0.64
0332 -     15.27 |   24.83 |     0.83 |   0.85
0333 -      0.00 |    0.00 |     0.63 |   0.59
0334 -     85.06 |  100.00 |     0.97 |   1.00
0335 -      0.00 |    0.00 |     0.69 |   0.68
0336 -     38.02 |   37.28 |     0.74 |   0.82
0337 -      3.71 |    3.68 |     0.76 |   0.76
0338 -      0.00 |   98.22 |     0.92 |   0.98
0339 -      0.00 |    0.00 |     0.62 |   0.63
0340 -     64.15 |   66.96 |     0.80 |   0.80
0341 -      0.00 |    0.00 |     0.92 |   0.94
0342 -      0.00 |    0.00 |     0.79 |   0.81
0343 -      0.00 |    0.00 |     0.87 |   0.87
0344 -     36.67 |   35.23 |     0.85 |   0.86
0345 -     52.53 |   98.40 |     0.97 |   0.99
0346 -      0.00 |    0.00 |     0.76 |   0.78
0347 -      0.00 |    0.00 |     0.72 |   0.73
0348 -      0.00 |    0.00 |     0.91 |   0.93
0349 -      0.00 |    0.00 |     0.98 |   0.96
0350 -     42.00 |  100.00 |     0.95 |   1.00
0351 -      0.00 |    0.00 |     0.82 |   0.81
0352 -     12.49 |   11.85 |     0.82 |   0.92
0353 -     84.69 |   87.67 |     0.93 |   0.94
0354 -      0.00 |    0.00 |     0.93 |   0.93
0355 -      0.00 |    0.00 |     0.87 |   0.88
0356 -     59.03 |   59.40 |     0.98 |   0.99
0357 -     37.16 |   34.38 |     0.88 |   0.90
0358 -     72.66 |  100.00 |     0.92 |   1.00
0359 -      0.00 |    0.00 |     0.57 |   0.58
0360 -     77.84 |   16.44 |     0.90 |   0.97
0361 -      9.94 |    9.94 |     0.92 |   0.92
0362 -     15.04 |    0.00 |     0.98 |   1.00
0363 -      0.00 |    0.00 |     0.72 |   0.70
0364 -     78.14 |   78.32 |     0.93 |   0.96
0365 -     96.33 |  100.00 |     0.99 |   1.00
0366 -     88.10 |  100.00 |     0.94 |   1.00
0367 -      0.00 |    0.00 |     0.92 |   0.96
0368 -      0.00 |    0.00 |     0.55 |   0.60
0369 -     27.12 |    0.00 |     0.64 |   0.63
0370 -      0.00 |   13.42 |     0.81 |   0.82
0371 -      9.89 |   39.04 |     0.75 |   0.78
0372 -      0.00 |   42.99 |     0.96 |   0.97
0373 -      7.55 |    7.55 |     0.69 |   0.68
0374 -      0.00 |    0.00 |     0.66 |   0.67
0375 -     37.41 |   37.41 |     0.83 |   0.91
0376 -      0.00 |    0.00 |     0.80 |   0.80
0377 -      0.00 |    0.00 |     0.82 |   0.82
0378 -      0.00 |    0.00 |     0.83 |   0.87
0379 -      0.00 |    0.00 |     0.84 |   0.87
0380 -      0.00 |    0.00 |     0.56 |   0.55
0381 -      0.00 |   75.04 |     0.88 |   0.88
0382 -     77.87 |   88.53 |     0.85 |   0.92
0383 -     81.42 |   88.40 |     0.89 |   0.94
0384 -     14.71 |   17.38 |     0.86 |   0.84
0385 -      0.00 |    6.21 |     0.52 |   0.56
0386 -      0.00 |    0.00 |     0.86 |   0.89
0387 -      8.64 |    8.68 |     0.96 |   0.97
0388 -     74.87 |    0.00 |     0.95 |   0.97
0389 -     88.37 |   88.37 |     0.95 |   0.99
0390 -     15.21 |   57.37 |     0.92 |   0.93
0391 -     13.77 |   15.02 |     0.68 |   0.82
0392 -      0.00 |    0.00 |     0.59 |   0.61
0393 -     38.18 |   63.31 |     0.92 |   0.96
0394 -      0.00 |    0.00 |     0.66 |   0.65
0395 -      0.00 |    0.00 |     0.80 |   0.81
0396 -     74.70 |   84.92 |     0.96 |   0.97
0397 -      0.00 |    0.00 |     0.76 |   0.75
0398 -     23.96 |   67.05 |     0.93 |   0.95
0399 -      0.00 |    0.00 |     0.90 |   0.94
0400 -      0.00 |    0.00 |     0.76 |   0.78
0401 -      8.68 |    8.68 |     0.92 |   0.94
0402 -     30.30 |   71.08 |     0.96 |   0.97
0403 -     13.27 |   11.87 |     0.86 |   0.88
0404 -     46.42 |   71.23 |     0.91 |   0.93
0405 -      0.00 |    0.00 |     0.83 |   0.88
0406 -      0.00 |    0.00 |     0.88 |   0.91
0407 -      0.00 |    0.00 |     0.83 |   0.87
0408 -      5.19 |    5.19 |     0.89 |   0.90
0409 -      0.00 |    0.00 |     0.77 |   0.77
0410 -     24.18 |   25.40 |     0.89 |   0.91
0411 -      0.00 |    0.00 |     0.84 |   0.86
0412 -      0.00 |    7.21 |     0.08 |   0.14
0413 -     66.20 |  100.00 |     0.98 |   1.00
0414 -     40.54 |   97.57 |     0.90 |   0.93
0415 -     52.17 |   36.74 |     0.93 |   0.95
0416 -     82.55 |   98.06 |     0.96 |   0.99
0417 -      0.00 |    0.00 |     0.66 |   0.66
0418 -     87.68 |   95.44 |     0.95 |   0.97
0419 -     22.20 |   26.81 |     0.88 |   0.89
0420 -      0.00 |    0.00 |     0.19 |   0.23
0421 -      0.00 |    0.00 |     0.78 |   0.80
0422 -     23.65 |   75.04 |     0.97 |   0.97
0423 -     20.03 |   72.22 |     0.95 |   0.98
0424 -     76.98 |   99.76 |     0.89 |   0.92
0425 -      0.00 |    0.00 |     0.81 |   0.80
0426 -      0.00 |    0.00 |     0.41 |   0.40
0427 -      5.42 |   25.89 |     0.97 |   0.99
0428 -     30.45 |    6.74 |     0.91 |   0.91
0429 -      0.00 |    0.00 |     0.84 |   0.88
0430 -     85.63 |   97.63 |     0.93 |   0.99
0431 -      0.00 |    0.00 |     0.67 |   0.69
0432 -      0.00 |    0.00 |     0.90 |   0.91
0433 -      0.00 |    0.00 |     0.66 |   0.67
0434 -      0.00 |    0.00 |     0.92 |   0.97
0435 -     40.44 |   88.05 |     0.97 |   0.99
0436 -      7.57 |   67.92 |     0.98 |   1.00
0437 -      6.01 |    4.82 |     0.89 |   0.88
0438 -      9.38 |    0.00 |     0.69 |   0.73
0439 -      0.00 |    0.00 |     0.82 |   0.82
0440 -     17.24 |   15.52 |     0.74 |   0.74
0441 -     40.02 |   40.02 |     0.95 |   0.95
0442 -     13.79 |   13.70 |     0.91 |   0.93
0443 -     47.40 |  100.00 |     0.92 |   1.00
0444 -      0.00 |    0.00 |     0.78 |   0.82
0445 -     61.28 |  100.00 |     0.91 |   1.00
0446 -     43.03 |   23.64 |     0.91 |   0.93
0447 -     43.04 |   97.40 |     0.74 |   0.82
0448 -     57.85 |   64.13 |     0.98 |   0.99
0449 -     62.01 |   61.88 |     0.67 |   0.68
0450 -     58.74 |   65.63 |     1.00 |   1.00
0451 -     11.16 |   17.88 |     0.61 |   0.63
0452 -     83.26 |  100.00 |     0.98 |   1.00
0453 -      0.00 |    0.00 |     0.85 |   0.88
0454 -      0.00 |    0.00 |     0.96 |   0.98
0455 -      0.00 |    0.00 |     0.78 |   0.78
0456 -      8.93 |    7.41 |     0.82 |   0.83
0457 -     88.27 |  100.00 |     0.94 |   1.00
0458 -     76.40 |   30.16 |     1.00 |   1.00
0459 -     31.97 |   93.27 |     0.91 |   0.99
0460 -     14.11 |    0.00 |     0.90 |   0.90
0461 -     53.07 |   89.23 |     0.92 |   0.98
0462 -      0.00 |    0.00 |     0.77 |   0.82
0463 -      5.61 |    4.29 |     0.86 |   0.91
0464 -     28.88 |   45.76 |     0.83 |   0.87
0465 -     88.79 |  100.00 |     0.97 |   1.00
0466 -      0.00 |   13.59 |     0.73 |   0.81
0467 -     82.65 |   81.13 |     0.96 |   0.97
0468 -      0.00 |    0.00 |     0.70 |   0.83
0469 -      0.00 |    0.00 |     0.57 |   0.56
0470 -      0.00 |    0.00 |     0.67 |   0.68
0471 -     19.14 |   99.12 |     0.98 |   1.00
0472 -     47.58 |   59.38 |     0.93 |   0.95
0473 -     16.25 |   99.69 |     0.90 |   0.94
0474 -     48.73 |    9.49 |     0.89 |   0.94
0475 -     39.64 |   36.03 |     0.98 |   0.97
0476 -      0.00 |    0.00 |     0.82 |   0.85
0477 -      0.00 |    0.00 |     0.87 |   0.87
0478 -      0.00 |    0.00 |     0.75 |   0.74
0479 -     38.70 |   63.85 |     0.93 |   0.97
0480 -      0.00 |    0.00 |     0.73 |   0.78
0481 -     33.65 |  100.00 |     0.98 |   1.00
0482 -      0.00 |    0.00 |     0.66 |   0.75
0483 -      5.85 |   96.80 |     0.92 |   0.93
0484 -     86.88 |   20.58 |     0.88 |   0.89
0485 -     90.11 |   94.73 |     0.83 |   0.93
0486 -      0.00 |    0.00 |     0.79 |   0.81
0487 -     45.06 |    0.00 |     0.91 |   0.91
0488 -      0.00 |   26.45 |     0.93 |   0.96
0489 -      0.00 |    0.00 |     0.84 |   0.85
0490 -      0.00 |    0.00 |     0.77 |   0.80
0491 -      0.00 |    0.00 |     0.56 |   0.60
0492 -      0.00 |    7.32 |     0.87 |   0.89
0493 -      5.94 |    6.11 |     0.66 |   0.67
0494 -      0.00 |    0.00 |     0.81 |   0.83
0495 -     72.52 |   70.28 |     0.89 |   0.88
0496 -     12.58 |   13.76 |     0.60 |   0.69
0497 -      8.23 |    8.23 |     0.80 |   0.82
0498 -      0.00 |    0.00 |     0.48 |   0.56
0499 -      0.00 |    0.00 |     0.95 |   0.97
0500 -      3.60 |    3.77 |     0.86 |   0.87
0501 -      0.00 |    0.00 |     0.65 |   0.66
0502 -     12.11 |   12.60 |     0.80 |   0.82
0503 -      0.00 |   20.97 |     0.81 |   0.89
0504 -     90.34 |   66.75 |     0.96 |   0.90
0505 -     43.62 |  100.00 |     0.95 |   1.00
0506 -     21.78 |   22.04 |     0.89 |   0.88
0507 -     11.69 |   80.63 |     0.97 |   0.98
0508 -     11.56 |   11.63 |     0.87 |   0.92
0509 -      0.00 |    0.00 |     0.72 |   0.71
0510 -     13.14 |   32.25 |     0.57 |   0.61
0511 -      0.00 |    0.00 |     0.82 |   0.82
0512 -     30.13 |   35.09 |     0.86 |   0.91
0513 -     64.40 |   84.90 |     0.84 |   0.93
0514 -     31.28 |   33.41 |     0.39 |   0.42
0515 -      4.64 |    4.64 |     0.68 |   0.68
0516 -     78.60 |  100.00 |     0.99 |   1.00
0517 -      6.33 |    6.29 |     0.86 |   0.88
0518 -      0.00 |    8.52 |     0.76 |   0.80
0519 -     18.35 |   20.24 |     0.82 |   0.86
0520 -      0.00 |    0.00 |     0.85 |   0.87
0521 -     47.26 |   82.53 |     0.95 |   0.99
0522 -      0.00 |    0.00 |     0.86 |   0.87
0523 -     39.59 |   10.17 |     0.91 |   0.87
0524 -      0.00 |    0.00 |     0.63 |   0.64
0525 -     27.23 |   28.22 |     0.76 |   0.78
0526 -     18.21 |   15.56 |     0.81 |   0.84
0527 -     36.65 |   36.86 |     0.84 |   0.85
0528 -     87.38 |   91.13 |     0.93 |   0.96
0529 -      0.00 |    0.00 |     0.77 |   0.77
0530 -      0.00 |    0.00 |     0.48 |   0.47
0531 -      0.00 |    0.00 |     0.72 |   0.82
0532 -      0.00 |  100.00 |     0.97 |   1.00
0533 -     18.60 |   17.71 |     0.90 |   0.86
0534 -     10.08 |   10.16 |     0.96 |   0.96
0535 -      0.00 |    0.00 |     0.79 |   0.81
0536 -      0.00 |    0.00 |     0.80 |   0.76
0537 -      0.00 |    0.00 |     0.59 |   0.77
0538 -     83.86 |   45.56 |     0.96 |   0.99
0539 -      0.00 |    0.00 |     0.75 |   0.78
0540 -      0.00 |    0.00 |     0.88 |   0.87
0541 -     32.36 |  100.00 |     0.95 |   1.00
0542 -     39.16 |   76.15 |     0.95 |   0.96
0543 -      0.00 |    0.00 |     0.73 |   0.79
0544 -      0.00 |    0.00 |     0.17 |   0.19
0545 -     24.34 |   21.99 |     0.94 |   0.97
0546 -      0.00 |    0.00 |     0.95 |   0.98
0547 -      0.00 |    0.00 |     0.93 |   0.99
0548 -     85.78 |   63.51 |     0.91 |   0.89
0549 -      0.00 |    0.00 |     0.74 |   0.78
0550 -      0.00 |    0.00 |     0.65 |   0.68
0551 -     25.93 |  100.00 |     0.90 |   1.00
0552 -      4.94 |    4.70 |     0.93 |   0.94
0553 -     43.53 |  100.00 |     0.95 |   1.00
0554 -     56.11 |  100.00 |     0.99 |   1.00
0555 -     17.54 |   17.79 |     0.87 |   0.87
0556 -      0.00 |    0.00 |     0.75 |   0.74
0557 -      0.00 |    0.00 |     0.83 |   0.89
0558 -     98.52 |  100.00 |     0.99 |   1.00
0559 -     24.99 |   21.82 |     0.95 |   0.96
0560 -      9.30 |    8.93 |     0.68 |   0.66
0561 -      0.00 |    0.00 |     0.92 |   0.93
0562 -     40.47 |   13.70 |     0.78 |   0.86
0563 -     12.92 |   12.30 |     0.84 |   0.88
0564 -     55.53 |   36.04 |     0.95 |   0.98
0565 -     84.16 |  100.00 |     0.99 |   1.00
0566 -     47.98 |   34.24 |     0.93 |   0.91
0567 -     41.81 |  100.00 |     0.95 |   1.00
0568 -      0.00 |    0.00 |     0.80 |   0.81
0569 -     21.21 |  100.00 |     0.99 |   1.00
0570 -     45.58 |   45.58 |     0.89 |   0.93
0571 -     40.14 |   89.24 |     0.92 |   0.93
0572 -      0.00 |    0.00 |     0.85 |   0.85
0573 -      0.00 |    3.93 |     0.88 |   0.89
0574 -      7.72 |    0.00 |     0.26 |   0.26
0575 -      0.00 |    0.00 |     0.80 |   0.83
0576 -      0.00 |    0.00 |     0.65 |   0.65
0577 -     52.33 |   51.54 |     0.92 |   0.96
0578 -      0.00 |    0.00 |     0.75 |   0.77
0579 -      0.00 |    0.00 |     0.87 |   0.85
0580 -      0.00 |    0.00 |     0.45 |   0.59
0581 -      0.00 |   97.09 |     0.98 |   0.98
0582 -     54.24 |   40.11 |     0.78 |   0.81
0583 -     32.55 |   29.62 |     0.93 |   0.93
0584 -      5.36 |    0.00 |     0.96 |   0.94
0585 -      0.00 |    0.00 |     0.81 |   0.84
0586 -     45.03 |   84.85 |     0.93 |   0.96
0587 -     57.36 |   72.47 |     0.85 |   0.88
0588 -     21.44 |   90.68 |     0.91 |   0.92
0589 -     97.76 |    0.00 |     0.71 |   0.64
0590 -      0.00 |    0.00 |     0.92 |   0.94
0591 -      0.00 |    0.00 |     0.89 |   0.89
0592 -     90.20 |   96.42 |     0.98 |   0.99
0593 -     12.84 |   73.72 |     0.86 |   0.88
0594 -     33.50 |   33.68 |     0.83 |   0.84
0595 -      0.00 |    0.00 |     0.84 |   0.88
0596 -     15.87 |   14.28 |     0.77 |   0.81
0597 -      0.00 |    0.00 |     0.84 |   0.86
0598 -      5.17 |    5.15 |     0.87 |   0.92
0599 -      6.71 |   96.74 |     0.95 |   0.96
0600 -     55.04 |   50.13 |     0.93 |   0.95
0601 -      0.00 |    0.00 |     0.45 |   0.32
0602 -      0.00 |    0.00 |     0.65 |   0.65
0603 -     71.55 |   72.16 |     0.78 |   0.81
0604 -      0.00 |    0.00 |     0.98 |   1.00
0605 -     53.01 |   53.01 |     0.89 |   0.91
0606 -      0.00 |    0.00 |     0.93 |   0.95
0607 -      0.00 |    0.00 |     0.91 |   0.96
0608 -      5.81 |    6.30 |     0.89 |   0.90
0609 -      0.00 |    0.00 |     0.49 |   0.53
0610 -     11.79 |   11.69 |     0.74 |   0.82
0611 -      0.00 |    0.00 |     0.77 |   0.75
0612 -     26.48 |    0.00 |     0.72 |   0.74
0613 -     32.09 |  100.00 |     0.99 |   1.00
0614 -     32.77 |   34.50 |     0.92 |   0.95
0615 -      0.00 |    0.00 |     0.73 |   0.74
0616 -      0.00 |    0.00 |     0.72 |   0.74
0617 -      0.00 |    0.00 |     0.75 |   0.84
0618 -      0.00 |    0.00 |     0.75 |   0.74
0619 -     19.02 |   53.76 |     0.93 |   0.95
0620 -     46.57 |   52.83 |     0.84 |   0.90
0621 -     33.16 |    0.00 |     0.77 |   0.79
0622 -     22.46 |   28.16 |     0.92 |   0.93
0623 -      0.00 |    0.00 |     0.78 |   0.79
0624 -      0.00 |    0.00 |     0.55 |   0.54
0625 -      0.00 |    0.00 |     0.83 |   0.83
0626 -      0.00 |    0.00 |     0.74 |   0.77
0627 -      0.00 |    0.00 |     0.51 |   0.64
0628 -     35.65 |   95.53 |     0.96 |   0.99
0629 -      0.00 |    0.00 |     0.78 |   0.79
0630 -     29.38 |   25.15 |     0.91 |   0.88
0631 -     11.17 |    9.64 |     0.64 |   0.65
0632 -      0.00 |    0.00 |     0.76 |   0.78
0633 -      0.00 |    6.53 |     0.88 |   0.89
0634 -      0.00 |   45.16 |     0.67 |   0.69
0635 -      9.53 |    0.00 |     0.65 |   0.67
0636 -     15.39 |   93.77 |     0.97 |   0.98
0637 -     11.17 |   10.62 |     0.75 |   0.75
0638 -      0.00 |    0.00 |     0.82 |   0.83
0639 -     47.17 |  100.00 |     0.98 |   1.00
0640 -     12.36 |   13.49 |     0.83 |   0.92
0641 -     40.63 |   76.55 |     0.72 |   0.78
0642 -     51.46 |   60.29 |     0.90 |   0.88
0643 -     42.95 |   92.66 |     0.96 |   0.99
0644 -      0.00 |    0.00 |     0.96 |   0.96
0645 -     66.42 |    6.24 |     0.94 |   0.97
0646 -      4.10 |    8.82 |     0.89 |   0.90
0647 -      0.00 |    0.00 |     0.86 |   0.87
0648 -      0.00 |    0.00 |     0.89 |   0.90
0649 -      0.00 |    0.00 |     0.89 |   0.91
0650 -      0.00 |    9.05 |     0.74 |   0.78
0651 -      0.00 |    0.00 |     0.90 |   0.93
0652 -     82.11 |   82.55 |     0.96 |   0.98
0653 -     64.52 |    0.00 |     0.93 |   0.88
0654 -     13.57 |   65.01 |     0.94 |   0.95
0655 -      0.00 |    0.00 |     0.85 |   0.92
0656 -      0.00 |    0.00 |     0.67 |   0.68
0657 -     46.58 |   45.20 |     0.75 |   0.82
0658 -     10.82 |   10.82 |     0.76 |   0.84
0659 -      0.00 |    0.00 |     0.38 |   0.43
0660 -      0.00 |   50.62 |     0.65 |   0.79
0661 -     89.34 |   97.40 |     0.93 |   0.95
0662 -    100.00 |  100.00 |     0.60 |   0.59
0663 -      0.00 |    0.00 |     0.92 |   0.95
0664 -      3.95 |    3.90 |     0.84 |   0.85
0665 -      0.00 |  100.00 |     0.77 |   1.00
0666 -     90.85 |  100.00 |     0.97 |   1.00
0667 -     28.58 |   31.35 |     0.81 |   0.82
0668 -      0.00 |    0.00 |     0.94 |   0.99
0669 -      8.50 |    7.73 |     0.73 |   0.84
0670 -     19.98 |   19.83 |     0.88 |   0.89
0671 -      0.00 |    0.00 |     0.84 |   0.95
0672 -      0.00 |    0.00 |     0.89 |   0.95
0673 -     25.15 |   24.47 |     0.84 |   0.86
0674 -      8.29 |    8.40 |     0.71 |   0.66
0675 -     11.96 |   12.66 |     0.95 |   0.97
0676 -      0.00 |   91.56 |     0.94 |   0.97
0677 -      9.53 |    8.32 |     0.67 |   0.67
0678 -     53.50 |   53.35 |     0.78 |   0.81
0679 -      4.02 |    4.40 |     0.74 |   0.75
0680 -     32.02 |   50.54 |     0.87 |   0.89
0681 -      0.00 |    0.00 |     0.59 |   0.78
0682 -      0.00 |    0.00 |     0.77 |   0.76
0683 -      0.00 |  100.00 |     0.95 |   1.00
0684 -      0.00 |    0.00 |     0.52 |   0.56
0685 -     39.87 |   68.00 |     0.70 |   0.74
0686 -     38.50 |   36.89 |     0.80 |   0.87
0687 -      0.00 |    0.00 |     0.80 |   0.77
0688 -     76.91 |   80.81 |     0.94 |   0.99
0689 -     47.99 |   48.62 |     0.89 |   0.91
0690 -      0.00 |    0.00 |     0.54 |   0.54
0691 -     92.77 |   99.56 |     0.98 |   1.00
0692 -     19.99 |   46.85 |     0.92 |   0.93
0693 -      0.00 |    0.00 |     0.83 |   0.81
0694 -     59.84 |   60.02 |     0.94 |   0.96
0695 -     25.85 |   71.75 |     0.96 |   0.98
0696 -      0.00 |    0.00 |     0.91 |   0.92
0697 -     11.09 |    0.00 |     0.79 |   0.80
0698 -     29.96 |   27.63 |     0.73 |   0.72
0699 -     31.96 |   31.15 |     0.73 |   0.73
0700 -     10.17 |    9.78 |     0.93 |   0.95
0701 -      9.05 |    8.94 |     0.81 |   0.86
0702 -     67.27 |   54.94 |     0.88 |   0.95
0703 -      0.00 |    0.00 |     0.17 |   0.20
0704 -      0.00 |    0.00 |     0.95 |   0.98
0705 -      0.00 |    0.00 |     0.71 |   0.79
0706 -      0.00 |    0.00 |     0.55 |   0.55
0707 -     62.57 |   64.48 |     0.93 |   0.95
0708 -     24.23 |   96.47 |     0.88 |   0.99
0709 -      0.00 |    0.00 |     0.30 |   0.61
0710 -     11.06 |   10.56 |     0.89 |   0.88
0711 -     22.25 |   22.61 |     0.94 |   0.99
0712 -     16.95 |   16.55 |     0.66 |   0.67
0713 -      0.00 |    0.00 |     0.91 |   0.92
0714 -     14.46 |   63.33 |     0.79 |   0.80
0715 -      0.00 |    5.59 |     0.77 |   0.77
0716 -     60.63 |   59.57 |     0.90 |   0.97
0717 -     62.48 |  100.00 |     0.83 |   1.00
0718 -      0.00 |    0.00 |     0.62 |   0.64
0719 -     68.08 |   11.34 |     0.98 |   0.99
0720 -      5.51 |    5.51 |     0.92 |   0.94
0721 -     10.04 |    9.30 |     0.51 |   0.47
0722 -     19.88 |   42.09 |     0.89 |   0.92
0723 -      0.00 |    0.00 |     0.49 |   0.56
0724 -      0.00 |    0.00 |     0.91 |   0.90
0725 -    100.00 |   50.58 |     1.00 |   0.98
0726 -      0.00 |    0.00 |     0.90 |   0.90
0727 -     26.38 |   25.66 |     0.75 |   0.75
0728 -      0.00 |    0.00 |     0.96 |   0.97
0729 -      0.00 |    0.00 |     0.90 |   0.89
0730 -     10.36 |    0.00 |     0.84 |   0.83
0731 -     15.33 |   91.24 |     0.92 |   0.97
0732 -      0.00 |    0.00 |     0.69 |   0.69
0733 -      4.35 |    3.73 |     0.96 |   0.97
0734 -      0.00 |    0.00 |     0.76 |   0.76
0735 -      0.00 |    0.00 |     0.70 |   0.74
0736 -     41.62 |   35.15 |     0.82 |   0.83
0737 -      0.00 |    0.00 |     0.49 |   0.52
0738 -     59.58 |   60.24 |     0.85 |   0.84
0739 -     31.51 |   30.37 |     0.90 |   0.91
0740 -     32.66 |   38.76 |     0.74 |   0.75
0741 -     54.22 |   65.81 |     0.81 |   0.82
0742 -      0.00 |    0.00 |     0.83 |   0.85
0743 -     83.00 |   85.67 |     0.96 |   0.96
0744 -      0.00 |    0.00 |     0.90 |   0.92
0745 -      0.00 |    0.00 |     0.80 |   0.80
0746 -      0.00 |    0.00 |     0.87 |   0.88
0747 -      0.00 |    0.00 |     0.92 |   0.96
0748 -     17.42 |   17.53 |     0.93 |   0.92
0749 -      0.00 |    0.00 |     0.91 |   0.93
0750 -      0.00 |    0.00 |     0.79 |   0.79
0751 -      0.00 |    0.00 |     0.70 |   0.80
0752 -     15.21 |    9.76 |     0.91 |   0.91
0753 -      0.00 |    0.00 |     0.93 |   0.98
0754 -      0.00 |    0.00 |     0.54 |   0.53
0755 -      0.00 |    0.00 |     0.72 |   0.78
0756 -     69.58 |   97.42 |     0.97 |   0.99
0757 -     58.74 |   55.20 |     0.94 |   0.96
0758 -    100.00 |   78.17 |     1.00 |   0.90
0759 -     20.25 |   21.41 |     0.78 |   0.78
0760 -     92.74 |  100.00 |     0.93 |   1.00
0761 -     75.07 |  100.00 |     0.94 |   1.00
0762 -     56.80 |    7.87 |     0.86 |   0.93
0763 -     10.40 |   10.19 |     0.74 |   0.78
0764 -     33.82 |   33.83 |     0.87 |   0.88
0765 -     13.82 |   12.04 |     0.83 |   0.97
0766 -      0.00 |    0.00 |     0.78 |   0.79
0767 -     18.39 |    0.00 |     0.92 |   0.97
0768 -     49.52 |   94.30 |     0.78 |   0.97
0769 -     24.69 |   65.08 |     0.75 |   0.92
0770 -      0.00 |    3.70 |     0.91 |   0.93
0771 -     38.34 |  100.00 |     0.98 |   0.99
0772 -      0.00 |  100.00 |     0.97 |   1.00
0773 -     36.01 |    8.04 |     0.90 |   0.91
0774 -     86.22 |   22.95 |     0.94 |   0.97
0775 -     25.12 |   64.07 |     0.89 |   0.92
0776 -      0.00 |  100.00 |     0.78 |   1.00
0777 -      0.00 |   96.29 |     0.81 |   0.99
0778 -      0.00 |    0.00 |     0.64 |   0.66
0779 -      0.00 |    0.00 |     0.70 |   0.72
0780 -     62.04 |   54.74 |     0.97 |   1.00
0781 -      0.00 |    0.00 |     0.88 |   0.94
0782 -      0.00 |    0.00 |     0.77 |   0.70
0783 -      0.00 |    6.08 |     0.75 |   0.76
0784 -     36.55 |    0.00 |     0.92 |   0.93
0785 -     75.35 |   88.45 |     0.92 |   0.95
0786 -     24.49 |   25.97 |     0.87 |   0.90
0787 -     14.27 |   26.49 |     0.75 |   0.76
0788 -      0.00 |    0.00 |     0.59 |   0.60
0789 -      0.00 |    0.00 |     0.49 |   0.55
0790 -      0.00 |    0.00 |     0.86 |   0.82
0791 -      0.00 |    0.00 |     0.92 |   0.92
0792 -     23.39 |   22.53 |     0.86 |   0.77
0793 -     12.92 |    9.07 |     0.75 |   0.74
0794 -     41.42 |   38.55 |     0.86 |   0.89
0795 -     12.80 |   12.53 |     0.88 |   0.91
0796 -     80.00 |   94.17 |     0.87 |   0.99
0797 -     10.86 |   11.68 |     0.46 |   0.47
0798 -     22.87 |   68.91 |     0.96 |   0.98
0799 -      0.00 |    0.00 |     0.75 |   0.78
0800 -      0.00 |    0.00 |     0.51 |   0.53
0801 -      0.00 |    0.00 |     0.63 |   0.64
0802 -     27.46 |   41.24 |     0.86 |   0.87
0803 -     38.02 |   55.43 |     0.82 |   0.85
0804 -      0.00 |    0.00 |     0.88 |   0.93
0805 -     10.11 |   10.19 |     0.82 |   0.82
0806 -     31.96 |   32.77 |     0.95 |   0.98
0807 -     27.84 |   22.97 |     0.75 |   0.74
0808 -      5.30 |    0.00 |     0.87 |   0.87
0809 -     60.65 |   71.22 |     0.91 |   0.97
0810 -      0.00 |    0.00 |     0.89 |   0.90
0811 -     43.93 |   43.60 |     0.73 |   0.72
0812 -      0.00 |    0.00 |     0.61 |   0.64
0813 -     12.02 |    0.00 |     0.83 |   0.82
0814 -     66.42 |   88.19 |     0.86 |   0.92
0815 -     18.33 |   27.24 |     0.82 |   0.91
0816 -      0.00 |    0.00 |     0.76 |   0.85
0817 -     18.46 |  100.00 |     0.97 |   1.00
0818 -      0.00 |    0.00 |     0.83 |   0.84
0819 -     16.44 |   16.46 |     0.76 |   0.81
0820 -     34.68 |   48.63 |     0.76 |   0.84
0821 -     32.49 |  100.00 |     0.96 |   1.00
0822 -     24.22 |   23.89 |     0.93 |   0.94
0823 -     45.27 |   45.17 |     0.95 |   0.96
0824 -      7.22 |    7.12 |     0.73 |   0.73
0825 -     21.47 |   19.52 |     0.92 |   0.94
0826 -      0.00 |   69.56 |     0.62 |   0.73
0827 -      5.64 |    6.86 |     0.93 |   0.95
0828 -      0.00 |    0.00 |     0.73 |   0.74
0829 -     23.61 |   90.74 |     0.93 |   0.95
0830 -     28.43 |   25.54 |     0.91 |   0.92
0831 -     31.45 |   75.42 |     0.74 |   0.84
0832 -      0.00 |    0.00 |     0.86 |   0.90
==============================================
