==============================================
BLEU GOLD:                               65.57
BLEU IN:                                 88.78
ACC GOLD:                               0.0020
ACC IN:                                 0.4000
SIM GOLD:                               0.8890
SIM IN:                                 0.9743
==============================================
       BLEU GOLD | BLEU IN | SIM GOLD | SIM IN
0001 -     15.35 |   15.98 |     0.95 |   1.00
0002 -     84.52 |  100.00 |     0.96 |   1.00
0003 -     99.48 |  100.00 |     0.84 |   1.00
0004 -     42.86 |  100.00 |     0.91 |   1.00
0005 -     99.25 |   50.84 |     1.00 |   0.96
0006 -      0.00 |    0.00 |     0.86 |   0.99
0007 -     29.46 |   30.84 |     0.85 |   0.90
0008 -      0.00 |   51.65 |     0.67 |   0.90
0009 -      0.00 |    0.00 |     0.81 |   0.99
0010 -      0.00 |    0.00 |     0.96 |   0.97
0011 -     99.17 |  100.00 |     0.87 |   1.00
0012 -     58.29 |  100.00 |     0.95 |   1.00
0013 -     54.02 |   53.74 |     0.93 |   0.97
0014 -      0.00 |   10.65 |     0.78 |   1.00
0015 -     50.22 |   51.62 |     0.93 |   0.98
0016 -     57.48 |  100.00 |     0.81 |   1.00
0017 -      0.00 |  100.00 |     0.62 |   1.00
0018 -      0.00 |    0.00 |     0.72 |   0.82
0019 -     84.76 |    0.00 |     0.96 |   0.99
0020 -     53.65 |   43.66 |     0.85 |   1.00
0021 -     79.72 |  100.00 |     0.96 |   1.00
0022 -      0.00 |   24.46 |     0.95 |   1.00
0023 -      9.45 |  100.00 |     0.92 |   1.00
0024 -      6.15 |    6.00 |     0.99 |   1.00
0025 -     85.89 |  100.00 |     0.89 |   1.00
0026 -     22.00 |   22.08 |     0.98 |   0.99
0027 -     60.11 |  100.00 |     0.93 |   1.00
0028 -     99.40 |  100.00 |     0.93 |   1.00
0029 -     59.15 |  100.00 |     0.95 |   1.00
0030 -     30.09 |   99.81 |     0.98 |   0.98
0031 -      0.00 |    0.00 |     0.88 |   0.96
0032 -     18.37 |   77.86 |     0.89 |   0.98
0033 -     51.80 |  100.00 |     0.87 |   1.00
0034 -     20.70 |   98.08 |     0.97 |   0.99
0035 -     50.70 |   95.84 |     0.87 |   0.99
0036 -     29.24 |  100.00 |     0.99 |   1.00
0037 -      8.13 |   18.70 |     0.87 |   1.00
0038 -     23.46 |  100.00 |     0.95 |   1.00
0039 -     19.07 |   99.81 |     0.94 |   1.00
0040 -     99.81 |  100.00 |     0.90 |   1.00
0041 -     42.27 |  100.00 |     0.93 |   1.00
0042 -     62.86 |   51.57 |     0.63 |   0.82
0043 -     21.48 |    8.53 |     0.97 |   0.98
0044 -     99.78 |  100.00 |     0.92 |   1.00
0045 -      7.46 |    7.60 |     0.89 |   0.98
0046 -      0.00 |    0.00 |     0.82 |   0.83
0047 -     24.64 |  100.00 |     0.93 |   1.00
0048 -     25.78 |   19.43 |     0.91 |   0.98
0049 -     56.71 |   56.78 |     0.99 |   0.99
0050 -     42.97 |   90.37 |     0.90 |   0.95
0051 -     19.19 |   48.52 |     0.93 |   0.99
0052 -     67.65 |  100.00 |     0.95 |   1.00
0053 -      0.00 |    0.00 |     0.57 |   0.80
0054 -     39.82 |   70.17 |     0.76 |   0.90
0055 -      0.00 |  100.00 |     0.92 |   1.00
0056 -     15.64 |   15.31 |     0.98 |   1.00
0057 -     67.42 |   69.16 |     0.94 |   0.95
0058 -      0.00 |    0.00 |     0.87 |   0.83
0059 -      0.00 |  100.00 |     0.83 |   1.00
0060 -     73.59 |   99.45 |     0.95 |   1.00
0061 -     17.35 |  100.00 |     0.99 |   0.99
0062 -     71.70 |  100.00 |     0.97 |   1.00
0063 -      0.00 |    0.00 |     0.75 |   0.84
0064 -     57.79 |  100.00 |     0.95 |   1.00
0065 -      5.79 |    5.79 |     0.93 |   0.95
0066 -     32.15 |   94.78 |     0.92 |   0.99
0067 -      0.00 |    0.00 |     0.97 |   0.97
0068 -     47.95 |  100.00 |     0.73 |   1.00
0069 -      0.00 |  100.00 |     0.93 |   1.00
0070 -     25.95 |   97.59 |     0.96 |   1.00
0071 -      7.14 |  100.00 |     0.94 |   0.99
0072 -     58.83 |  100.00 |     0.84 |   1.00
0073 -     78.14 |   52.70 |     0.86 |   1.00
0074 -      0.00 |    0.00 |     0.83 |   0.75
0075 -     62.77 |   96.24 |     0.96 |   0.99
0076 -     46.79 |   36.49 |     0.87 |   1.00
0077 -     60.76 |   56.85 |     0.93 |   0.98
0078 -      0.00 |    0.00 |     0.74 |   0.89
0079 -      0.00 |   81.81 |     0.93 |   0.97
0080 -      6.08 |    6.55 |     0.89 |   0.96
0081 -     81.96 |  100.00 |     0.94 |   1.00
0082 -      0.00 |  100.00 |     0.90 |   1.00
0083 -      0.00 |   86.09 |     0.84 |   0.85
0084 -     51.92 |  100.00 |     0.85 |   1.00
0085 -      0.00 |  100.00 |     0.73 |   1.00
0086 -      0.00 |  100.00 |     0.89 |   1.00
0087 -     80.96 |  100.00 |     0.90 |   1.00
0088 -      0.00 |    0.00 |     0.91 |   0.94
0089 -     28.79 |   27.96 |     0.92 |   0.93
0090 -     74.63 |   91.35 |     0.84 |   0.99
0091 -      0.00 |  100.00 |     0.91 |   1.00
0092 -     60.96 |  100.00 |     0.96 |   1.00
0093 -      0.00 |    0.00 |     0.85 |   0.98
0094 -      9.69 |   26.67 |     0.82 |   0.98
0095 -     93.94 |  100.00 |     0.94 |   1.00
0096 -      0.00 |    0.00 |     1.00 |   0.94
0097 -     36.16 |   84.54 |     0.83 |   0.90
0098 -     54.51 |  100.00 |     0.91 |   1.00
0099 -     84.36 |   86.47 |     0.86 |   0.99
0100 -     54.67 |   74.43 |     0.69 |   1.00
0101 -     39.55 |  100.00 |     0.84 |   1.00
0102 -     87.68 |   72.41 |     0.96 |   1.00
0103 -     13.41 |  100.00 |     0.96 |   1.00
0104 -     43.08 |   99.80 |     0.93 |   0.98
0105 -     12.41 |   11.33 |     0.93 |   1.00
0106 -     47.42 |   47.54 |     0.94 |   0.95
0107 -      0.00 |    0.00 |     0.83 |   0.92
0108 -     55.38 |  100.00 |     0.84 |   1.00
0109 -     97.14 |   87.14 |     0.88 |   0.94
0110 -     12.71 |  100.00 |     0.91 |   1.00
0111 -     55.75 |  100.00 |     0.95 |   1.00
0112 -     49.68 |  100.00 |     0.95 |   1.00
0113 -     16.64 |   15.43 |     0.91 |   0.96
0114 -      0.00 |    4.59 |     0.76 |   0.74
0115 -     58.94 |  100.00 |     0.99 |   1.00
0116 -     55.67 |  100.00 |     0.91 |   1.00
0117 -     16.18 |   36.55 |     0.96 |   0.96
0118 -     14.29 |   15.05 |     0.92 |   0.98
0119 -      8.10 |    8.35 |     0.91 |   1.00
0120 -     15.45 |   98.65 |     0.91 |   0.94
0121 -      0.00 |  100.00 |     0.82 |   1.00
0122 -     89.14 |   74.80 |     0.97 |   1.00
0123 -     23.37 |   97.29 |     0.92 |   0.99
0124 -     43.18 |  100.00 |     0.58 |   1.00
0125 -      0.00 |  100.00 |     0.95 |   1.00
0126 -      0.00 |   95.09 |     0.95 |   0.99
0127 -      0.00 |   64.21 |     0.95 |   0.98
0128 -      6.14 |    0.00 |     0.87 |   0.98
0129 -     23.85 |   76.50 |     0.79 |   0.97
0130 -     70.54 |   82.87 |     0.95 |   0.99
0131 -     66.73 |  100.00 |     0.96 |   1.00
0132 -     59.60 |  100.00 |     0.81 |   1.00
0133 -     17.58 |   59.53 |     0.88 |   0.94
0134 -     68.63 |   68.15 |     0.95 |   1.00
0135 -     41.17 |  100.00 |     0.97 |   1.00
0136 -     31.71 |   99.85 |     0.96 |   1.00
0137 -     12.35 |   91.10 |     0.96 |   1.00
0138 -      0.00 |   94.13 |     0.80 |   0.97
0139 -     61.02 |  100.00 |     0.94 |   1.00
0140 -     24.21 |   79.51 |     0.91 |   1.00
0141 -     32.21 |   24.35 |     0.85 |   0.98
0142 -     57.08 |   59.16 |     0.71 |   0.95
0143 -      5.67 |    4.70 |     0.69 |   0.75
0144 -     14.85 |   14.57 |     0.89 |   0.99
0145 -     31.40 |   99.60 |     0.94 |   0.97
0146 -     46.69 |   72.53 |     0.96 |   0.99
0147 -     10.08 |   95.78 |     0.84 |   0.97
0148 -     61.62 |   77.86 |     0.86 |   0.98
0149 -      0.00 |  100.00 |     0.96 |   1.00
0150 -     17.41 |  100.00 |     0.81 |   0.99
0151 -      0.00 |   17.06 |     0.73 |   0.92
0152 -     93.90 |   73.48 |     0.96 |   0.99
0153 -     89.35 |    4.72 |     0.99 |   1.00
0154 -     14.12 |  100.00 |     0.80 |   1.00
0155 -      7.24 |    6.22 |     0.90 |   0.98
0156 -      0.00 |  100.00 |     0.92 |   1.00
0157 -     79.35 |  100.00 |     0.82 |   1.00
0158 -     59.84 |  100.00 |     0.88 |   1.00
0159 -     15.96 |  100.00 |     0.97 |   1.00
0160 -     66.12 |  100.00 |     0.88 |   1.00
0161 -      0.00 |    0.00 |     0.70 |   0.88
0162 -     31.96 |   38.56 |     1.00 |   0.98
0163 -     74.19 |  100.00 |     0.99 |   1.00
0164 -     24.10 |  100.00 |     0.74 |   1.00
0165 -      0.00 |   55.93 |     0.93 |   0.96
0166 -     18.25 |   94.41 |     0.86 |   0.98
0167 -      0.00 |    0.00 |     0.91 |   0.98
0168 -     26.67 |  100.00 |     0.83 |   1.00
0169 -      0.00 |    7.86 |     0.74 |   0.95
0170 -     38.03 |   98.63 |     0.94 |   0.99
0171 -     80.69 |   80.72 |     0.99 |   1.00
0172 -     43.80 |  100.00 |     0.94 |   1.00
0173 -     56.50 |   99.68 |     0.85 |   1.00
0174 -      0.00 |  100.00 |     0.73 |   1.00
0175 -     22.01 |  100.00 |     0.95 |   1.00
0176 -     16.31 |  100.00 |     0.85 |   1.00
0177 -      0.00 |    0.00 |     0.90 |   1.00
0178 -      0.00 |    0.00 |     0.91 |   0.94
0179 -     28.66 |   64.25 |     0.85 |   0.98
0180 -      0.00 |    0.00 |     0.83 |   0.96
0181 -     40.37 |  100.00 |     0.90 |   1.00
0182 -     11.21 |  100.00 |     0.88 |   1.00
0183 -      0.00 |    0.00 |     0.97 |   1.00
0184 -      0.00 |  100.00 |     0.98 |   1.00
0185 -     14.78 |    0.00 |     0.58 |   1.00
0186 -      0.00 |   98.56 |     0.76 |   0.98
0187 -     93.39 |   93.65 |     0.89 |   0.99
0188 -      0.00 |    0.00 |     0.94 |   0.99
0189 -     51.80 |  100.00 |     0.90 |   1.00
0190 -      5.68 |    0.00 |     0.94 |   0.98
0191 -      6.11 |  100.00 |     0.98 |   1.00
0192 -      0.00 |   97.65 |     0.76 |   1.00
0193 -      0.00 |    0.00 |     0.81 |   0.85
0194 -     13.59 |   13.44 |     0.95 |   1.00
0195 -     90.85 |   95.36 |     0.95 |   0.99
0196 -      0.00 |   28.84 |     0.91 |   0.99
0197 -     51.18 |   39.48 |     0.88 |   1.00
0198 -      0.00 |    0.00 |     0.68 |   1.00
0199 -     16.58 |  100.00 |     0.96 |   1.00
0200 -     14.66 |  100.00 |     0.91 |   1.00
0201 -     63.58 |  100.00 |     0.86 |   1.00
0202 -      0.00 |    0.00 |     0.92 |   0.96
0203 -     18.91 |   81.21 |     0.97 |   1.00
0204 -      0.00 |    0.00 |     0.85 |   1.00
0205 -     94.72 |  100.00 |     0.98 |   1.00
0206 -      7.57 |   92.16 |     0.96 |   0.98
0207 -     56.06 |   99.85 |     0.98 |   0.99
0208 -      0.00 |   93.54 |     0.96 |   0.98
0209 -     58.19 |  100.00 |     0.93 |   1.00
0210 -     33.79 |  100.00 |     0.94 |   1.00
0211 -      9.33 |  100.00 |     0.86 |   1.00
0212 -     33.18 |   44.60 |     0.77 |   0.87
0213 -     46.48 |  100.00 |     0.87 |   1.00
0214 -     22.82 |   22.32 |     0.89 |   1.00
0215 -     82.38 |   99.83 |     0.94 |   0.98
0216 -      0.00 |  100.00 |     0.96 |   1.00
0217 -     67.65 |  100.00 |     0.96 |   1.00
0218 -      0.00 |  100.00 |     0.84 |   1.00
0219 -      0.00 |    0.00 |     0.88 |   0.94
0220 -     77.27 |   35.06 |     0.94 |   0.98
0221 -     50.04 |   57.79 |     0.98 |   0.99
0222 -      0.00 |    0.00 |     0.73 |   0.69
0223 -     53.73 |   52.85 |     0.94 |   0.98
0224 -     28.31 |   26.83 |     0.92 |   0.98
0225 -     10.08 |  100.00 |     0.86 |   1.00
0226 -     86.08 |  100.00 |     0.94 |   1.00
0227 -      7.56 |   88.40 |     0.94 |   0.97
0228 -     15.92 |   95.80 |     0.94 |   1.00
0229 -     50.79 |  100.00 |     0.51 |   1.00
0230 -     11.75 |  100.00 |     0.92 |   1.00
0231 -     28.25 |   26.97 |     0.89 |   0.97
0232 -      0.00 |   48.01 |     0.95 |   1.00
0233 -      0.00 |  100.00 |     0.93 |   1.00
0234 -     88.30 |  100.00 |     0.98 |   1.00
0235 -      0.00 |    0.00 |     0.94 |   0.99
0236 -     27.50 |   78.36 |     0.98 |   1.00
0237 -      9.02 |   99.40 |     0.91 |   0.99
0238 -     36.76 |   26.39 |     0.67 |   0.78
0239 -      0.00 |    0.00 |     0.78 |   0.94
0240 -     13.02 |    0.00 |     0.80 |   0.94
0241 -     13.39 |  100.00 |     0.98 |   1.00
0242 -      0.00 |    0.00 |     0.79 |   0.83
0243 -      0.00 |    0.00 |     0.96 |   0.98
0244 -     75.88 |  100.00 |     0.91 |   1.00
0245 -     58.88 |   97.52 |     0.83 |   1.00
0246 -      0.00 |  100.00 |     0.86 |   1.00
0247 -      0.00 |    0.00 |     0.95 |   1.00
0248 -     95.22 |  100.00 |     0.97 |   1.00
0249 -     16.29 |  100.00 |     0.98 |   1.00
0250 -      0.00 |  100.00 |     0.87 |   1.00
0251 -      0.00 |   99.86 |     0.96 |   0.99
0252 -     41.43 |   91.06 |     0.83 |   0.98
0253 -      0.00 |   36.55 |     0.79 |   0.97
0254 -      0.00 |    5.64 |     0.95 |   0.96
0255 -      0.00 |   26.22 |     0.85 |   0.94
0256 -      0.00 |    0.00 |     0.69 |   0.78
0257 -      0.00 |  100.00 |     0.86 |   1.00
0258 -     43.78 |  100.00 |     0.85 |   1.00
0259 -     63.65 |  100.00 |     0.88 |   1.00
0260 -     68.04 |    0.00 |     0.93 |   0.98
0261 -     74.66 |  100.00 |     0.98 |   1.00
0262 -     79.53 |  100.00 |     0.95 |   1.00
0263 -     38.93 |   98.38 |     0.86 |   0.96
0264 -     20.82 |   99.78 |     0.96 |   0.97
0265 -     45.67 |   33.01 |     0.73 |   0.99
0266 -     19.31 |   98.97 |     0.98 |   0.99
0267 -      0.00 |  100.00 |     0.89 |   1.00
0268 -     58.60 |   52.04 |     0.79 |   0.98
0269 -     51.76 |  100.00 |     0.92 |   1.00
0270 -     99.52 |  100.00 |     0.97 |   1.00
0271 -     37.20 |  100.00 |     0.97 |   1.00
0272 -     33.73 |  100.00 |     0.86 |   1.00
0273 -      0.00 |    0.00 |     0.95 |   0.96
0274 -     93.31 |  100.00 |     0.98 |   1.00
0275 -     94.98 |  100.00 |     0.88 |   1.00
0276 -      0.00 |    0.00 |     0.95 |   0.99
0277 -     61.93 |   68.11 |     0.92 |   0.99
0278 -     71.11 |  100.00 |     0.86 |   1.00
0279 -     37.16 |   35.73 |     0.83 |   0.87
0280 -     89.39 |   99.77 |     0.86 |   1.00
0281 -     92.79 |  100.00 |     0.92 |   1.00
0282 -      0.00 |    0.00 |     0.92 |   0.92
0283 -    100.00 |   34.29 |     1.00 |   0.88
0284 -     20.18 |   92.82 |     0.88 |   0.98
0285 -     61.07 |  100.00 |     0.95 |   1.00
0286 -     56.41 |  100.00 |     0.94 |   1.00
0287 -     99.66 |  100.00 |     0.88 |   1.00
0288 -     46.95 |   46.21 |     0.95 |   1.00
0289 -     35.40 |   90.00 |     0.88 |   0.97
0290 -     99.76 |  100.00 |     0.93 |   1.00
0291 -     34.27 |   97.21 |     0.86 |   0.98
0292 -     54.32 |  100.00 |     0.93 |   1.00
0293 -     34.95 |  100.00 |     0.99 |   1.00
0294 -     32.40 |  100.00 |     0.91 |   1.00
0295 -     24.57 |   47.39 |     0.91 |   0.97
0296 -      0.00 |    0.00 |     0.98 |   1.00
0297 -     56.84 |  100.00 |     0.95 |   1.00
0298 -      8.41 |   29.42 |     0.93 |   1.00
0299 -     22.33 |  100.00 |     0.98 |   1.00
0300 -      0.00 |    0.00 |     0.81 |   0.87
0301 -     46.71 |   90.33 |     0.93 |   0.98
0302 -     65.37 |  100.00 |     0.95 |   1.00
0303 -     44.71 |   98.75 |     0.94 |   0.97
0304 -      0.00 |   92.65 |     0.73 |   0.97
0305 -     99.23 |  100.00 |     0.94 |   1.00
0306 -      0.00 |    0.00 |     0.91 |   0.92
0307 -     25.67 |  100.00 |     0.87 |   1.00
0308 -     99.76 |  100.00 |     0.91 |   1.00
0309 -     15.33 |   95.51 |     0.90 |   1.00
0310 -     53.44 |   51.47 |     0.95 |   0.99
0311 -     35.05 |  100.00 |     0.77 |   1.00
0312 -     61.67 |   96.23 |     0.77 |   0.95
0313 -      0.00 |    0.00 |     0.93 |   1.00
0314 -      0.00 |  100.00 |     0.96 |   1.00
0315 -     86.41 |  100.00 |     0.90 |   1.00
0316 -     16.38 |    0.00 |     0.95 |   0.99
0317 -      0.00 |    0.00 |     0.94 |   0.98
0318 -      0.00 |    0.00 |     0.84 |   0.89
0319 -     10.90 |    9.45 |     0.95 |   0.97
0320 -     67.11 |  100.00 |     0.99 |   1.00
0321 -      0.00 |    0.00 |     0.90 |   0.97
0322 -     34.59 |   92.90 |     0.83 |   0.98
0323 -     19.98 |  100.00 |     0.97 |   1.00
0324 -      0.00 |   99.03 |     0.96 |   0.97
0325 -     23.09 |  100.00 |     0.93 |   1.00
0326 -      0.00 |   54.34 |     0.97 |   1.00
0327 -     33.88 |  100.00 |     0.80 |   1.00
0328 -     30.70 |  100.00 |     0.97 |   1.00
0329 -     44.94 |   96.52 |     0.95 |   0.99
0330 -     20.04 |  100.00 |     0.92 |   1.00
0331 -     27.61 |   66.36 |     0.86 |   1.00
0332 -     41.36 |   90.69 |     0.83 |   0.99
0333 -      7.72 |    7.29 |     0.90 |   0.92
0334 -      8.02 |   35.87 |     0.95 |   0.98
0335 -      0.00 |   35.82 |     0.93 |   0.97
0336 -      7.96 |  100.00 |     0.95 |   1.00
0337 -     83.55 |  100.00 |     0.98 |   1.00
0338 -     14.59 |   97.71 |     0.90 |   0.99
0339 -     97.03 |   99.84 |     0.92 |   0.96
0340 -     83.27 |  100.00 |     0.91 |   1.00
0341 -     60.51 |   91.57 |     0.77 |   0.95
0342 -     36.37 |   24.11 |     0.96 |   1.00
0343 -     21.56 |  100.00 |     0.92 |   1.00
0344 -     46.45 |    6.97 |     0.90 |   0.96
0345 -      7.96 |    0.00 |     0.89 |   0.91
0346 -     16.80 |  100.00 |     0.92 |   1.00
0347 -     72.69 |   94.60 |     0.95 |   0.98
0348 -     66.84 |  100.00 |     0.97 |   1.00
0349 -     30.66 |   34.85 |     0.79 |   0.98
0350 -      0.00 |    0.00 |     0.86 |   0.96
0351 -     19.31 |  100.00 |     0.95 |   1.00
0352 -     99.81 |  100.00 |     0.95 |   1.00
0353 -      0.00 |    0.00 |     0.93 |   0.97
0354 -     35.64 |   94.63 |     0.96 |   0.99
0355 -     66.12 |   99.54 |     0.90 |   1.00
0356 -     14.61 |   13.30 |     0.95 |   0.99
0357 -      0.00 |    0.00 |     0.95 |   1.00
0358 -     17.06 |   29.67 |     0.86 |   0.98
0359 -     41.56 |   33.70 |     0.88 |   0.95
0360 -     23.28 |   98.56 |     0.98 |   0.99
0361 -     40.50 |   40.55 |     0.96 |   0.97
0362 -     15.49 |   91.94 |     0.97 |   1.00
0363 -     56.35 |  100.00 |     0.96 |   1.00
0364 -     47.79 |   95.79 |     0.94 |   0.98
0365 -      0.00 |    0.00 |     0.79 |   0.92
0366 -     68.33 |   60.68 |     0.97 |   1.00
0367 -      5.49 |    5.35 |     0.98 |   0.98
0368 -     41.12 |  100.00 |     0.76 |   1.00
0369 -     54.70 |  100.00 |     0.93 |   1.00
0370 -      0.00 |  100.00 |     0.96 |   1.00
0371 -      0.00 |   57.42 |     0.96 |   0.99
0372 -     73.76 |  100.00 |     0.95 |   1.00
0373 -     16.54 |  100.00 |     0.88 |   1.00
0374 -     31.28 |   71.99 |     0.97 |   0.98
0375 -     44.27 |  100.00 |     0.95 |   1.00
0376 -      0.00 |    0.00 |     0.89 |   0.92
0377 -      0.00 |    0.00 |     0.35 |   0.64
0378 -     21.15 |    0.00 |     0.90 |   0.99
0379 -     28.74 |   93.09 |     0.92 |   0.99
0380 -      4.10 |    3.68 |     0.96 |   0.94
0381 -      0.00 |    0.00 |     0.92 |   0.96
0382 -     99.68 |   96.16 |     0.83 |   0.94
0383 -      0.00 |    0.00 |     0.83 |   0.92
0384 -     26.03 |  100.00 |     0.98 |   1.00
0385 -      0.00 |    0.00 |     0.87 |   0.92
0386 -      0.00 |  100.00 |     0.95 |   1.00
0387 -     30.09 |   33.55 |     0.92 |   0.91
0388 -     11.51 |   12.84 |     0.94 |   0.98
0389 -     86.88 |  100.00 |     0.96 |   1.00
0390 -     41.71 |    0.00 |     0.91 |   0.86
0391 -     17.98 |   82.02 |     0.74 |   0.92
0392 -     98.59 |   99.26 |     0.92 |   0.99
0393 -      7.68 |   56.44 |     0.80 |   0.99
0394 -     50.20 |  100.00 |     0.91 |   1.00
0395 -     55.92 |   99.69 |     0.98 |   1.00
0396 -     45.57 |   93.22 |     0.94 |   0.97
0397 -     73.69 |  100.00 |     0.98 |   1.00
0398 -      0.00 |    0.00 |     0.92 |   1.00
0399 -     65.58 |  100.00 |     0.87 |   1.00
0400 -      0.00 |    0.00 |     0.87 |   0.99
0401 -      0.00 |    0.00 |     0.94 |   0.95
0402 -     75.03 |  100.00 |     0.95 |   1.00
0403 -     76.36 |   99.23 |     0.90 |   0.98
0404 -      0.00 |    0.00 |     0.93 |   0.99
0405 -     44.23 |   43.73 |     0.92 |   0.98
0406 -      0.00 |    0.00 |     0.88 |   0.92
0407 -     64.42 |  100.00 |     0.86 |   1.00
0408 -      7.80 |  100.00 |     0.99 |   1.00
0409 -     20.56 |   73.23 |     0.89 |   0.96
0410 -      0.00 |    0.00 |     0.96 |   1.00
0411 -      0.00 |   13.77 |     0.89 |   0.94
0412 -     51.79 |  100.00 |     0.97 |   1.00
0413 -     43.53 |   27.86 |     0.85 |   1.00
0414 -     13.84 |   98.78 |     0.80 |   1.00
0415 -      0.00 |    0.00 |     0.77 |   0.92
0416 -      0.00 |    0.00 |     0.63 |   0.58
0417 -      0.00 |  100.00 |     0.80 |   1.00
0418 -     95.99 |   96.40 |     0.94 |   0.96
0419 -     11.60 |  100.00 |     0.76 |   1.00
0420 -     26.12 |   68.18 |     0.96 |   1.00
0421 -      0.00 |    0.00 |     0.72 |   0.88
0422 -     44.22 |   99.33 |     0.71 |   0.89
0423 -     49.35 |  100.00 |     0.90 |   1.00
0424 -     28.73 |  100.00 |     0.95 |   1.00
0425 -     28.32 |  100.00 |     0.83 |   1.00
0426 -      0.00 |    0.00 |     0.88 |   0.91
0427 -     22.98 |   99.70 |     0.94 |   0.96
0428 -      6.72 |  100.00 |     0.94 |   1.00
0429 -     95.62 |  100.00 |     0.83 |   1.00
0430 -     72.61 |   54.90 |     0.93 |   1.00
0431 -      0.00 |  100.00 |     0.96 |   1.00
0432 -     65.75 |  100.00 |     0.97 |   1.00
0433 -     39.42 |   67.79 |     0.70 |   0.96
0434 -     46.07 |  100.00 |     0.94 |   1.00
0435 -     63.66 |   48.36 |     0.84 |   0.95
0436 -     91.61 |  100.00 |     0.99 |   1.00
0437 -      0.00 |   36.44 |     0.89 |   1.00
0438 -      0.00 |    0.00 |     0.88 |   0.91
0439 -      0.00 |  100.00 |     0.91 |   1.00
0440 -     19.92 |   16.61 |     0.93 |   0.97
0441 -     32.36 |   82.38 |     0.70 |   0.92
0442 -      0.00 |   99.18 |     0.98 |   1.00
0443 -     41.66 |  100.00 |     0.90 |   1.00
0444 -     14.53 |   13.46 |     0.87 |   0.93
0445 -     77.71 |   99.86 |     0.99 |   1.00
0446 -     45.99 |  100.00 |     0.98 |   1.00
0447 -     18.70 |   14.76 |     0.80 |   1.00
0448 -     11.33 |    0.00 |     0.67 |   0.84
0449 -      0.00 |    0.00 |     0.84 |   0.75
0450 -     15.10 |  100.00 |     0.98 |   1.00
0451 -      0.00 |   99.88 |     0.80 |   0.98
0452 -      0.00 |  100.00 |     0.79 |   1.00
0453 -     39.53 |  100.00 |     0.60 |   1.00
0454 -     59.22 |  100.00 |     0.93 |   1.00
0455 -     33.52 |   24.80 |     0.89 |   1.00
0456 -     93.65 |   95.16 |     0.92 |   0.96
0457 -     24.31 |   21.46 |     0.96 |   1.00
0458 -     50.15 |  100.00 |     0.69 |   1.00
0459 -      0.00 |   96.76 |     0.94 |   1.00
0460 -     31.17 |    3.84 |     0.97 |   0.99
0461 -      9.17 |  100.00 |     0.86 |   1.00
0462 -     65.37 |   75.35 |     0.91 |   0.98
0463 -     99.82 |  100.00 |     0.92 |   1.00
0464 -      6.36 |    7.78 |     0.85 |   0.97
0465 -     80.40 |  100.00 |     0.99 |   1.00
0466 -     40.23 |  100.00 |     0.90 |   1.00
0467 -     20.36 |   31.87 |     0.98 |   1.00
0468 -      0.00 |    0.00 |     0.85 |   0.93
0469 -      8.98 |   25.90 |     0.94 |   0.98
0470 -     92.60 |    0.00 |     0.95 |   0.91
0471 -     17.85 |   13.11 |     0.74 |   0.81
0472 -      9.90 |   14.92 |     0.65 |   0.82
0473 -      7.23 |   85.76 |     0.89 |   0.97
0474 -      0.00 |    7.44 |     0.95 |   0.90
0475 -     39.18 |  100.00 |     0.96 |   1.00
0476 -      7.87 |    0.00 |     0.90 |   0.93
0477 -     35.58 |   37.58 |     0.96 |   0.99
0478 -     65.48 |   49.98 |     0.82 |   0.91
0479 -     54.81 |  100.00 |     0.94 |   1.00
0480 -      0.00 |  100.00 |     0.85 |   1.00
0481 -     71.61 |  100.00 |     0.98 |   1.00
0482 -     22.18 |   90.19 |     0.93 |   0.98
0483 -     19.20 |  100.00 |     0.96 |   1.00
0484 -     17.07 |   49.14 |     0.87 |   0.96
0485 -     13.81 |   12.20 |     0.91 |   0.99
0486 -     77.34 |  100.00 |     0.96 |   1.00
0487 -     81.92 |   66.89 |     0.94 |   1.00
0488 -      0.00 |    0.00 |     0.93 |   0.95
0489 -     40.30 |   62.80 |     0.94 |   1.00
0490 -     89.46 |  100.00 |     0.97 |   1.00
0491 -      0.00 |    6.16 |     0.74 |   0.79
0492 -      0.00 |    0.00 |     0.79 |   0.94
0493 -     99.81 |  100.00 |     0.92 |   1.00
0494 -     19.76 |   93.24 |     0.80 |   0.99
0495 -     35.87 |   12.59 |     0.90 |   0.92
0496 -     27.31 |   27.49 |     0.87 |   0.93
0497 -     67.20 |  100.00 |     0.87 |   1.00
0498 -     77.67 |  100.00 |     0.97 |   1.00
0499 -     53.31 |   56.77 |     0.96 |   1.00
0500 -      0.00 |   97.96 |     0.89 |   0.99
0501 -     64.30 |  100.00 |     0.91 |   1.00
0502 -     15.80 |   96.80 |     0.86 |   0.98
0503 -      0.00 |    0.00 |     0.48 |   0.61
0504 -     25.34 |   31.74 |     0.78 |   0.99
0505 -     27.55 |  100.00 |     0.77 |   1.00
0506 -     70.74 |  100.00 |     0.98 |   1.00
0507 -      0.00 |   57.46 |     0.62 |   0.97
0508 -      0.00 |    0.00 |     0.94 |   0.97
0509 -     98.71 |  100.00 |     0.94 |   1.00
0510 -     11.46 |  100.00 |     0.95 |   1.00
0511 -     19.72 |   18.93 |     0.93 |   0.97
0512 -     82.20 |   80.33 |     0.91 |   0.94
0513 -     17.39 |  100.00 |     0.97 |   1.00
0514 -     88.96 |  100.00 |     0.91 |   1.00
0515 -     26.12 |   34.00 |     0.96 |   0.98
0516 -      0.00 |    0.00 |     0.84 |   1.00
0517 -     28.95 |  100.00 |     0.91 |   1.00
0518 -      7.71 |    7.64 |     0.93 |   0.98
0519 -     58.48 |  100.00 |     0.98 |   1.00
0520 -      0.00 |    0.00 |     0.96 |   0.99
0521 -     44.29 |   96.87 |     0.88 |   0.97
0522 -     24.72 |   99.82 |     0.95 |   0.99
0523 -     43.29 |   18.48 |     0.92 |   0.95
0524 -      6.06 |  100.00 |     0.87 |   1.00
0525 -     14.27 |   96.49 |     0.93 |   0.97
0526 -      5.62 |    0.00 |     0.84 |   0.87
0527 -     69.95 |  100.00 |     0.97 |   1.00
0528 -     17.42 |  100.00 |     0.96 |   1.00
0529 -      6.21 |   77.76 |     0.82 |   1.00
0530 -     29.92 |   84.25 |     0.84 |   0.98
0531 -     76.19 |  100.00 |     0.82 |   1.00
0532 -     65.66 |  100.00 |     0.83 |   1.00
0533 -     48.86 |  100.00 |     0.97 |   1.00
0534 -     93.43 |  100.00 |     0.96 |   1.00
0535 -      0.00 |  100.00 |     0.81 |   1.00
0536 -      0.00 |    0.00 |     0.94 |   0.97
0537 -     66.82 |  100.00 |     0.82 |   1.00
0538 -      0.00 |    0.00 |     0.90 |   0.97
0539 -      7.21 |   99.81 |     0.91 |   0.97
0540 -      0.00 |    0.00 |     0.88 |   0.98
0541 -     65.48 |  100.00 |     0.91 |   1.00
0542 -     29.15 |  100.00 |     0.88 |   0.97
0543 -     15.16 |    0.00 |     0.92 |   0.90
0544 -      0.00 |  100.00 |     0.87 |   1.00
0545 -     11.19 |    8.26 |     0.85 |   0.99
0546 -      7.37 |  100.00 |     0.90 |   1.00
0547 -      0.00 |    0.00 |     0.90 |   0.93
0548 -     49.68 |  100.00 |     0.86 |   1.00
0549 -     61.72 |   62.29 |     0.93 |   0.99
0550 -     47.46 |   49.98 |     0.87 |   0.95
0551 -     40.35 |   28.90 |     0.91 |   1.00
0552 -      0.00 |    0.00 |     0.96 |   1.00
0553 -      0.00 |  100.00 |     0.93 |   1.00
0554 -     45.28 |  100.00 |     0.94 |   1.00
0555 -     28.24 |   28.87 |     0.97 |   0.99
0556 -      0.00 |    0.00 |     0.86 |   0.87
0557 -     93.67 |   40.97 |     0.63 |   0.56
0558 -     76.30 |  100.00 |     0.98 |   1.00
0559 -     22.15 |   12.91 |     0.61 |   1.00
0560 -      0.00 |    0.00 |     0.91 |   0.99
0561 -     87.92 |  100.00 |     0.89 |   1.00
0562 -     16.01 |  100.00 |     0.98 |   1.00
0563 -     47.15 |   99.29 |     0.95 |   0.97
0564 -     35.09 |  100.00 |     0.87 |   0.93
0565 -      9.44 |  100.00 |     0.90 |   1.00
0566 -     11.97 |   98.19 |     0.90 |   0.98
0567 -      0.00 |  100.00 |     0.95 |   1.00
0568 -     11.29 |  100.00 |     0.88 |   1.00
0569 -      8.08 |   28.25 |     0.97 |   0.97
0570 -     14.36 |   99.88 |     0.94 |   1.00
0571 -      0.00 |    0.00 |     0.91 |   0.96
0572 -      0.00 |  100.00 |     0.99 |   1.00
0573 -     68.03 |  100.00 |     0.95 |   1.00
0574 -      0.00 |    0.00 |     0.97 |   0.95
0575 -      0.00 |    0.00 |     0.77 |   0.97
0576 -     33.96 |  100.00 |     0.96 |   1.00
0577 -     82.77 |   70.30 |     0.96 |   0.96
0578 -      0.00 |    0.00 |     0.87 |   0.91
0579 -     60.35 |   89.28 |     0.94 |   1.00
0580 -     29.70 |   68.59 |     0.85 |   0.86
0581 -     57.30 |  100.00 |     0.92 |   1.00
0582 -     35.63 |   99.01 |     0.85 |   0.95
0583 -     83.16 |   67.34 |     0.94 |   0.90
0584 -     21.58 |  100.00 |     0.94 |   1.00
0585 -     51.90 |  100.00 |     0.85 |   1.00
0586 -      0.00 |    0.00 |     0.91 |   0.94
0587 -      0.00 |    0.00 |     0.86 |   1.00
0588 -      0.00 |    0.00 |     0.49 |   0.85
0589 -     73.94 |   39.16 |     0.92 |   0.98
0590 -      7.67 |  100.00 |     0.96 |   1.00
0591 -      0.00 |  100.00 |     0.87 |   1.00
0592 -     28.68 |  100.00 |     0.81 |   1.00
0593 -     69.40 |  100.00 |     0.98 |   1.00
0594 -     20.29 |   42.31 |     0.90 |   0.99
0595 -     26.75 |  100.00 |     0.96 |   1.00
0596 -     91.59 |   76.68 |     0.94 |   0.86
0597 -      0.00 |  100.00 |     0.92 |   1.00
0598 -     19.20 |   50.09 |     0.94 |   0.97
0599 -     14.66 |  100.00 |     0.82 |   1.00
0600 -     52.16 |   64.98 |     0.75 |   1.00
0601 -     55.46 |  100.00 |     0.90 |   1.00
0602 -      0.00 |    0.00 |     0.91 |   1.00
0603 -     42.03 |   88.67 |     0.88 |   1.00
0604 -      0.00 |    0.00 |     0.83 |   0.83
0605 -     38.15 |  100.00 |     0.94 |   1.00
0606 -      0.00 |    0.00 |     0.91 |   0.97
0607 -     23.33 |  100.00 |     0.96 |   1.00
0608 -     23.43 |   37.56 |     0.85 |   0.93
0609 -      0.00 |   12.35 |     0.95 |   0.96
0610 -     76.52 |  100.00 |     0.88 |   1.00
0611 -     76.28 |  100.00 |     0.83 |   1.00
0612 -     32.32 |   16.53 |     0.81 |   0.82
0613 -     70.73 |  100.00 |     0.99 |   1.00
0614 -     53.81 |   68.72 |     0.91 |   0.99
0615 -     67.41 |   90.38 |     0.87 |   0.98
0616 -     10.94 |    7.55 |     0.86 |   0.97
0617 -     62.02 |   54.38 |     0.94 |   1.00
0618 -      0.00 |   37.30 |     0.87 |   0.98
0619 -      0.00 |  100.00 |     0.92 |   1.00
0620 -     60.82 |  100.00 |     0.96 |   1.00
0621 -     54.33 |   47.54 |     0.95 |   0.99
0622 -     68.62 |   73.09 |     0.92 |   0.97
0623 -     10.54 |   37.59 |     0.95 |   0.99
0624 -     79.28 |  100.00 |     0.94 |   1.00
0625 -     20.34 |   36.18 |     0.96 |   0.99
0626 -     65.62 |  100.00 |     0.95 |   1.00
0627 -     22.60 |  100.00 |     0.95 |   1.00
0628 -     90.95 |  100.00 |     0.96 |   1.00
0629 -     12.91 |  100.00 |     0.95 |   1.00
0630 -      5.33 |  100.00 |     0.96 |   0.99
0631 -     74.27 |  100.00 |     0.88 |   1.00
0632 -     47.10 |   88.03 |     0.73 |   0.98
0633 -     95.76 |   99.80 |     0.93 |   0.95
0634 -     11.51 |  100.00 |     0.59 |   1.00
0635 -    100.00 |  100.00 |     0.93 |   1.00
0636 -     35.94 |   54.88 |     0.92 |   0.99
0637 -     23.76 |   36.60 |     0.82 |   0.99
0638 -      0.00 |    0.00 |     0.76 |   0.86
0639 -      0.00 |    0.00 |     0.92 |   0.99
0640 -      0.00 |    0.00 |     0.95 |   0.97
0641 -     31.07 |  100.00 |     0.91 |   1.00
0642 -     20.36 |   20.69 |     0.96 |   0.99
0643 -     48.00 |  100.00 |     0.99 |   1.00
0644 -     22.93 |  100.00 |     0.90 |   1.00
0645 -     32.64 |  100.00 |     0.90 |   1.00
0646 -     22.16 |   27.80 |     0.73 |   0.96
0647 -     85.28 |  100.00 |     0.88 |   1.00
0648 -     21.32 |   94.66 |     0.87 |   1.00
0649 -      0.00 |    0.00 |     0.86 |   1.00
0650 -     71.90 |   91.82 |     0.81 |   0.89
0651 -      0.00 |    0.00 |     0.91 |   0.95
0652 -      6.27 |   26.95 |     0.77 |   0.76
0653 -     12.75 |  100.00 |     0.98 |   1.00
0654 -     12.43 |   10.23 |     0.72 |   0.99
0655 -     12.22 |   58.84 |     0.81 |   0.99
0656 -     52.90 |    0.00 |     0.89 |   0.91
0657 -      0.00 |    3.61 |     0.98 |   0.99
0658 -      0.00 |   66.74 |     0.98 |   0.99
0659 -     36.05 |   37.70 |     0.87 |   0.90
0660 -      0.00 |    0.00 |     0.84 |   1.00
0661 -      0.00 |   47.25 |     0.59 |   0.94
0662 -     33.84 |   26.61 |     0.87 |   0.94
0663 -     20.99 |   96.48 |     0.84 |   0.98
0664 -     47.62 |  100.00 |     0.92 |   1.00
0665 -     20.90 |   20.90 |     0.96 |   0.98
0666 -     12.48 |    0.00 |     0.68 |   0.67
0667 -     25.05 |  100.00 |     0.98 |   0.98
0668 -      0.00 |    0.00 |     0.73 |   0.84
0669 -      0.00 |   30.11 |     0.94 |   0.98
0670 -      5.45 |    5.67 |     0.88 |   0.99
0671 -     58.60 |   66.95 |     0.92 |   1.00
0672 -     72.68 |  100.00 |     0.96 |   1.00
0673 -     39.33 |  100.00 |     0.91 |   1.00
0674 -     13.84 |   31.63 |     0.99 |   1.00
0675 -      0.00 |   73.34 |     0.82 |   0.96
0676 -      0.00 |    0.00 |     0.85 |   0.97
0677 -      7.30 |  100.00 |     0.80 |   1.00
0678 -     76.77 |  100.00 |     0.90 |   1.00
0679 -      0.00 |    0.00 |     0.92 |   0.94
0680 -     97.21 |  100.00 |     0.93 |   1.00
0681 -     76.02 |  100.00 |     0.96 |   1.00
0682 -     58.81 |   46.78 |     1.00 |   1.00
0683 -     83.73 |  100.00 |     0.93 |   1.00
0684 -     35.48 |   24.16 |     0.66 |   1.00
0685 -     45.69 |   67.77 |     0.97 |   1.00
0686 -     42.19 |  100.00 |     0.86 |   1.00
0687 -      0.00 |   49.84 |     0.93 |   0.98
0688 -     58.13 |   99.27 |     0.92 |   0.97
0689 -     80.31 |   98.32 |     0.98 |   0.98
0690 -     35.68 |   88.36 |     0.97 |   0.99
0691 -     97.60 |  100.00 |     0.97 |   1.00
0692 -     97.87 |   99.76 |     0.92 |   0.97
0693 -      0.00 |    0.00 |     0.93 |   0.92
0694 -      0.00 |  100.00 |     0.95 |   1.00
0695 -     73.96 |  100.00 |     0.97 |   1.00
0696 -     99.79 |   92.36 |     0.95 |   0.98
0697 -     51.44 |  100.00 |     0.89 |   1.00
0698 -      0.00 |  100.00 |     0.70 |   1.00
0699 -      0.00 |    0.00 |     0.85 |   0.95
0700 -     39.10 |    0.00 |     0.87 |   0.97
0701 -     62.72 |  100.00 |     0.77 |   1.00
0702 -      0.00 |  100.00 |     0.91 |   1.00
0703 -     25.24 |   23.85 |     0.99 |   1.00
0704 -     37.81 |   80.16 |     0.86 |   1.00
0705 -      0.00 |  100.00 |     0.94 |   1.00
0706 -     74.91 |  100.00 |     0.89 |   1.00
0707 -     51.83 |  100.00 |     0.98 |   1.00
0708 -     39.97 |   31.10 |     0.85 |   0.99
0709 -     14.69 |  100.00 |     0.89 |   1.00
0710 -      0.00 |  100.00 |     0.95 |   1.00
0711 -     31.91 |  100.00 |     0.71 |   1.00
0712 -     15.36 |  100.00 |     0.69 |   1.00
0713 -      0.00 |   42.76 |     0.90 |   0.99
0714 -     10.19 |   97.38 |     0.88 |   0.97
0715 -     15.79 |    8.17 |     0.89 |   0.94
0716 -      0.00 |   46.39 |     0.90 |   1.00
0717 -      0.00 |    0.00 |     0.90 |   0.98
0718 -     86.21 |  100.00 |     0.92 |   1.00
0719 -      0.00 |    0.00 |     0.80 |   0.95
0720 -      0.00 |    0.00 |     0.97 |   0.99
0721 -      0.00 |   92.92 |     0.85 |   0.97
0722 -     99.77 |  100.00 |     0.92 |   1.00
0723 -      0.00 |    0.00 |     0.94 |   0.96
0724 -      0.00 |   98.97 |     0.89 |   0.97
0725 -     30.58 |    0.00 |     0.91 |   0.94
0726 -      0.00 |    0.00 |     0.92 |   0.95
0727 -     55.84 |   17.97 |     0.73 |   0.69
0728 -    100.00 |  100.00 |     0.76 |   1.00
0729 -     91.44 |  100.00 |     0.96 |   1.00
0730 -     61.46 |   61.46 |     0.85 |   1.00
0731 -     33.89 |   61.11 |     0.84 |   1.00
0732 -     61.37 |  100.00 |     0.95 |   1.00
0733 -     62.82 |  100.00 |     0.97 |   1.00
0734 -      8.86 |    7.29 |     0.96 |   0.97
0735 -      0.00 |   57.23 |     0.76 |   0.89
0736 -     98.54 |  100.00 |     0.94 |   1.00
0737 -     60.89 |  100.00 |     0.87 |   1.00
0738 -     86.59 |  100.00 |     0.87 |   1.00
0739 -     22.27 |   88.50 |     0.89 |   0.94
0740 -     15.86 |  100.00 |     0.92 |   1.00
0741 -      0.00 |  100.00 |     0.92 |   1.00
0742 -      0.00 |  100.00 |     0.84 |   1.00
0743 -     38.03 |  100.00 |     0.96 |   1.00
0744 -      5.11 |  100.00 |     0.92 |   1.00
0745 -      4.79 |    4.61 |     0.84 |   0.95
0746 -     21.24 |  100.00 |     0.93 |   1.00
0747 -     76.86 |  100.00 |     0.91 |   1.00
0748 -      0.00 |   14.46 |     0.76 |   0.81
0749 -     75.08 |  100.00 |     0.89 |   1.00
0750 -      0.00 |    0.00 |     0.95 |   0.99
0751 -      0.00 |    0.00 |     0.84 |   1.00
0752 -     28.23 |   27.43 |     0.84 |   1.00
0753 -     39.20 |   95.36 |     0.94 |   0.96
0754 -     10.51 |  100.00 |     0.90 |   1.00
0755 -     70.38 |   93.87 |     0.74 |   0.99
0756 -      0.00 |    0.00 |     0.92 |   0.97
0757 -     65.93 |    6.81 |     0.98 |   1.00
0758 -      0.00 |   81.06 |     0.91 |   0.98
0759 -     36.80 |    0.00 |     0.85 |   0.90
0760 -     43.77 |   99.28 |     0.71 |   0.98
0761 -     18.43 |  100.00 |     0.97 |   1.00
0762 -     15.20 |  100.00 |     0.80 |   1.00
0763 -     51.94 |   91.95 |     0.93 |   0.96
0764 -     67.55 |  100.00 |     0.86 |   1.00
0765 -      0.00 |    8.28 |     0.87 |   0.99
0766 -     80.41 |  100.00 |     0.86 |   1.00
0767 -     99.77 |   96.74 |     0.96 |   0.94
0768 -     84.02 |  100.00 |     0.95 |   1.00
0769 -     46.30 |   67.15 |     0.90 |   0.99
0770 -     23.47 |  100.00 |     0.91 |   1.00
0771 -     31.07 |  100.00 |     0.72 |   1.00
0772 -      0.00 |    0.00 |     0.66 |   0.88
0773 -      0.00 |   83.22 |     0.88 |   0.97
0774 -     48.66 |  100.00 |     0.87 |   1.00
0775 -     17.62 |  100.00 |     0.89 |   1.00
0776 -      0.00 |  100.00 |     0.83 |   1.00
0777 -     49.83 |  100.00 |     0.81 |   1.00
0778 -     78.37 |  100.00 |     0.82 |   1.00
0779 -     58.77 |   61.46 |     0.93 |   0.96
0780 -     65.63 |   11.34 |     0.64 |   0.84
0781 -     74.04 |   81.67 |     0.81 |   0.98
0782 -     16.61 |  100.00 |     0.86 |   1.00
0783 -     65.84 |  100.00 |     0.95 |   1.00
0784 -      0.00 |    0.00 |     0.86 |   1.00
0785 -     29.71 |  100.00 |     0.98 |   1.00
0786 -     59.97 |   89.56 |     0.81 |   0.97
0787 -      0.00 |    0.00 |     0.80 |   0.95
0788 -     58.78 |   92.16 |     0.80 |   0.99
0789 -      8.71 |   59.50 |     0.70 |   0.95
0790 -     23.26 |   44.38 |     0.88 |   0.98
0791 -     83.86 |  100.00 |     0.87 |   1.00
0792 -      0.00 |    0.00 |     0.89 |   1.00
0793 -     30.59 |   34.05 |     0.89 |   0.91
0794 -     19.54 |  100.00 |     0.97 |   0.99
0795 -     42.71 |  100.00 |     0.92 |   1.00
0796 -     44.94 |  100.00 |     0.97 |   1.00
0797 -     80.83 |   79.22 |     0.77 |   0.99
0798 -      0.00 |  100.00 |     0.93 |   1.00
0799 -      0.00 |    0.00 |     0.82 |   0.98
0800 -     20.10 |    0.00 |     0.83 |   0.99
0801 -     15.78 |  100.00 |     0.83 |   1.00
0802 -      0.00 |    0.00 |     0.82 |   0.84
0803 -      0.00 |  100.00 |     0.52 |   1.00
0804 -      0.00 |   71.38 |     0.82 |   1.00
0805 -     13.25 |  100.00 |     0.88 |   1.00
0806 -     87.75 |  100.00 |     0.98 |   1.00
0807 -      7.97 |  100.00 |     0.91 |   1.00
0808 -      0.00 |    0.00 |     0.88 |   0.93
0809 -     27.64 |   91.34 |     0.93 |   0.96
0810 -     98.12 |   96.67 |     0.89 |   0.99
0811 -     15.64 |   36.44 |     0.94 |   0.98
0812 -     22.42 |   97.67 |     0.81 |   1.00
0813 -     99.79 |  100.00 |     0.92 |   1.00
0814 -     12.26 |  100.00 |     0.95 |   1.00
0815 -     66.13 |   93.93 |     0.96 |   0.99
0816 -      0.00 |   52.17 |     0.82 |   1.00
0817 -      0.00 |    0.00 |     0.80 |   0.96
0818 -     11.51 |   11.86 |     0.80 |   0.94
0819 -     31.13 |  100.00 |     0.95 |   1.00
0820 -      0.00 |    0.00 |     0.91 |   0.95
0821 -     99.36 |  100.00 |     0.96 |   1.00
0822 -      0.00 |  100.00 |     0.90 |   1.00
0823 -     15.15 |   89.44 |     0.88 |   0.99
0824 -     48.37 |   61.11 |     0.88 |   0.97
0825 -     46.43 |   96.02 |     0.94 |   0.98
0826 -      0.00 |    0.00 |     0.96 |   0.97
0827 -      0.00 |    0.00 |     0.94 |   0.97
0828 -      0.00 |   76.91 |     0.82 |   0.99
0829 -      0.00 |   76.76 |     0.79 |   1.00
0830 -     62.97 |   50.79 |     0.94 |   0.98
0831 -      0.00 |    0.00 |     0.91 |   1.00
0832 -     93.85 |  100.00 |     0.90 |   1.00
0833 -     47.69 |  100.00 |     0.95 |   1.00
0834 -      0.00 |    4.42 |     0.95 |   0.96
0835 -      0.00 |    0.00 |     0.95 |   1.00
0836 -      0.00 |  100.00 |     0.85 |   1.00
0837 -     41.64 |   98.76 |     0.92 |   0.97
0838 -      6.69 |    0.00 |     0.89 |   0.90
0839 -     15.95 |    4.83 |     0.92 |   1.00
0840 -      0.00 |   56.01 |     0.79 |   0.97
0841 -      5.75 |    5.52 |     0.93 |   0.95
0842 -      0.00 |  100.00 |     0.94 |   1.00
0843 -      0.00 |   63.27 |     0.91 |   1.00
0844 -      0.00 |  100.00 |     0.95 |   1.00
0845 -     12.14 |   10.96 |     0.97 |   1.00
0846 -     12.17 |  100.00 |     0.96 |   1.00
0847 -     69.68 |  100.00 |     0.87 |   1.00
0848 -     56.49 |   56.88 |     0.99 |   0.99
0849 -      0.00 |    0.00 |     0.88 |   0.96
0850 -      5.54 |   11.90 |     0.82 |   1.00
0851 -     90.06 |   92.97 |     0.86 |   0.94
0852 -     94.07 |  100.00 |     0.95 |   1.00
0853 -     83.40 |  100.00 |     0.93 |   1.00
0854 -      0.00 |    0.00 |     0.88 |   0.89
0855 -     33.35 |   34.54 |     0.95 |   0.98
0856 -     47.71 |  100.00 |     0.92 |   1.00
0857 -      9.03 |  100.00 |     0.97 |   1.00
0858 -      0.00 |    0.00 |     0.98 |   1.00
0859 -     14.06 |  100.00 |     0.83 |   1.00
0860 -     40.95 |  100.00 |     0.84 |   1.00
0861 -     72.92 |  100.00 |     0.85 |   1.00
0862 -     39.39 |  100.00 |     0.87 |   1.00
0863 -     78.45 |  100.00 |     0.91 |   1.00
0864 -     16.66 |    8.42 |     0.94 |   0.96
0865 -     28.69 |  100.00 |     0.92 |   1.00
0866 -      8.77 |  100.00 |     0.94 |   1.00
0867 -      0.00 |    0.00 |     0.99 |   0.98
0868 -     24.87 |  100.00 |     0.93 |   1.00
0869 -      0.00 |    0.00 |     0.95 |   0.95
0870 -    100.00 |   41.50 |     1.00 |   0.99
0871 -     82.27 |  100.00 |     0.93 |   1.00
0872 -     34.05 |   56.49 |     0.92 |   0.99
0873 -     29.57 |  100.00 |     0.86 |   1.00
0874 -     50.66 |  100.00 |     0.86 |   1.00
0875 -     84.21 |   90.20 |     0.97 |   1.00
0876 -     47.70 |   29.41 |     0.90 |   0.98
0877 -     43.71 |   43.34 |     0.93 |   0.96
0878 -      0.00 |    0.00 |     0.75 |   0.91
0879 -     20.68 |   98.93 |     0.90 |   1.00
0880 -      0.00 |   99.61 |     0.74 |   0.97
0881 -     47.93 |  100.00 |     0.94 |   1.00
0882 -     99.46 |  100.00 |     0.89 |   1.00
0883 -      0.00 |   42.63 |     0.97 |   0.91
0884 -     30.46 |  100.00 |     0.93 |   1.00
0885 -      0.00 |    0.00 |     0.87 |   0.88
0886 -     59.02 |  100.00 |     0.82 |   1.00
0887 -     11.35 |  100.00 |     0.93 |   1.00
0888 -     42.78 |  100.00 |     0.85 |   1.00
0889 -     60.68 |  100.00 |     0.94 |   1.00
0890 -     27.08 |   99.41 |     0.91 |   0.97
0891 -      6.45 |    6.54 |     0.91 |   0.99
0892 -     28.40 |   24.79 |     0.88 |   0.96
0893 -      0.00 |  100.00 |     0.97 |   1.00
0894 -      0.00 |    0.00 |     0.95 |   0.97
0895 -     12.38 |  100.00 |     0.75 |   1.00
0896 -     21.35 |  100.00 |     0.91 |   1.00
0897 -     97.98 |  100.00 |     0.97 |   1.00
0898 -     18.33 |   98.13 |     0.95 |   0.98
0899 -     98.78 |  100.00 |     0.86 |   1.00
0900 -     58.97 |   54.54 |     0.90 |   0.96
0901 -     11.34 |  100.00 |     0.96 |   1.00
0902 -     25.91 |  100.00 |     0.90 |   1.00
0903 -      0.00 |  100.00 |     0.85 |   1.00
0904 -     63.68 |  100.00 |     0.93 |   1.00
0905 -      0.00 |  100.00 |     0.94 |   1.00
0906 -     29.77 |   31.13 |     0.94 |   0.84
0907 -      0.00 |    0.00 |     0.86 |   0.92
0908 -      0.00 |    0.00 |     0.94 |   1.00
0909 -     15.76 |   13.78 |     0.94 |   1.00
0910 -     96.52 |  100.00 |     0.98 |   1.00
0911 -      0.00 |   32.92 |     0.90 |   1.00
0912 -      0.00 |   63.64 |     0.90 |   0.98
0913 -     19.23 |  100.00 |     0.96 |   1.00
0914 -     31.73 |  100.00 |     0.81 |   1.00
0915 -      0.00 |    4.54 |     0.93 |   0.97
0916 -      0.00 |  100.00 |     0.88 |   1.00
0917 -     99.77 |  100.00 |     0.95 |   1.00
0918 -     86.39 |  100.00 |     0.94 |   1.00
0919 -     95.35 |  100.00 |     0.97 |   1.00
0920 -     71.04 |   99.81 |     0.72 |   0.96
0921 -     12.01 |  100.00 |     0.88 |   1.00
0922 -      7.27 |  100.00 |     0.90 |   1.00
0923 -     69.11 |   65.86 |     0.81 |   0.99
0924 -     10.87 |    0.00 |     0.96 |   0.98
0925 -     51.79 |   47.25 |     0.84 |   0.96
0926 -     11.42 |  100.00 |     0.98 |   1.00
0927 -      0.00 |    0.00 |     0.66 |   0.85
0928 -     13.04 |  100.00 |     0.93 |   1.00
0929 -     26.03 |  100.00 |     0.96 |   1.00
0930 -      0.00 |    0.00 |     0.89 |   0.91
0931 -     17.62 |   36.56 |     0.83 |   0.89
0932 -      0.00 |   20.48 |     0.92 |   0.95
0933 -     10.61 |  100.00 |     0.99 |   1.00
0934 -      0.00 |  100.00 |     0.93 |   1.00
0935 -     89.79 |   30.90 |     0.85 |   0.84
0936 -     40.77 |   35.73 |     0.94 |   0.99
0937 -     72.65 |  100.00 |     0.93 |   1.00
0938 -     44.72 |    6.72 |     0.96 |   0.99
0939 -     95.21 |   95.98 |     0.94 |   0.98
0940 -     62.46 |   70.05 |     0.87 |   0.99
0941 -      0.00 |    0.00 |     0.80 |   0.91
0942 -     99.66 |    0.00 |     0.88 |   0.85
0943 -     12.69 |  100.00 |     0.92 |   1.00
0944 -     85.36 |  100.00 |     0.89 |   1.00
0945 -     17.25 |   43.12 |     0.76 |   0.77
0946 -      0.00 |    0.00 |     0.89 |   0.91
0947 -     62.87 |   56.14 |     0.88 |   1.00
0948 -     12.55 |  100.00 |     0.93 |   1.00
0949 -     26.58 |   58.49 |     0.76 |   0.92
0950 -     15.03 |  100.00 |     0.72 |   1.00
0951 -     13.38 |   14.36 |     0.86 |   0.88
0952 -     99.78 |  100.00 |     0.90 |   1.00
0953 -      0.00 |    0.00 |     0.97 |   0.98
0954 -      9.49 |   49.42 |     0.94 |   0.96
0955 -     79.47 |   76.74 |     0.96 |   0.93
0956 -     47.47 |   97.82 |     0.70 |   1.00
0957 -      0.00 |    0.00 |     0.88 |   0.97
0958 -     85.39 |  100.00 |     0.93 |   1.00
0959 -     46.27 |   46.58 |     0.93 |   0.98
0960 -      9.57 |  100.00 |     0.64 |   1.00
0961 -     13.39 |  100.00 |     0.84 |   1.00
0962 -     65.71 |  100.00 |     0.86 |   1.00
0963 -     66.73 |   98.31 |     0.78 |   1.00
0964 -     58.24 |  100.00 |     0.94 |   1.00
0965 -     83.36 |   69.24 |     0.94 |   1.00
0966 -     18.06 |   18.72 |     0.63 |   0.95
0967 -      9.38 |    9.45 |     0.80 |   0.98
0968 -      0.00 |    0.00 |     0.89 |   0.99
0969 -     23.19 |   97.77 |     0.76 |   0.98
0970 -     22.01 |  100.00 |     0.91 |   1.00
0971 -      0.00 |    0.00 |     0.95 |   0.90
0972 -      0.00 |    0.00 |     0.87 |   0.87
0973 -     28.47 |   99.82 |     0.92 |   0.98
0974 -     13.81 |  100.00 |     0.98 |   1.00
0975 -      0.00 |    0.00 |     0.91 |   0.98
0976 -     49.63 |   56.03 |     0.44 |   0.98
0977 -     49.70 |   50.26 |     0.93 |   0.97
0978 -     76.23 |  100.00 |     0.97 |   1.00
0979 -     26.00 |  100.00 |     0.88 |   1.00
0980 -     46.06 |  100.00 |     0.87 |   1.00
0981 -     99.83 |  100.00 |     0.97 |   1.00
0982 -      0.00 |   90.99 |     0.71 |   0.93
0983 -     86.28 |  100.00 |     0.83 |   1.00
0984 -     30.01 |   82.91 |     0.91 |   1.00
0985 -      0.00 |  100.00 |     0.75 |   1.00
0986 -      0.00 |    0.00 |     0.91 |   1.00
0987 -     36.74 |   32.67 |     0.95 |   0.98
0988 -      7.87 |   94.73 |     0.94 |   0.96
0989 -      0.00 |    0.00 |     0.60 |   0.99
0990 -     14.70 |   84.46 |     0.97 |   0.96
0991 -     99.72 |   89.21 |     0.94 |   0.99
0992 -     42.49 |  100.00 |     0.91 |   1.00
0993 -      0.00 |    0.00 |     0.90 |   0.89
0994 -      8.91 |    6.93 |     0.73 |   0.99
0995 -      0.00 |    0.00 |     0.94 |   0.97
0996 -     71.49 |  100.00 |     0.89 |   1.00
0997 -     95.42 |  100.00 |     0.95 |   1.00
0998 -     36.17 |   35.95 |     0.91 |   0.97
0999 -     29.97 |   29.60 |     0.93 |   1.00
1000 -     45.64 |    0.00 |     0.90 |   0.84
==============================================
