==============================================
BLEU GOLD:                               70.15
BLEU IN:                                 78.26
ACC GOLD:                               0.0072
ACC IN:                                 0.2428
SIM GOLD:                               0.9053
SIM IN:                                 0.9386
==============================================
       BLEU GOLD | BLEU IN | SIM GOLD | SIM IN
0001 -     62.17 |   69.54 |     0.93 |   0.96
0002 -      0.00 |    0.00 |     0.70 |   0.71
0003 -     26.24 |   79.37 |     0.97 |   0.98
0004 -      0.00 |    0.00 |     0.84 |   0.82
0005 -     26.13 |   84.43 |     0.97 |   0.99
0006 -      0.00 |    0.00 |     0.92 |   0.92
0007 -     39.07 |   57.14 |     0.72 |   0.75
0008 -     34.62 |   34.62 |     0.92 |   0.96
0009 -      4.46 |    5.46 |     0.97 |   0.99
0010 -     88.91 |   80.73 |     0.96 |   0.98
0011 -     40.21 |  100.00 |     0.95 |   1.00
0012 -     47.14 |   95.29 |     0.97 |   1.00
0013 -     33.91 |   35.17 |     0.96 |   0.98
0014 -     49.58 |   84.35 |     0.96 |   0.97
0015 -     58.10 |   53.55 |     0.94 |   0.94
0016 -      0.00 |    0.00 |     0.95 |   0.99
0017 -      0.00 |    0.00 |     0.93 |   0.99
0018 -     16.37 |   38.04 |     0.88 |   0.91
0019 -     14.87 |   79.63 |     0.91 |   0.93
0020 -      0.00 |    0.00 |     0.94 |   0.95
0021 -      0.00 |    0.00 |     0.96 |   0.97
0022 -     85.31 |   84.68 |     0.94 |   0.98
0023 -     15.01 |   17.63 |     0.94 |   0.95
0024 -     38.55 |   69.09 |     0.94 |   0.97
0025 -      8.05 |    8.26 |     0.84 |   0.93
0026 -      0.00 |    0.00 |     0.95 |   0.95
0027 -      0.00 |  100.00 |     0.89 |   1.00
0028 -     54.08 |   55.12 |     0.94 |   0.97
0029 -      0.00 |   46.65 |     0.97 |   0.99
0030 -      0.00 |    0.00 |     0.73 |   0.72
0031 -      0.00 |    0.00 |     0.87 |   0.89
0032 -     23.68 |   12.19 |     0.98 |   0.99
0033 -      3.51 |    3.54 |     0.77 |   0.80
0034 -     45.59 |   40.34 |     0.88 |   0.90
0035 -      0.00 |    0.00 |     0.53 |   0.56
0036 -      0.00 |    7.11 |     0.86 |   0.88
0037 -     12.34 |  100.00 |     0.92 |   1.00
0038 -     28.30 |  100.00 |     0.96 |   1.00
0039 -     62.96 |  100.00 |     0.98 |   1.00
0040 -     47.85 |   91.00 |     0.95 |   0.97
0041 -     20.59 |   20.75 |     0.98 |   0.99
0042 -     58.24 |   35.95 |     0.73 |   0.80
0043 -      0.00 |    0.00 |     0.96 |   0.96
0044 -      0.00 |    0.00 |     0.94 |   0.97
0045 -     63.28 |   63.96 |     0.88 |   0.91
0046 -     28.96 |   97.67 |     0.94 |   0.97
0047 -     67.45 |   99.32 |     0.48 |   0.85
0048 -     13.90 |   14.19 |     0.97 |   0.97
0049 -     57.56 |  100.00 |     0.98 |   1.00
0050 -     70.69 |  100.00 |     0.98 |   1.00
0051 -      0.00 |   66.05 |     0.88 |   0.98
0052 -     87.02 |    9.05 |     0.95 |   0.98
0053 -     41.11 |  100.00 |     0.98 |   1.00
0054 -      4.68 |    0.00 |     0.78 |   0.80
0055 -     54.50 |   54.50 |     0.95 |   0.99
0056 -     83.47 |  100.00 |     0.96 |   1.00
0057 -      0.00 |   20.53 |     0.73 |   0.83
0058 -     53.94 |   69.39 |     0.86 |   0.89
0059 -      0.00 |    7.50 |     0.80 |   0.79
0060 -      0.00 |    0.00 |     0.92 |   0.93
0061 -     90.52 |   94.42 |     0.97 |   0.98
0062 -      0.00 |    0.00 |     0.61 |   0.75
0063 -     25.27 |   25.01 |     0.84 |   0.94
0064 -     55.12 |   91.11 |     0.99 |   1.00
0065 -     67.84 |   92.82 |     0.93 |   0.98
0066 -     65.95 |  100.00 |     0.98 |   1.00
0067 -      0.00 |    0.00 |     0.75 |   0.74
0068 -      0.00 |    0.00 |     0.93 |   0.94
0069 -      0.00 |   99.02 |     0.90 |   0.93
0070 -      0.00 |    0.00 |     0.88 |   0.88
0071 -      0.00 |    0.00 |     0.97 |   0.96
0072 -     23.27 |  100.00 |     0.99 |   1.00
0073 -      0.00 |  100.00 |     0.92 |   1.00
0074 -      0.00 |    0.00 |     0.83 |   0.87
0075 -     91.11 |   99.63 |     0.96 |   1.00
0076 -     27.39 |  100.00 |     0.99 |   1.00
0077 -      0.00 |    0.00 |     0.90 |   0.96
0078 -      6.89 |    0.00 |     0.83 |   0.90
0079 -     27.71 |   86.16 |     0.92 |   0.94
0080 -     86.41 |   94.67 |     0.87 |   0.92
0081 -     34.43 |  100.00 |     0.98 |   1.00
0082 -      0.00 |    0.00 |     0.98 |   1.00
0083 -      0.00 |    0.00 |     0.73 |   0.76
0084 -     36.73 |  100.00 |     0.93 |   1.00
0085 -     15.61 |   63.66 |     0.98 |   0.99
0086 -     52.04 |   51.20 |     0.71 |   0.84
0087 -      0.00 |   43.41 |     0.78 |   0.80
0088 -     87.11 |   95.72 |     0.97 |   0.98
0089 -      0.00 |    0.00 |     0.96 |   0.99
0090 -     51.48 |   56.13 |     0.89 |   0.94
0091 -      0.00 |    0.00 |     0.71 |   0.67
0092 -     69.98 |  100.00 |     0.94 |   1.00
0093 -     63.33 |   70.40 |     0.90 |   0.98
0094 -     70.19 |  100.00 |     0.54 |   1.00
0095 -      0.00 |    0.00 |     0.89 |   0.91
0096 -      0.00 |    0.00 |     0.96 |   0.93
0097 -     81.85 |  100.00 |     0.98 |   1.00
0098 -     72.74 |  100.00 |     0.97 |   1.00
0099 -     38.74 |   38.83 |     0.95 |   0.97
0100 -     28.14 |   27.21 |     0.89 |   0.92
0101 -     32.79 |   40.63 |     0.87 |   0.89
0102 -      0.00 |    0.00 |     0.83 |   0.87
0103 -     11.66 |   11.81 |     0.94 |   1.00
0104 -     36.67 |  100.00 |     0.99 |   1.00
0105 -      0.00 |    0.00 |     0.98 |   1.00
0106 -     34.33 |   25.39 |     0.94 |   0.97
0107 -     35.67 |    0.00 |     0.94 |   0.94
0108 -     85.61 |  100.00 |     0.78 |   1.00
0109 -      0.00 |    0.00 |     0.75 |   0.77
0110 -     80.89 |  100.00 |     0.93 |   1.00
0111 -     73.55 |   88.25 |     0.98 |   0.94
0112 -     57.95 |  100.00 |     0.97 |   1.00
0113 -      0.00 |    0.00 |     0.96 |   0.98
0114 -     21.80 |  100.00 |     0.99 |   1.00
0115 -     48.84 |   56.33 |     0.93 |   0.96
0116 -     72.75 |  100.00 |     0.95 |   1.00
0117 -      0.00 |    0.00 |     0.88 |   0.88
0118 -     79.98 |   41.49 |     0.90 |   0.88
0119 -     70.06 |   73.86 |     0.87 |   0.91
0120 -     78.52 |  100.00 |     0.87 |   1.00
0121 -     50.48 |   74.96 |     0.93 |   0.95
0122 -     24.27 |   24.27 |     0.96 |   1.00
0123 -      0.00 |    0.00 |     0.71 |   0.75
0124 -     94.44 |  100.00 |     0.99 |   1.00
0125 -     89.18 |   95.90 |     0.99 |   1.00
0126 -     92.15 |   93.85 |     0.94 |   0.97
0127 -     42.38 |   51.76 |     0.88 |   0.82
0128 -     39.15 |  100.00 |     0.96 |   1.00
0129 -      0.00 |    0.00 |     0.88 |   0.89
0130 -     12.80 |   12.92 |     0.91 |   0.93
0131 -      0.00 |  100.00 |     0.97 |   1.00
0132 -     12.38 |    8.70 |     0.68 |   0.73
0133 -     48.78 |   70.19 |     0.95 |   0.99
0134 -      8.76 |   96.53 |     0.90 |   0.95
0135 -     45.42 |   85.26 |     0.91 |   0.93
0136 -      0.00 |   91.65 |     0.80 |   0.96
0137 -     11.29 |   10.41 |     0.92 |   0.94
0138 -     54.29 |   55.83 |     0.89 |   0.97
0139 -      0.00 |   84.33 |     0.94 |   0.97
0140 -     64.99 |   87.52 |     0.89 |   0.99
0141 -      6.33 |    6.92 |     0.87 |   0.84
0142 -     47.21 |  100.00 |     0.99 |   1.00
0143 -     35.10 |   88.73 |     0.97 |   0.99
0144 -     68.07 |   41.27 |     0.99 |   1.00
0145 -      0.00 |    0.00 |     0.89 |   0.87
0146 -     82.96 |   96.03 |     0.91 |   0.98
0147 -      5.72 |    5.70 |     0.81 |   0.84
0148 -     40.05 |   21.18 |     0.95 |   0.98
0149 -      0.00 |    0.00 |     0.94 |   0.97
0150 -     19.56 |    0.00 |     0.85 |   0.86
0151 -      0.00 |    0.00 |     0.96 |   0.98
0152 -      0.00 |    0.00 |     0.95 |   1.00
0153 -     55.65 |   55.65 |     0.90 |   1.00
0154 -     23.60 |   99.00 |     0.91 |   0.94
0155 -     10.40 |  100.00 |     0.97 |   1.00
0156 -     82.64 |   66.17 |     0.97 |   0.97
0157 -     37.40 |   38.22 |     0.93 |   0.94
0158 -     84.56 |  100.00 |     0.97 |   1.00
0159 -     12.13 |    0.00 |     0.88 |   0.91
0160 -     46.00 |  100.00 |     0.96 |   1.00
0161 -      0.00 |    0.00 |     0.88 |   0.90
0162 -     31.57 |   88.26 |     0.95 |   0.97
0163 -      6.65 |    6.57 |     0.81 |   0.82
0164 -     32.21 |   31.98 |     0.97 |   0.98
0165 -     73.21 |   99.44 |     0.96 |   0.98
0166 -     35.05 |   46.72 |     0.98 |   0.99
0167 -      0.00 |    0.00 |     0.85 |   0.91
0168 -      0.00 |    0.00 |     0.83 |   0.85
0169 -     30.43 |   27.38 |     0.90 |   0.93
0170 -     11.71 |   10.70 |     0.83 |   0.81
0171 -     40.77 |   91.81 |     0.95 |   0.99
0172 -     87.65 |  100.00 |     0.98 |   1.00
0173 -     92.76 |  100.00 |     0.98 |   1.00
0174 -      0.00 |    0.00 |     0.93 |   0.95
0175 -      0.00 |    0.00 |     0.87 |   0.88
0176 -     66.29 |  100.00 |     0.99 |   1.00
0177 -     80.79 |   80.23 |     0.96 |   0.99
0178 -     65.79 |  100.00 |     0.91 |   1.00
0179 -     87.89 |  100.00 |     0.91 |   1.00
0180 -      0.00 |    0.00 |     0.82 |   0.86
0181 -     38.57 |   44.21 |     0.95 |   1.00
0182 -      0.00 |    0.00 |     0.89 |   0.88
0183 -     47.50 |   28.13 |     0.97 |   1.00
0184 -     55.15 |  100.00 |     0.96 |   1.00
0185 -      0.00 |    0.00 |     0.83 |   0.87
0186 -      0.00 |    0.00 |     0.56 |   0.58
0187 -     19.78 |  100.00 |     0.94 |   1.00
0188 -     76.31 |  100.00 |     0.95 |   1.00
0189 -     44.68 |  100.00 |     0.84 |   1.00
0190 -      0.00 |   30.80 |     0.93 |   0.97
0191 -     22.87 |   46.90 |     0.82 |   0.77
0192 -      0.00 |    0.00 |     0.93 |   0.97
0193 -      0.00 |    0.00 |     0.85 |   0.90
0194 -      0.00 |   20.62 |     0.94 |   0.96
0195 -     66.95 |  100.00 |     0.99 |   1.00
0196 -      0.00 |    0.00 |     0.98 |   0.96
0197 -      0.00 |    0.00 |     0.56 |   0.64
0198 -     85.92 |  100.00 |     0.97 |   1.00
0199 -     90.56 |   99.77 |     0.93 |   1.00
0200 -     14.68 |   14.68 |     0.93 |   0.95
0201 -     14.05 |  100.00 |     0.98 |   1.00
0202 -     56.41 |  100.00 |     0.97 |   1.00
0203 -      0.00 |    0.00 |     0.82 |   0.88
0204 -     17.56 |  100.00 |     1.00 |   1.00
0205 -      0.00 |    0.00 |     0.90 |   0.95
0206 -     25.11 |   31.08 |     0.98 |   1.00
0207 -     77.06 |   85.16 |     0.92 |   0.94
0208 -    100.00 |   71.96 |     1.00 |   0.96
0209 -     49.25 |   49.25 |     0.76 |   0.82
0210 -     37.94 |   82.97 |     0.97 |   0.98
0211 -     24.74 |  100.00 |     0.97 |   1.00
0212 -      0.00 |    0.00 |     0.82 |   0.83
0213 -      0.00 |    0.00 |     0.88 |   0.90
0214 -      0.00 |    0.00 |     0.81 |   0.90
0215 -      0.00 |    0.00 |     0.89 |   0.93
0216 -     47.27 |   52.80 |     0.98 |   1.00
0217 -      0.00 |    0.00 |     0.62 |   0.77
0218 -     65.06 |   72.09 |     0.85 |   0.87
0219 -     85.01 |   50.24 |     0.97 |   1.00
0220 -     51.27 |   52.53 |     0.90 |   0.99
0221 -      0.00 |    0.00 |     0.86 |   0.97
0222 -      0.00 |    0.00 |     0.97 |   0.98
0223 -      0.00 |    0.00 |     0.72 |   0.77
0224 -     85.96 |   90.54 |     0.98 |   0.98
0225 -      0.00 |    0.00 |     0.85 |   0.89
0226 -     67.75 |  100.00 |     0.96 |   1.00
0227 -      5.54 |    0.00 |     0.94 |   0.99
0228 -      0.00 |    0.00 |     0.89 |   0.92
0229 -      0.00 |   12.28 |     0.86 |   0.88
0230 -      0.00 |    0.00 |     0.89 |   0.91
0231 -     15.02 |    0.00 |     0.98 |   0.99
0232 -      0.00 |    0.00 |     0.97 |   1.00
0233 -     50.89 |  100.00 |     0.95 |   1.00
0234 -     77.26 |    9.84 |     0.97 |   0.98
0235 -      0.00 |    0.00 |     0.87 |   0.91
0236 -      0.00 |  100.00 |     0.94 |   1.00
0237 -      0.00 |    0.00 |     0.90 |   0.93
0238 -     66.52 |  100.00 |     0.98 |   1.00
0239 -     42.02 |    0.00 |     0.97 |   1.00
0240 -     11.10 |  100.00 |     0.98 |   1.00
0241 -     41.35 |  100.00 |     0.98 |   1.00
0242 -      5.37 |  100.00 |     0.99 |   1.00
0243 -     70.31 |  100.00 |     0.89 |   1.00
0244 -     49.88 |   75.68 |     0.96 |   0.98
0245 -      0.00 |   98.66 |     0.98 |   1.00
0246 -     29.47 |   32.21 |     0.91 |   0.94
0247 -     94.47 |   96.57 |     0.96 |   0.97
0248 -      0.00 |    0.00 |     0.57 |   0.58
0249 -     25.28 |   23.17 |     0.84 |   0.81
0250 -      0.00 |   15.05 |     0.95 |   0.96
0251 -      0.00 |   40.60 |     0.94 |   1.00
0252 -      0.00 |   35.47 |     0.99 |   0.97
0253 -      3.86 |    0.00 |     0.92 |   0.95
0254 -      6.18 |    6.82 |     0.91 |   0.96
0255 -     13.58 |  100.00 |     0.95 |   1.00
0256 -      9.20 |  100.00 |     0.98 |   1.00
0257 -      0.00 |    0.00 |     0.80 |   0.81
0258 -      0.00 |    0.00 |     0.60 |   0.61
0259 -     86.47 |  100.00 |     0.94 |   1.00
0260 -     25.51 |   25.08 |     0.84 |   0.99
0261 -     97.75 |  100.00 |     0.85 |   1.00
0262 -     56.73 |    0.00 |     0.91 |   0.91
0263 -     55.07 |  100.00 |     0.84 |   1.00
0264 -     29.68 |  100.00 |     0.90 |   1.00
0265 -      6.91 |    6.91 |     0.76 |   0.80
0266 -     60.46 |   41.36 |     0.93 |   0.98
0267 -     92.83 |   14.04 |     0.97 |   0.99
0268 -     86.67 |   92.37 |     0.90 |   0.98
0269 -     73.17 |   96.07 |     0.98 |   0.99
0270 -     45.53 |  100.00 |     0.96 |   1.00
0271 -     17.72 |   98.90 |     0.94 |   0.97
0272 -      0.00 |    0.00 |     0.12 |   0.11
0273 -      8.24 |  100.00 |     0.94 |   1.00
0274 -     65.20 |   70.35 |     0.95 |   0.96
0275 -     19.69 |   19.74 |     0.90 |   0.91
0276 -     50.28 |   61.09 |     0.92 |   0.94
0277 -     62.82 |   66.37 |     0.96 |   0.98
0278 -     21.69 |   50.07 |     0.86 |   0.96
0279 -     79.42 |   95.05 |     0.98 |   0.99
0280 -     49.68 |   99.82 |     0.97 |   0.97
0281 -      0.00 |    0.00 |     0.89 |   0.91
0282 -     20.51 |   32.64 |     0.96 |   0.97
0283 -     49.02 |  100.00 |     0.98 |   1.00
0284 -     91.23 |  100.00 |     0.96 |   0.98
0285 -     72.15 |   84.06 |     0.96 |   0.94
0286 -      9.53 |    8.96 |     0.89 |   0.93
0287 -     34.71 |   95.41 |     0.96 |   0.99
0288 -      0.00 |    0.00 |     0.62 |   0.61
0289 -      0.00 |   56.68 |     0.91 |   0.94
0290 -     73.09 |  100.00 |     0.98 |   1.00
0291 -     45.67 |  100.00 |     0.87 |   1.00
0292 -      0.00 |    0.00 |     0.78 |   0.79
0293 -     58.35 |   75.04 |     0.95 |   0.99
0294 -     83.65 |   96.94 |     0.95 |   0.97
0295 -     11.37 |  100.00 |     0.90 |   1.00
0296 -     88.20 |   92.31 |     0.98 |   1.00
0297 -      5.96 |    5.68 |     0.91 |   0.94
0298 -      5.88 |   14.36 |     0.88 |   0.90
0299 -     21.48 |  100.00 |     0.99 |   1.00
0300 -     21.26 |   21.81 |     0.96 |   0.98
0301 -     76.53 |   90.21 |     0.87 |   0.95
0302 -     27.19 |  100.00 |     0.97 |   1.00
0303 -     48.25 |   48.25 |     0.95 |   1.00
0304 -      0.00 |    0.00 |     0.84 |   0.82
0305 -     44.65 |   41.64 |     0.91 |   0.92
0306 -     16.86 |    0.00 |     0.93 |   0.94
0307 -      6.37 |    7.23 |     0.92 |   1.00
0308 -     21.87 |   39.55 |     0.95 |   0.98
0309 -     32.54 |  100.00 |     0.98 |   1.00
0310 -      0.00 |    0.00 |     0.89 |   0.86
0311 -     65.27 |  100.00 |     0.99 |   1.00
0312 -      0.00 |    0.00 |     0.87 |   0.87
0313 -     48.16 |   92.35 |     0.86 |   0.94
0314 -      0.00 |    0.00 |     0.80 |   0.83
0315 -     84.36 |  100.00 |     0.97 |   1.00
0316 -     22.78 |    6.19 |     0.96 |   0.97
0317 -     54.53 |   91.87 |     0.98 |   0.99
0318 -     57.15 |   83.61 |     0.86 |   0.98
0319 -      0.00 |    0.00 |     0.89 |   0.91
0320 -      0.00 |    0.00 |     0.98 |   1.00
0321 -     25.91 |   25.10 |     0.57 |   0.57
0322 -     94.62 |   87.82 |     0.97 |   0.96
0323 -      0.00 |    0.00 |     0.89 |   0.92
0324 -      0.00 |   89.26 |     0.81 |   0.87
0325 -     83.38 |  100.00 |     0.86 |   1.00
0326 -      0.00 |    0.00 |     0.80 |   0.81
0327 -     87.18 |   93.93 |     0.97 |   0.99
0328 -     23.59 |   34.19 |     0.99 |   0.99
0329 -     19.59 |   19.00 |     0.90 |   0.95
0330 -     83.71 |   85.36 |     0.84 |   0.95
0331 -     27.49 |   41.94 |     0.80 |   0.84
0332 -     29.52 |  100.00 |     0.96 |   1.00
0333 -     39.41 |   99.06 |     0.92 |   0.97
0334 -     85.06 |  100.00 |     0.97 |   1.00
0335 -     72.74 |   98.82 |     0.98 |   1.00
0336 -     64.94 |   99.81 |     0.89 |   0.97
0337 -      5.21 |    3.96 |     0.84 |   0.85
0338 -      0.00 |  100.00 |     0.94 |   1.00
0339 -     23.82 |   80.27 |     0.97 |   1.00
0340 -     77.68 |   80.38 |     0.95 |   0.95
0341 -     17.68 |   17.59 |     0.94 |   0.95
0342 -      0.00 |    0.00 |     0.80 |   0.78
0343 -     68.82 |   93.35 |     0.99 |   0.99
0344 -     60.64 |  100.00 |     0.98 |   1.00
0345 -     54.07 |  100.00 |     0.98 |   1.00
0346 -     39.97 |   45.82 |     0.96 |   0.97
0347 -      0.00 |    0.00 |     0.76 |   0.77
0348 -     21.83 |   21.55 |     0.96 |   0.96
0349 -    100.00 |   64.75 |     1.00 |   0.98
0350 -     42.00 |  100.00 |     0.95 |   1.00
0351 -     96.25 |  100.00 |     0.98 |   1.00
0352 -     90.12 |  100.00 |     0.87 |   1.00
0353 -     81.17 |   84.81 |     0.98 |   0.99
0354 -      0.00 |    0.00 |     0.94 |   0.95
0355 -     34.20 |   30.27 |     0.94 |   0.95
0356 -     70.29 |   48.38 |     0.99 |   0.99
0357 -     68.66 |   92.60 |     0.96 |   0.98
0358 -     72.66 |  100.00 |     0.92 |   1.00
0359 -      0.00 |    0.00 |     0.78 |   0.79
0360 -     33.27 |  100.00 |     0.94 |   1.00
0361 -      0.00 |    0.00 |     0.91 |   0.91
0362 -     80.31 |  100.00 |     0.98 |   1.00
0363 -      0.00 |    0.00 |     0.89 |   0.92
0364 -     93.32 |  100.00 |     0.96 |   1.00
0365 -      0.00 |    0.00 |     0.98 |   0.99
0366 -     88.10 |  100.00 |     0.94 |   1.00
0367 -      0.00 |    0.00 |     0.96 |   0.99
0368 -      0.00 |    0.00 |     0.66 |   0.71
0369 -     66.27 |   99.76 |     0.93 |   0.94
0370 -      9.07 |   88.98 |     0.97 |   0.99
0371 -     11.81 |   99.75 |     0.99 |   1.00
0372 -     20.19 |   31.87 |     0.98 |   0.99
0373 -     95.60 |   99.82 |     0.94 |   0.98
0374 -     49.87 |   40.51 |     0.97 |   1.00
0375 -     36.42 |   36.42 |     0.82 |   0.92
0376 -      7.75 |    7.79 |     0.89 |   0.90
0377 -     82.53 |  100.00 |     0.96 |   1.00
0378 -     26.14 |   75.41 |     0.88 |   0.98
0379 -      0.00 |    0.00 |     0.80 |   0.80
0380 -      0.00 |    0.00 |     0.83 |   0.85
0381 -      0.00 |   92.49 |     0.88 |   0.88
0382 -    100.00 |   88.04 |     1.00 |   0.93
0383 -     90.69 |  100.00 |     0.95 |   1.00
0384 -      0.00 |    0.00 |     0.90 |   0.90
0385 -      0.00 |    0.00 |     0.66 |   0.70
0386 -     64.89 |   96.72 |     0.99 |   1.00
0387 -     38.22 |   89.81 |     0.95 |   0.95
0388 -     20.93 |  100.00 |     0.98 |   1.00
0389 -     92.29 |  100.00 |     0.95 |   1.00
0390 -     13.37 |  100.00 |     0.98 |   1.00
0391 -     78.26 |  100.00 |     0.82 |   1.00
0392 -     63.17 |  100.00 |     0.98 |   1.00
0393 -     33.65 |   92.77 |     0.94 |   0.98
0394 -      0.00 |   17.65 |     0.90 |   0.94
0395 -     86.91 |   98.85 |     0.99 |   1.00
0396 -     89.02 |  100.00 |     0.99 |   1.00
0397 -      0.00 |    0.00 |     0.98 |   0.98
0398 -     22.98 |  100.00 |     0.97 |   1.00
0399 -     81.78 |  100.00 |     0.96 |   1.00
0400 -     79.10 |   81.78 |     0.86 |   0.91
0401 -      8.25 |    8.25 |     0.94 |   0.96
0402 -     32.68 |   99.86 |     0.97 |   0.98
0403 -     25.05 |   53.11 |     0.95 |   0.97
0404 -     48.18 |   92.75 |     0.99 |   1.00
0405 -     66.16 |   69.25 |     0.83 |   0.86
0406 -     26.44 |  100.00 |     0.95 |   0.98
0407 -     80.81 |   89.69 |     0.93 |   0.98
0408 -     94.52 |   98.23 |     0.96 |   0.98
0409 -      0.00 |    0.00 |     0.92 |   0.94
0410 -     92.57 |  100.00 |     0.97 |   1.00
0411 -      0.00 |    0.00 |     0.97 |   1.00
0412 -      8.74 |   21.40 |     0.89 |   0.83
0413 -     27.57 |   27.44 |     0.98 |   1.00
0414 -      5.53 |    5.10 |     0.92 |   0.95
0415 -     28.17 |   66.83 |     0.92 |   0.95
0416 -     44.56 |   44.56 |     0.94 |   0.97
0417 -      0.00 |    0.00 |     0.91 |   0.96
0418 -     86.70 |   94.47 |     0.95 |   0.97
0419 -     54.67 |   83.92 |     0.96 |   0.97
0420 -      0.00 |    0.00 |     0.93 |   1.00
0421 -      0.00 |    0.00 |     0.92 |   0.94
0422 -     24.36 |  100.00 |     0.99 |   1.00
0423 -     19.03 |  100.00 |     0.97 |   1.00
0424 -     76.98 |  100.00 |     0.97 |   1.00
0425 -      0.00 |    6.32 |     0.91 |   0.91
0426 -      5.68 |    5.89 |     0.78 |   0.74
0427 -      5.11 |   93.52 |     0.97 |   1.00
0428 -      8.46 |    8.62 |     0.82 |   0.84
0429 -     33.20 |    6.60 |     0.94 |   0.98
0430 -     86.66 |   98.57 |     0.93 |   1.00
0431 -     42.64 |    0.00 |     0.94 |   0.97
0432 -      0.00 |    0.00 |     0.89 |   0.89
0433 -     71.94 |   77.24 |     0.86 |   0.87
0434 -      0.00 |    0.00 |     0.90 |   0.93
0435 -     34.42 |   99.80 |     0.97 |   0.98
0436 -      8.83 |  100.00 |     0.98 |   1.00
0437 -      4.95 |  100.00 |     0.98 |   1.00
0438 -     41.21 |   92.23 |     0.95 |   0.98
0439 -      0.00 |    0.00 |     0.98 |   0.95
0440 -     42.78 |   42.42 |     0.86 |   0.85
0441 -     95.37 |   87.98 |     1.00 |   0.99
0442 -     62.95 |    8.99 |     0.98 |   1.00
0443 -     47.40 |  100.00 |     0.92 |   1.00
0444 -      0.00 |    0.00 |     0.84 |   0.86
0445 -     61.28 |  100.00 |     0.91 |   1.00
0446 -     19.19 |   26.25 |     0.95 |   0.96
0447 -      0.00 |    0.00 |     0.89 |   0.99
0448 -     93.68 |  100.00 |     0.99 |   1.00
0449 -     64.63 |  100.00 |     0.96 |   1.00
0450 -     63.51 |   58.48 |     0.99 |   1.00
0451 -      9.38 |   16.72 |     0.93 |   0.94
0452 -     94.94 |   84.87 |     0.98 |   0.99
0453 -     12.95 |    0.00 |     0.82 |   0.85
0454 -     19.36 |   52.97 |     0.92 |   0.95
0455 -      0.00 |    0.00 |     0.84 |   0.83
0456 -      8.58 |   32.89 |     0.88 |   0.90
0457 -     88.27 |  100.00 |     0.94 |   1.00
0458 -      0.00 |  100.00 |     1.00 |   1.00
0459 -     31.97 |  100.00 |     0.92 |   1.00
0460 -     34.20 |   96.55 |     0.97 |   0.97
0461 -      0.00 |    0.00 |     0.59 |   0.64
0462 -     37.12 |   36.68 |     0.94 |   0.96
0463 -      0.00 |   20.59 |     0.85 |   0.90
0464 -      0.00 |   36.41 |     0.81 |   0.86
0465 -     88.79 |  100.00 |     0.97 |   1.00
0466 -     15.46 |   25.27 |     0.85 |   0.94
0467 -     90.47 |  100.00 |     0.99 |   1.00
0468 -     71.70 |  100.00 |     0.84 |   1.00
0469 -     82.27 |  100.00 |     0.89 |   1.00
0470 -      0.00 |    0.00 |     0.68 |   0.67
0471 -     18.99 |  100.00 |     0.98 |   1.00
0472 -     47.58 |   59.38 |     0.93 |   0.95
0473 -     16.25 |  100.00 |     0.94 |   1.00
0474 -     37.58 |  100.00 |     0.94 |   1.00
0475 -     34.72 |  100.00 |     0.98 |   1.00
0476 -     27.45 |   80.92 |     0.92 |   0.97
0477 -      0.00 |    0.00 |     0.76 |   0.76
0478 -     23.19 |   10.88 |     0.91 |   0.92
0479 -     24.60 |    8.59 |     0.96 |   1.00
0480 -     58.46 |   96.17 |     0.91 |   0.99
0481 -     33.65 |  100.00 |     0.98 |   1.00
0482 -      0.00 |    0.00 |     0.74 |   0.86
0483 -     10.23 |  100.00 |     0.99 |   1.00
0484 -      0.00 |    0.00 |     0.91 |   0.93
0485 -     77.97 |   83.74 |     0.82 |   0.93
0486 -      0.00 |    0.00 |     0.90 |   0.91
0487 -      0.00 |    0.00 |     0.86 |   0.86
0488 -      0.00 |  100.00 |     0.97 |   1.00
0489 -     22.60 |   22.34 |     0.49 |   0.52
0490 -      6.46 |    7.14 |     0.94 |   0.97
0491 -     29.83 |   66.29 |     0.98 |   1.00
0492 -      0.00 |    0.00 |     0.95 |   0.97
0493 -      0.00 |    0.00 |     0.84 |   0.87
0494 -     51.73 |  100.00 |     0.97 |   1.00
0495 -      0.00 |   11.68 |     0.97 |   0.97
0496 -      0.00 |   73.14 |     0.72 |   0.79
0497 -      0.00 |    0.00 |     0.96 |   0.99
0498 -     79.61 |   91.44 |     0.79 |   0.93
0499 -     31.88 |   27.67 |     0.92 |   0.95
0500 -     84.63 |   99.49 |     0.97 |   0.98
0501 -      0.00 |    0.00 |     0.98 |   0.98
0502 -      0.00 |    0.00 |     0.76 |   0.78
0503 -     66.40 |   75.02 |     0.83 |   0.91
0504 -     90.34 |   66.75 |     0.96 |   0.90
0505 -     31.12 |   24.17 |     0.70 |   0.75
0506 -     29.98 |   21.50 |     0.96 |   0.97
0507 -      5.62 |    0.00 |     0.95 |   0.96
0508 -      6.59 |    6.78 |     0.79 |   0.83
0509 -     22.42 |   21.72 |     0.85 |   0.83
0510 -     11.57 |   33.87 |     0.96 |   0.98
0511 -      6.10 |    0.00 |     0.91 |   0.93
0512 -     92.38 |  100.00 |     0.95 |   1.00
0513 -     75.73 |  100.00 |     0.88 |   1.00
0514 -     53.08 |   75.95 |     0.63 |   0.88
0515 -     32.77 |   32.88 |     0.88 |   0.89
0516 -     78.60 |  100.00 |     0.99 |   1.00
0517 -      7.76 |    7.76 |     0.89 |   0.91
0518 -      0.00 |    0.00 |     0.97 |   1.00
0519 -      0.00 |    0.00 |     0.85 |   0.93
0520 -      0.00 |    0.00 |     0.94 |   0.97
0521 -     47.40 |   83.14 |     0.96 |   1.00
0522 -     64.84 |   60.05 |     0.97 |   0.98
0523 -      0.00 |    0.00 |     0.90 |   0.96
0524 -     13.74 |   13.45 |     0.90 |   0.91
0525 -      0.00 |    0.00 |     0.95 |   0.95
0526 -     21.64 |  100.00 |     0.95 |   1.00
0527 -     35.18 |   39.42 |     0.83 |   0.87
0528 -     94.55 |   98.33 |     0.94 |   0.97
0529 -      0.00 |    0.00 |     0.77 |   0.80
0530 -      0.00 |    0.00 |     0.97 |   0.99
0531 -      0.00 |    0.00 |     0.88 |   0.93
0532 -      0.00 |  100.00 |     0.97 |   1.00
0533 -     75.20 |   72.37 |     0.92 |   0.98
0534 -     10.23 |   10.23 |     0.98 |   0.97
0535 -      0.00 |    0.00 |     0.95 |   0.96
0536 -      0.00 |    0.00 |     0.84 |   0.90
0537 -     46.47 |  100.00 |     0.79 |   1.00
0538 -      5.91 |    0.00 |     0.88 |   0.91
0539 -      0.00 |    0.00 |     0.87 |   0.91
0540 -      0.00 |    0.00 |     0.78 |   0.78
0541 -      0.00 |    0.00 |     0.90 |   0.95
0542 -     40.30 |  100.00 |     0.99 |   1.00
0543 -     17.35 |   56.06 |     0.95 |   0.99
0544 -      0.00 |    0.00 |     0.11 |   0.12
0545 -     62.98 |  100.00 |     0.97 |   1.00
0546 -     92.80 |  100.00 |     0.97 |   1.00
0547 -     44.79 |  100.00 |     0.94 |   1.00
0548 -    100.00 |   74.56 |     1.00 |   0.97
0549 -      0.00 |    0.00 |     0.56 |   0.68
0550 -      0.00 |    0.00 |     0.88 |   0.90
0551 -     25.93 |  100.00 |     0.90 |   1.00
0552 -      0.00 |    0.00 |     0.84 |   0.87
0553 -     43.53 |  100.00 |     0.95 |   1.00
0554 -     56.11 |  100.00 |     0.99 |   1.00
0555 -     36.47 |   36.47 |     0.97 |   1.00
0556 -      0.00 |    0.00 |     0.88 |   0.85
0557 -     46.06 |   45.47 |     0.93 |   0.99
0558 -     98.52 |  100.00 |     0.99 |   1.00
0559 -     18.03 |   15.74 |     0.98 |   1.00
0560 -      0.00 |    0.00 |     0.68 |   0.68
0561 -      0.00 |    0.00 |     0.83 |   0.82
0562 -     14.78 |   14.44 |     0.82 |   0.90
0563 -     43.19 |  100.00 |     0.96 |   1.00
0564 -     39.16 |  100.00 |     0.97 |   1.00
0565 -     84.16 |  100.00 |     0.99 |   1.00
0566 -     54.15 |   62.37 |     0.90 |   0.90
0567 -     41.81 |  100.00 |     0.95 |   1.00
0568 -      0.00 |    0.00 |     0.75 |   0.78
0569 -     21.21 |  100.00 |     0.99 |   1.00
0570 -     44.28 |   44.28 |     0.94 |   0.96
0571 -     36.51 |   34.74 |     0.95 |   0.97
0572 -     28.56 |   30.34 |     0.87 |   0.91
0573 -      4.80 |   41.74 |     0.89 |   0.89
0574 -      0.00 |    0.00 |     0.52 |   0.60
0575 -      0.00 |    0.00 |     0.86 |   0.87
0576 -      0.00 |    0.00 |     0.93 |   0.95
0577 -     10.81 |   88.73 |     0.92 |   0.96
0578 -      0.00 |    0.00 |     0.96 |   0.95
0579 -     15.18 |    8.13 |     0.86 |   0.88
0580 -     90.32 |  100.00 |     0.92 |   1.00
0581 -      0.00 |    0.00 |     0.96 |   0.96
0582 -     31.04 |   98.97 |     0.85 |   0.88
0583 -     34.98 |   30.88 |     0.89 |   0.85
0584 -     12.40 |  100.00 |     0.98 |   1.00
0585 -      0.00 |    0.00 |     0.95 |   0.98
0586 -     53.53 |  100.00 |     0.98 |   1.00
0587 -     67.81 |   80.69 |     0.88 |   0.91
0588 -     21.87 |  100.00 |     0.98 |   1.00
0589 -      0.00 |   53.23 |     0.85 |   0.97
0590 -      7.55 |    7.12 |     0.86 |   0.89
0591 -      0.00 |    0.00 |     0.92 |   0.94
0592 -     90.20 |   96.42 |     0.98 |   0.99
0593 -     13.30 |  100.00 |     0.94 |   1.00
0594 -      0.00 |    0.00 |     0.97 |   0.98
0595 -      0.00 |    0.00 |     0.85 |   0.90
0596 -      0.00 |    0.00 |     0.77 |   0.83
0597 -      0.00 |    0.00 |     0.94 |   0.95
0598 -      7.44 |    7.44 |     0.75 |   0.80
0599 -     27.04 |   22.31 |     0.92 |   0.89
0600 -     79.48 |   41.32 |     0.93 |   0.96
0601 -      0.00 |    0.00 |     0.93 |   0.99
0602 -     76.44 |  100.00 |     0.99 |   1.00
0603 -     92.28 |  100.00 |     0.95 |   1.00
0604 -     89.39 |  100.00 |     0.95 |   0.96
0605 -     67.02 |   66.47 |     0.96 |   1.00
0606 -     76.88 |  100.00 |     0.98 |   1.00
0607 -     19.83 |    0.00 |     0.85 |   0.83
0608 -      4.63 |    4.88 |     0.94 |   0.96
0609 -     17.89 |   17.89 |     0.94 |   0.91
0610 -      0.00 |    0.00 |     0.90 |   0.96
0611 -      0.00 |    0.00 |     0.92 |   0.94
0612 -     54.13 |   64.83 |     0.94 |   0.95
0613 -     10.13 |    9.80 |     0.96 |   0.97
0614 -     46.41 |  100.00 |     0.97 |   1.00
0615 -     25.89 |   25.54 |     0.89 |   0.89
0616 -      0.00 |    0.00 |     0.86 |   0.90
0617 -     28.91 |   30.21 |     0.67 |   0.80
0618 -     76.10 |   86.33 |     0.97 |   0.98
0619 -     19.85 |  100.00 |     0.97 |   1.00
0620 -     84.45 |   94.66 |     0.93 |   0.99
0621 -      0.00 |    0.00 |     0.85 |   0.88
0622 -      0.00 |    0.00 |     0.93 |   0.95
0623 -      0.00 |    0.00 |     0.79 |   0.81
0624 -     75.65 |   70.78 |     0.97 |   0.96
0625 -     41.41 |   41.84 |     0.89 |   0.88
0626 -      0.00 |    0.00 |     0.89 |   0.93
0627 -     11.52 |  100.00 |     0.96 |   1.00
0628 -     35.65 |   95.53 |     0.96 |   0.99
0629 -     38.61 |   36.93 |     0.90 |   0.90
0630 -     22.93 |  100.00 |     0.94 |   1.00
0631 -     62.62 |   62.23 |     0.97 |   0.97
0632 -     32.12 |   81.26 |     0.90 |   0.92
0633 -     21.22 |  100.00 |     0.99 |   1.00
0634 -     50.55 |    0.00 |     0.97 |   0.99
0635 -     22.38 |   98.28 |     0.94 |   0.99
0636 -     21.17 |   19.33 |     0.98 |   0.98
0637 -     26.67 |   25.71 |     0.95 |   0.96
0638 -     15.38 |    0.00 |     0.59 |   0.60
0639 -     47.17 |  100.00 |     0.98 |   1.00
0640 -     78.28 |   97.84 |     0.91 |   1.00
0641 -     43.32 |  100.00 |     0.97 |   1.00
0642 -     37.14 |   39.32 |     0.81 |   0.83
0643 -     21.42 |   20.64 |     0.91 |   0.94
0644 -     35.47 |   40.59 |     0.90 |   0.91
0645 -      9.68 |  100.00 |     0.97 |   1.00
0646 -     33.98 |   94.90 |     0.96 |   0.97
0647 -      0.00 |    0.00 |     0.90 |   0.92
0648 -      0.00 |    0.00 |     0.94 |   0.96
0649 -     50.26 |    0.00 |     0.97 |   0.99
0650 -      0.00 |    0.00 |     0.45 |   0.53
0651 -     91.86 |  100.00 |     0.98 |   1.00
0652 -     87.36 |  100.00 |     0.97 |   1.00
0653 -      0.00 |  100.00 |     0.94 |   1.00
0654 -      0.00 |   99.82 |     0.97 |   0.98
0655 -     78.65 |  100.00 |     0.97 |   1.00
0656 -      0.00 |    0.00 |     0.92 |   0.94
0657 -      0.00 |    0.00 |     0.75 |   0.82
0658 -      0.00 |    0.00 |     0.87 |   0.93
0659 -      0.00 |    0.00 |     0.80 |   0.88
0660 -      0.00 |  100.00 |     0.90 |   1.00
0661 -     41.44 |   49.54 |     0.92 |   0.95
0662 -     21.11 |   37.87 |     0.95 |   0.97
0663 -      0.00 |    0.00 |     0.94 |   0.97
0664 -      0.00 |    0.00 |     0.73 |   0.74
0665 -      0.00 |  100.00 |     0.77 |   1.00
0666 -     72.36 |   80.41 |     0.92 |   0.95
0667 -      0.00 |   44.39 |     0.85 |   0.86
0668 -      0.00 |    0.00 |     0.93 |   0.99
0669 -     66.13 |   84.50 |     0.89 |   0.99
0670 -     75.74 |   84.17 |     0.95 |   0.98
0671 -     84.33 |  100.00 |     0.88 |   1.00
0672 -      0.00 |    0.00 |     0.81 |   0.90
0673 -     88.38 |   34.09 |     0.98 |   1.00
0674 -     18.71 |   68.84 |     0.83 |   0.90
0675 -      0.00 |    0.00 |     0.93 |   0.96
0676 -      0.00 |  100.00 |     0.96 |   1.00
0677 -     28.23 |   28.94 |     0.86 |   0.85
0678 -     65.38 |   99.80 |     0.96 |   0.97
0679 -     13.67 |   13.67 |     0.98 |   1.00
0680 -     33.35 |   68.00 |     0.95 |   0.96
0681 -      0.00 |    0.00 |     0.59 |   0.86
0682 -      0.00 |    0.00 |     0.86 |   0.85
0683 -      0.00 |    0.00 |     0.72 |   0.76
0684 -     30.65 |  100.00 |     0.96 |   1.00
0685 -      0.00 |    0.00 |     0.86 |   0.92
0686 -     32.05 |   33.05 |     0.93 |   0.99
0687 -      0.00 |  100.00 |     0.97 |   1.00
0688 -     76.91 |   80.81 |     0.94 |   0.99
0689 -     94.27 |  100.00 |     0.99 |   1.00
0690 -     19.16 |  100.00 |     0.99 |   1.00
0691 -     93.20 |  100.00 |     0.98 |   1.00
0692 -     19.37 |   97.58 |     0.97 |   0.97
0693 -     26.42 |   25.48 |     0.94 |   0.97
0694 -     94.25 |   98.94 |     0.96 |   0.97
0695 -     22.90 |   87.19 |     0.98 |   0.99
0696 -     46.88 |   95.20 |     0.99 |   1.00
0697 -      0.00 |    0.00 |     0.89 |   0.89
0698 -     33.16 |   61.66 |     0.90 |   0.90
0699 -      0.00 |    0.00 |     0.61 |   0.49
0700 -      8.77 |    8.87 |     0.97 |   0.99
0701 -     70.60 |  100.00 |     0.95 |   1.00
0702 -     75.80 |   60.64 |     0.93 |   0.96
0703 -      0.00 |    0.00 |     0.94 |   0.99
0704 -      0.00 |    0.00 |     0.87 |   0.89
0705 -      0.00 |    0.00 |     0.84 |   0.90
0706 -     10.56 |   24.89 |     0.94 |   0.98
0707 -     76.04 |   92.92 |     0.98 |   1.00
0708 -     23.61 |  100.00 |     0.89 |   1.00
0709 -     68.80 |  100.00 |     0.77 |   1.00
0710 -     27.29 |  100.00 |     1.00 |   1.00
0711 -     70.46 |  100.00 |     0.94 |   1.00
0712 -     19.26 |   19.39 |     0.97 |   0.99
0713 -     30.92 |   99.63 |     0.92 |   0.93
0714 -     14.94 |   60.54 |     0.97 |   1.00
0715 -      0.00 |   19.43 |     0.85 |   0.86
0716 -     71.44 |  100.00 |     0.93 |   1.00
0717 -     62.48 |  100.00 |     0.83 |   1.00
0718 -      0.00 |    0.00 |     0.67 |   0.68
0719 -     74.96 |   17.01 |     0.98 |   0.99
0720 -     15.29 |   14.92 |     0.82 |   0.83
0721 -     85.94 |   94.32 |     0.96 |   0.99
0722 -      0.00 |    0.00 |     0.93 |   0.96
0723 -     54.50 |  100.00 |     0.96 |   1.00
0724 -      0.00 |    0.00 |     0.87 |   0.85
0725 -     49.84 |  100.00 |     0.98 |   1.00
0726 -      0.00 |    0.00 |     0.98 |   0.98
0727 -     33.90 |   81.80 |     0.97 |   0.99
0728 -      0.00 |    0.00 |     0.94 |   0.96
0729 -     16.06 |   15.91 |     0.86 |   0.89
0730 -     16.90 |   52.21 |     0.90 |   0.92
0731 -     16.18 |  100.00 |     0.95 |   1.00
0732 -      0.00 |    0.00 |     0.88 |   0.87
0733 -      5.60 |    0.00 |     0.92 |   0.93
0734 -     46.78 |   90.48 |     0.96 |   0.98
0735 -      0.00 |    0.00 |     0.58 |   0.68
0736 -     55.62 |   79.77 |     0.99 |   1.00
0737 -      0.00 |   10.85 |     0.91 |   0.93
0738 -     83.74 |  100.00 |     0.93 |   1.00
0739 -     87.78 |   94.54 |     0.93 |   0.97
0740 -      0.00 |    0.00 |     0.96 |   0.97
0741 -     87.46 |  100.00 |     0.90 |   1.00
0742 -     26.40 |   26.40 |     0.98 |   0.99
0743 -     17.03 |   16.75 |     0.98 |   0.98
0744 -     21.67 |   20.58 |     0.86 |   0.88
0745 -      0.00 |    0.00 |     0.93 |   0.93
0746 -      0.00 |    0.00 |     0.84 |   0.86
0747 -     50.17 |   97.28 |     0.94 |   0.99
0748 -     85.93 |   90.98 |     0.94 |   0.96
0749 -      5.49 |    5.52 |     0.94 |   0.93
0750 -      0.00 |    0.00 |     0.94 |   0.95
0751 -     33.20 |   92.80 |     0.89 |   0.98
0752 -     51.02 |  100.00 |     0.99 |   1.00
0753 -      0.00 |    0.00 |     0.84 |   0.91
0754 -     66.55 |  100.00 |     0.97 |   1.00
0755 -      0.00 |    0.00 |     0.66 |   0.66
0756 -     71.64 |  100.00 |     0.98 |   1.00
0757 -     43.17 |   20.71 |     0.98 |   1.00
0758 -    100.00 |   78.17 |     1.00 |   0.90
0759 -     17.79 |   16.52 |     0.90 |   0.91
0760 -     88.33 |   95.32 |     0.92 |   0.99
0761 -     75.07 |  100.00 |     0.94 |   1.00
0762 -      0.00 |    0.00 |     0.89 |   0.95
0763 -     54.96 |   96.87 |     0.96 |   0.99
0764 -     95.80 |  100.00 |     0.99 |   1.00
0765 -     71.12 |  100.00 |     0.87 |   1.00
0766 -      0.00 |    0.00 |     0.83 |   0.86
0767 -      0.00 |    0.00 |     0.95 |   0.97
0768 -     30.87 |   29.72 |     0.62 |   0.80
0769 -     23.24 |   93.03 |     0.90 |   0.99
0770 -      0.00 |    0.00 |     0.96 |   0.97
0771 -     42.41 |   58.80 |     0.84 |   0.83
0772 -      0.00 |  100.00 |     0.97 |   1.00
0773 -     43.12 |    8.32 |     0.96 |   0.97
0774 -     20.32 |  100.00 |     0.96 |   1.00
0775 -     23.07 |   60.53 |     0.94 |   0.97
0776 -      0.00 |  100.00 |     0.78 |   1.00
0777 -      0.00 |    0.00 |     0.77 |   0.95
0778 -     35.58 |   35.58 |     0.96 |   0.97
0779 -      9.99 |   48.95 |     0.95 |   0.96
0780 -     36.01 |   81.53 |     0.97 |   1.00
0781 -     52.16 |   65.04 |     0.91 |   0.98
0782 -      0.00 |  100.00 |     0.90 |   1.00
0783 -      0.00 |    0.00 |     0.82 |   0.82
0784 -      0.00 |    0.00 |     0.93 |   0.94
0785 -     76.27 |  100.00 |     0.98 |   1.00
0786 -     30.12 |   31.25 |     0.94 |   0.97
0787 -      5.28 |    5.28 |     0.61 |   0.64
0788 -      0.00 |    0.00 |     0.99 |   1.00
0789 -      0.00 |    0.00 |     0.90 |   0.96
0790 -     13.00 |   13.00 |     0.96 |   0.99
0791 -     12.00 |   52.62 |     0.98 |   0.99
0792 -     56.63 |   56.43 |     0.90 |   0.80
0793 -      5.78 |    6.02 |     0.92 |   0.93
0794 -     41.42 |   38.55 |     0.96 |   1.00
0795 -     94.31 |  100.00 |     0.97 |   1.00
0796 -     34.41 |   33.82 |     0.80 |   0.90
0797 -     54.44 |   54.56 |     0.86 |   0.89
0798 -     21.79 |   94.38 |     0.97 |   0.99
0799 -      0.00 |    0.00 |     0.91 |   0.94
0800 -      0.00 |    0.00 |     0.59 |   0.61
0801 -      0.00 |    0.00 |     0.98 |   0.99
0802 -     28.63 |  100.00 |     0.98 |   1.00
0803 -     29.82 |  100.00 |     0.98 |   1.00
0804 -     49.14 |   20.02 |     0.96 |   1.00
0805 -      0.00 |    0.00 |     0.88 |   0.89
0806 -    100.00 |   90.22 |     1.00 |   0.96
0807 -     38.65 |   31.73 |     0.91 |   0.89
0808 -      8.88 |   24.03 |     0.78 |   0.79
0809 -      6.50 |    6.40 |     0.94 |   1.00
0810 -     90.64 |  100.00 |     0.99 |   1.00
0811 -     95.03 |  100.00 |     0.97 |   1.00
0812 -      0.00 |    0.00 |     0.96 |   1.00
0813 -      0.00 |    0.00 |     0.92 |   0.92
0814 -     76.73 |  100.00 |     0.94 |   1.00
0815 -     29.05 |  100.00 |     0.92 |   1.00
0816 -      0.00 |    0.00 |     0.91 |   0.95
0817 -     18.46 |  100.00 |     0.97 |   1.00
0818 -      0.00 |    0.00 |     0.97 |   0.96
0819 -     28.28 |   98.47 |     0.95 |   0.99
0820 -     33.42 |   37.99 |     0.94 |   0.99
0821 -     32.49 |  100.00 |     0.96 |   1.00
0822 -     95.16 |   94.86 |     0.98 |   0.99
0823 -     44.86 |   96.67 |     0.98 |   0.99
0824 -      0.00 |    0.00 |     0.92 |   0.93
0825 -     70.79 |   49.08 |     0.98 |   1.00
0826 -      0.00 |   33.25 |     0.81 |   1.00
0827 -      0.00 |    0.00 |     0.94 |   0.95
0828 -     24.97 |   44.77 |     0.88 |   0.92
0829 -     24.78 |  100.00 |     0.98 |   1.00
0830 -     31.35 |   25.55 |     0.97 |   0.98
0831 -      0.00 |    0.00 |     0.82 |   0.96
0832 -     53.40 |  100.00 |     0.96 |   1.00
==============================================
